0,0,0,1,2,3,4,5,6,7,8,9,10,11,12,13,14,15,16,17,18,19,20,21,22,23,24,25,26,27,28,29,30,31,32,33,34,35,36,37,38,39,40,41,42,43,44,45,46,47,48,49,50,51,52,53,54,55,56,57,58,59,60,61,62,63,64,65,66,67,68,69,70,71,72,73,74,75,76,77,78,79,80,81,82,83,84,85,86,87,88,89,90,91,92,93,94,95,96,97,98,99
-1.7197807955293232,-2.56195569494648,4.28614610550691,7.846923098886163,2.275045117849035,-0.42934326002498086,1.3085888583909322,4.359972881742726,4.010866510635443,4.508761990508206,2.3014973508909335,1.3736512066420834,9.778226564296062,2.472993556779472,2.8549975656608417,0.14086828800670115,4.837575555753067,0.7214439353221562,3.6133395980363243,5.080371818661165,6.0636871167398985,3.547333588156321,1.482309816959747,1.9275676307084642,2.0494946083081143,1.56078165087994,0.10374521326965214,2.6508889748324975,8.410834211801488,1.539524147054449,1.3671200192920046,1.1793450933401861,6.115652244754054,3.808854058502848,0.8606359909434669,-3.8571251962509843,6.909951385189397,0.4395593931424424,2.4851030652971264,3.0096333866730047,6.613630832405929,2.1087113398483517,3.6922581860723174,5.057780878098866,5.402090066377771,3.1872336677892275,3.5257743466366076,3.9277996190418136,0.764690089323562,5.398242250928712,3.3720440787675594,4.286817456914952,4.282519757701511,0.7809580365039224,-0.6284113042809033,4.139311572437426,10.546164537546638,3.364238442896043,1.8687699245222589,6.865183836924746,5.523142232282679,2.070213309534817,4.409430443974375,-0.1483309983795864,2.39751141558191,7.80944574265999,3.0527734649172524,5.494215162124949,-0.6272147847296139,4.083949865593506,3.0249754736075545,1.130024609381298,7.439217709924326,3.667518742041765,1.5930639290688233,2.990460132358245,3.8328711527780897,2.214066107799053,1.7985923991466242,5.99366126020786,5.0418551630396555,2.0276965264327904,2.261005109188038,5.480401361954986,6.891715270705806,3.275092964223023,5.081546846902414,2.534648097602499,4.5555176517779605,-3.059234686147132,-0.744846937699204,1.3576291194054015,4.151256652371873,7.307534732358492,6.890296462636792,7.242449096333846,5.812373702307542,3.254126742784919,3.994917524137299,8.838640339986195,3.9546925750630573,3.0627950895202343
-1.7154185686514987,-2.79946854228928,4.209579137900806,7.7592473149292,2.2016910181119105,-0.48986283362636246,1.237727217309071,4.283694884529771,3.935138625356738,4.431989946452668,2.233373925507225,1.3071532451519763,9.68693108430526,2.3998393732799483,2.7829715293453177,0.07381250716745624,4.762426745207135,0.6556846756289791,3.5396141948446216,5.0017046530756755,5.981499177210995,3.4724125108875903,1.4162251796468053,1.856580516162455,1.9787015617420198,1.4900179666934654,0.03773696715157249,2.5809722028738156,8.324513873029623,1.470948911676087,1.301097822088185,1.1094433099858765,6.031291956610303,3.733000834072823,0.7927567114009442,-3.914359288395506,6.826383199256305,0.3773095556637974,2.4178989331475513,2.9354756510082947,6.529775757383833,2.0395425549894908,3.6165978235135157,4.978243878690368,5.319733105309054,3.1173275318236104,3.454372253618793,3.854114553972372,0.6977879898516348,5.318234531831868,3.29798247836466,4.213646345706719,4.2070497133846025,0.7149944271613071,-0.6925729378864937,4.064878290074516,10.451308121704681,3.2908158842842923,1.7995792998245757,6.7809973248095625,5.443367650785001,2.00060960688797,4.334616536520399,-0.2118455801812389,2.3252598804374323,7.7254605537030985,2.9801258819387613,5.415659575798124,-0.691782828503759,4.00680326990558,2.952642712282933,1.0625908604676926,7.354730453556265,3.59250900085844,1.5252739649685731,2.919892929247794,3.7555345412029624,2.144498993450414,1.7296041919857912,5.912474600449115,4.967109010218689,1.9584524896441258,2.191083988364512,5.399888302911215,6.809432842055915,3.2039752906002326,5.00265847652609,2.461451853325217,4.4791029208798205,-3.113493164087239,-0.8063752426561017,1.2901907666483945,4.07532374835718,7.222790109641923,6.804501000330128,7.157195260100316,5.731527452343148,3.1808692573298343,3.9178436022640124,8.748916373256598,3.8780389408571763,2.9905390980263347
-1.7110563417736737,10.8841260578104,4.133012170294689,7.671571530972202,2.1283369183747354,-0.5503824072278315,1.1668655762272346,4.207416887316766,3.859410740078107,4.355217902397129,2.165250500123503,1.2406552836618443,9.595635604314392,2.326685189780436,2.710945493029781,0.006756726328161378,4.687277934661253,0.5899254159358267,3.4658887916529064,4.923037487490199,5.899311237682053,3.397491433618871,1.3501405423339512,1.7855934016165078,1.907908515175851,1.419254282506916,-0.028271278966582103,2.5110554309152198,8.238193534257709,1.4023736762977626,1.2350756248843653,1.039541526631529,5.946931668466566,3.6571476096427977,0.724877431858459,-3.97159338053999,6.742815013323188,0.3150597181852025,2.350694800997964,2.8613179153435855,6.445920682361773,1.9703737701306292,3.540937460954776,4.898706879281884,5.237376144240313,3.047421395857893,3.382970160600978,3.780429488902893,0.6308858903797077,5.238226812735123,3.2239208779616852,4.140475234498474,4.131579669067731,0.6490308178187418,-0.756734571492109,3.990445007711619,10.356451705862726,3.2173933256725418,1.7303886751268929,6.696810812694442,5.363593069287322,1.9310059042410985,4.259802629066462,-0.27536016198287894,2.2530083452929928,7.641475364746195,2.9074782989602834,5.3371039894713235,-0.7563508722779168,3.929656674217643,2.880309950958349,0.9951571115540747,7.270243197188143,3.5174992596750787,1.4574840008683478,2.84932572613733,3.678197929627749,2.0749318791017997,1.6606159848249085,5.831287940690333,4.89236285739771,1.8892084528554614,2.121162867541022,5.319375243867381,6.727150413405986,3.132857616977442,4.923770106149829,2.3882556090479596,4.402688189981593,-3.16775164202732,-0.8679035476129995,1.2227524138914496,3.999390844342474,7.138045486925228,6.718705538023438,7.071941423866773,5.650681202378754,3.1076117718747245,3.8407696803907143,8.65919240652694,3.801385306651394,2.9182831065324093
-1.7066941148958492,-2.60967296104823,4.056445202688548,7.583895747015252,2.0549828186375727,-0.6109019808292381,1.0960039351454107,4.131138890103824,3.7836828547994257,4.27844585834164,2.097127074739819,1.1741573221716997,9.504340124323612,2.2535310062808502,2.6389194567142944,-0.06029905451107109,4.612129124115283,0.5241661562425997,3.3921633884612277,4.8443703219047345,5.817123298153099,3.3225703563501527,1.2840559050211346,1.7146062870704861,1.837115468609707,1.3484905983204292,-0.0942795250847242,2.4411386589566124,8.151873195485768,1.3337984409193755,1.1690534276805207,0.969639743277207,5.862571380322866,3.581294385212786,0.6569981523159989,-4.028827472684462,6.659246827390133,0.2528098807064951,2.2834906688483887,2.7871601796788887,6.362065607339715,1.9012049852717678,3.4652770983959993,4.819169879873362,5.155019183171584,2.9775152598922006,3.311568067583126,3.706744423833465,0.5639837909078427,5.158219093638353,3.1498592775587237,4.06730412329023,4.056109624750847,0.583067208476139,-0.8208962050976993,3.9160117253486844,10.261595290020745,3.143970767060816,1.6611980504292096,6.612624300579358,5.2838184877896435,1.8614022015942637,4.184988721612461,-0.33887474378450644,2.1807568101485275,7.557490175789291,2.834830715981793,5.258548403144498,-0.8209189160520745,3.8525100785296935,2.8079771896338643,0.9277233626404569,7.185755940820045,3.442489518491767,1.3896940367680723,2.7787585230269043,3.6008613180526226,2.005364764753174,1.5916277776640502,5.7501012809316006,4.817616704576667,1.8199644160667845,2.051241746717558,5.238862184823611,6.644867984756056,3.0617399433545893,4.84488173577353,2.3150593647707396,4.326273459083415,-3.222010119967477,-0.9294318525698972,1.15531406113443,3.9234579403277436,7.053300864208647,6.6329100757168,6.9866875876332175,5.569834952414386,3.0343542864196147,3.7636957585174278,8.569468439797328,3.7247316724456,2.8460271150385097
-1.7023318880180245,9.82729080412926,3.9798782350824684,7.496219963058254,1.9816287189004476,-0.6714215544306821,1.025142294063587,4.054860892890883,3.707954969520795,4.201673814286064,2.0290036493561594,1.1076593606815677,9.413044644332746,2.180376822781338,2.566893420398758,-0.12735483535035347,4.536980313569351,0.45840689654942235,3.31843798526955,4.765703156319283,5.734935358624145,3.2476492790814335,1.2179712677082555,1.6436191725245017,1.7663224220435383,1.2777269141339047,-0.16028777120281634,2.3712218869979678,8.065552856713854,1.2652232055410508,1.1030312304766887,0.8997379599228597,5.778211092179127,3.5054411607827483,0.5891188727734513,-4.086061564828921,6.575678641456979,0.19056004322783782,2.2162865366988633,2.713002444014154,6.2782105323176065,1.8320362004129065,3.3896167358372598,4.73963288046484,5.072662222102905,2.9076091239265214,3.2401659745653113,3.6330593587639735,0.49708169143586556,5.078211374541496,3.0757976771558244,3.994133012082009,3.980639580433963,0.5171035991335613,-0.8850578387033021,3.8415784429857496,10.16673887417879,3.0705482084490523,1.5920074257315016,6.528437788464174,5.204043906291902,1.7917984989473796,4.110174814158473,-0.40238932558612145,2.1085052750040747,7.473504986832412,2.7621831330033153,5.179992816817685,-0.8854869598262196,3.775363482841744,2.73564442830933,0.860289613726789,7.101268684451973,3.367479777308443,1.3219040726678595,2.708191319916491,3.523524706477433,1.9357976504044847,1.5226395705031301,5.668914621172818,4.7428705517557255,1.7507203792781574,1.9813206258940566,5.158349125779815,6.5625855561060895,2.990622269731775,4.765993365397193,2.241863120493508,4.249858728185238,-3.276268597907584,-0.990960157526795,1.0878757083775477,3.847525036313063,6.968556241492014,6.547114613410148,6.9014337513996615,5.4889887024499915,2.961096800964529,3.6866218366440666,8.479744473067694,3.6480780382397553,2.7737711235446216
-1.6979696611402,-1.60418281976689,3.9033112674763393,7.408544179101305,1.908274619163285,-0.7319411280320762,0.9542806529817756,3.9785828956779152,3.6322270842421016,4.124901770230625,1.9608802239725132,1.0411613991914732,9.321749164341954,2.1072226392817894,2.4948673840833084,-0.1944106161896234,4.461831503023482,0.39264763685627013,3.244712582077872,4.6870359907338806,5.652747419095204,3.1727282018127267,1.151886630395389,1.5726320579785178,1.695529375477432,1.2069632299474302,-0.22629601732095844,2.301305115039348,7.979232517941939,1.1966479701627264,1.037009033272819,0.8298361765685249,5.6938508040354145,3.4295879363526733,0.5212395932309661,-4.143295656973444,6.4921104555239,0.1283102057492178,2.149082404549251,2.6388447083494198,6.194355457295535,1.76286741555407,3.3139563732784953,4.66009588105633,4.990305261034151,2.8377029879608537,3.1687638815475223,3.5593742936945567,0.4301795919640008,4.998203655444777,3.001736076752863,3.9209619008737393,3.9051695361171417,0.4511399897909836,-0.9492194723088674,3.7671451606228272,10.071882458336834,2.9971256498373267,1.5228168010337308,6.444251276349066,5.124269324794248,1.72219479630052,4.035360906704522,-0.4659039073877864,2.036253739859622,7.3895197978755585,2.6895355500248126,5.101437230490834,-0.9500550036003397,3.6982168871538184,2.663311666984746,0.7928558648131838,7.016781428083887,3.2924700361250805,1.2541141085675966,2.6376241168060393,3.446188094902295,1.8662305360558207,1.453651363342322,5.587727961414024,4.668124398934734,1.6814763424894428,1.9113995050705797,5.077836066736057,6.480303127456198,2.9195045961089594,4.68710499502092,2.168666876216238,4.173443997287011,-3.3305270758477024,-1.052488462483693,1.020437355620553,3.771592132298345,6.883811618775421,6.461319151103483,6.816179915166093,5.408142452485598,2.8878393155094315,3.6095479147708307,8.390020506338047,3.5714244040339738,2.701515132050747
-1.693607434262375,-1.01475887534717,3.8267442998702226,7.320868395144319,1.8349205194261475,-0.7924607016335452,0.8834190118999767,3.9023048984649487,3.5564991989634214,4.048129726175011,1.8927567985887788,0.9746634377013037,9.230453684351136,2.03406845578224,2.422841347767747,-0.26146639702894325,4.386682692477525,0.32688837716306784,3.170987178886131,4.608368825148366,5.570559479566237,3.0978071245440333,1.0858019930825222,1.5016449434324584,1.6247363289112509,1.1361995457608807,-0.292304263439088,2.231388343080665,7.892912179170012,1.1280727347843518,0.9709868360689495,0.7599343932141653,5.609490515891714,3.353734711922673,0.45336031368848095,-4.200529749117891,6.408542269590795,0.06606036827057293,2.0818782723997007,2.5646869726847346,6.110500382273476,1.6936986306951838,3.2382960107197425,4.580558881647809,4.907948299965434,2.767796851995187,3.0973617885296827,3.485689228625116,0.36327749249211105,4.918195936347932,2.9276744763498765,3.8477907896654937,3.8296994918001577,0.38517638044840585,-1.0133811059144577,3.692711878259905,9.97702604249484,2.9237030912255637,1.4536261763360605,6.360064764233908,5.0444947432965455,1.6525910936536856,3.9605469992505338,-0.5294184891893765,1.9640022047151569,7.305534608918567,2.616887967046347,5.022881644163997,-1.0146230473745224,3.6210702914658937,2.5909789056601866,0.725422115899566,6.932294171715765,3.2174602949417688,1.1863241444673962,2.567056913695601,3.368851483327143,1.796663421707157,1.384663156181414,5.506541301655242,4.593378246113767,1.612232305700816,1.8414783842470281,4.997323007692248,6.398020698806281,2.847654874245042,4.60821662464462,2.0954706319389684,4.097029266388871,-3.384785553787797,-1.1140167674406407,0.9529990028636333,3.6956592282836143,6.799066996058789,6.3755236887968065,6.730926078932512,5.32729620252123,2.814581830054384,3.532473992897482,8.300296539608373,3.494770769828154,2.6292591405567967
-1.6892452073845505,-1.87154268527651,3.750177332264169,7.233192611187345,1.7615664196890222,-0.8529802752349892,0.812557370818153,3.826026901251981,3.480771313684765,3.97135768211946,1.824633373205095,0.9081654762111591,9.139158204360333,1.960914272282716,2.350815311452161,-0.32852217786826315,4.31153388193158,0.26112911746989065,3.097261775694478,4.529701659562902,5.488371540037333,3.02288604727534,1.0197173557696806,1.4306578288865117,1.5539432823450945,1.0654358615743187,-0.3583125095571926,2.1614715711220702,7.806591840398123,1.0594974994060398,0.9049646388651549,0.6900326098597931,5.525130227748002,3.2778814874926487,0.38548103414595836,-4.2577638412623875,6.3249740836576525,0.0038105307919530373,2.014674140250113,2.4905292370200005,6.026645307251367,1.6245298458362971,3.162635648161003,4.5010218822393115,4.825591338896718,2.697890716029482,3.025959695511893,3.4120041635556744,0.2963753930201338,4.838188217251175,2.8536128759469275,3.7746196784572863,3.754229447483387,0.3192127711058156,-1.0775427395200605,3.61827859589702,9.882169626652935,2.850280532613838,1.3844355516383648,6.275878252118736,4.964720161798879,1.5829873910068135,3.885733091796621,-0.592933070991054,1.891750669570779,7.2215494199617005,2.544240384067832,4.944326057837234,-1.0791910911486426,3.543923695777944,2.5186461443356523,0.6579883669859854,6.847806915347717,3.1424505537584198,1.118534180367121,2.4964897105851875,3.291514871752004,1.7270963073585557,1.3156749490205186,5.425354641896534,4.518632093292788,1.5429882689121766,1.7715572634235512,4.916809948648403,6.315738270156377,2.7745080718063786,4.5293282542683215,2.022274387661686,4.020614535490643,-3.439044031727928,-1.1755450723975134,0.8855606501066136,3.6197263242689592,6.714322373342195,6.289728226490167,6.64567224269897,5.246449952556823,2.7413243445992492,3.455400071024158,8.210572572878764,3.4181171356223228,2.557003149062872
-1.6848829805067258,-1.73814361956696,3.6736103646580025,7.145516827230409,1.6882123199518346,-0.9134998488363708,0.7416957297362916,3.7497489040389516,3.4050434284060973,3.8945856380639468,1.756509947821386,0.8416675147210895,9.047862724369516,1.887760088783167,2.278789275136674,-0.39557795870752055,4.2363850713856355,0.1953698577767009,3.023536372502824,4.451034493977462,5.406183600508392,2.9479649700066206,0.9536327184568016,1.3596707143405025,1.483150235778963,0.9946721773878442,-0.4243207556753348,2.0915547991634753,7.720271501626132,0.9909222640277027,0.8389424416613103,0.620130826505471,5.440769939604238,3.202028263062636,0.31760175460349815,-4.314997933406884,6.241405897724573,-0.058439306686716874,1.9474700081005756,2.416371501355253,5.942790232229333,1.5553610609774735,3.086975285602164,4.421484882830752,4.743234377828026,2.6279845800638153,2.9545576024940408,3.3383190984862336,0.22947329354823165,4.758180498154406,2.7795512755440157,3.7014485672490407,3.67875940316649,0.25324916176317547,-1.1417043731256635,3.54384531353406,9.787313210810904,2.7768579740020742,1.3152449269406568,6.19169174000364,4.8849455803012,1.5133836883599792,3.810919184342608,-0.6564476527926939,1.819499134426289,7.137564231004809,2.471592801089404,4.865770471510383,-1.1437591349228502,3.466777100090007,2.4463133830110797,0.5905546180723551,6.763319658979619,3.067440812575108,1.050744216266883,2.4259225074746613,3.214178260176828,1.6575291930098668,1.2466867418596483,5.34416798213774,4.443885940471834,1.4737442321234495,1.7016361426000748,4.836296889604645,6.233455841506423,2.701361269367715,4.45043988389201,1.9490781433844913,3.9441998045924533,-3.4933025096680472,-1.2370733773543987,0.8181222973496938,3.543793420254241,6.629577750625537,6.203932764183441,6.560418406465401,5.165603702592405,2.668066859144214,3.3783261491508716,8.120848606149105,3.341463501416504,2.484747157569009
-1.6805207536289013,7.03835991440491,3.5970433970519355,7.057841043273373,1.6148582202146724,-0.9740194224377898,0.6708340886544804,3.673470906826047,3.3293155431274535,3.817813594008433,1.688386522437664,0.7751695532309324,8.9565672443787,1.8146059052836552,2.2067632388211997,-0.462633739546778,4.161236260839741,0.1296105980835487,2.949810969311134,4.372367328391974,5.323995660979388,2.8730438927379147,0.8875480811439473,1.2886835997945432,1.412357189212819,0.9239084932013448,-0.4903290017935018,2.0216380272048173,7.633951162854292,0.9223470286493407,0.7729202444574781,0.5502290431511736,5.356409651460513,3.1261750386325735,0.24972247506101297,-4.372232025551331,6.157837711791457,-0.12068914416533677,1.880265875950988,2.342213765690569,5.858935157207212,1.4861922761185868,3.0113149230434244,4.341947883422267,4.660877416759285,2.5580784440981725,2.8831555094762384,3.2646340334167423,0.16257119407631682,4.678172779057611,2.7054896751410293,3.6282774560408084,3.6032893588496187,0.1872855524206477,-1.2058660067312412,3.469412031171175,9.692456794968948,2.7034354153903486,1.2460543022429487,6.107505227888519,4.805170998803546,1.443779985713107,3.73610527688862,-0.719962234594309,1.7472475992818362,7.053579042047906,2.398945218110864,4.787214885183633,-1.208327178696983,3.3896305044020947,2.373980621686571,0.5231208691587248,6.678832402611522,2.9924310713917706,0.9829542521667076,2.3553553043643234,3.1368416486016635,1.5879620786612276,1.1776985346987903,5.262981322378957,4.369139787650841,1.40450019533481,1.6317150217765606,4.755783830560862,6.151173412856519,2.628214466929065,4.371551513515748,1.875881899107234,3.867785073694326,-3.5475609876081284,-1.298601682311334,0.7506839445926867,3.4678605162394858,6.544833127908944,6.118137301876839,6.475164570231833,5.084757452628049,2.594809373689116,3.301252227277561,8.031124639419431,3.2648098672106594,2.412491166075072
-1.6761585267510763,-2.59793626801909,3.520476429445769,6.970165259316412,1.5415041204775595,-1.0345389960392088,0.5999724475726691,3.597192909613068,3.253587657848736,3.7410415499528815,1.6202630970539549,0.708671591740788,8.865271764387883,1.7414517217840937,2.134737202505626,-0.5296895203860604,4.086087450293771,0.06385133839038393,2.8760855661194187,4.293700162806559,5.241807721450397,2.798122815469158,0.8214634438310684,1.2176964852484964,1.3415641426466502,0.8531448090148452,-0.5563372479116564,1.9517212552461725,7.547630824082353,0.8537717932709912,0.7068980472536461,0.4803272597967889,5.272049363316787,3.0503218142025235,0.1818431955185278,-4.42946611769584,6.074269525858339,-0.18293898164400668,1.8130617438014627,2.268056030025784,5.775080082185091,1.4170234912597255,2.9356545604846467,4.262410884013746,4.578520455690568,2.4881723081324685,2.8117534164584113,3.1909489683473007,0.09566909460437711,4.5981650599608415,2.631428074738067,3.5551063448325886,3.527819314532735,0.12132194307804489,-1.2700276403368815,3.3949787488082155,9.59760037912698,2.6300128567785857,1.176863677545203,6.023318715773335,4.725396417305817,1.3741762830662476,3.661291369434669,-0.7834768163959489,1.6749960641373962,6.969593853091002,2.326297635132436,4.70865929885677,-1.2728952224711532,3.312483908714132,2.301647860361949,0.45568712024510694,6.594345146243412,2.9174213302084464,0.9151642880664199,2.284788101253847,3.05950503702645,1.518394964312589,1.108710327537895,5.181794662620175,4.294393634829899,1.335256158546158,1.5617939009530588,4.675270771517103,6.068890984206627,2.555067664490414,4.29266314313945,1.8026856548299015,3.7913703427960863,-3.6018194655482603,-1.3601299872682069,0.683245591835667,3.3919276122248174,6.460088505192324,6.0323418395701625,6.389910733998264,5.003911202663668,2.521551888233981,3.224178305404237,7.941400672689858,3.1881562330048396,2.3402351745811965
-1.6717962998732518,9.40713896643369,3.4439094618397146,6.88248947535945,1.468150020740397,-1.0950585696406656,0.5291108064908077,3.5209149124001007,3.17785977257003,3.6642695058973054,1.5521396716703457,0.6421736302506684,8.773976284397028,1.668297538284482,2.062711166190077,-0.5967453012253678,4.010938639747788,-0.001907921302855775,2.80236016292774,4.215032997221095,5.159619781921442,2.723201738200439,0.7553788065181892,1.1473334049017867,1.2707710960805065,0.7823811248283083,-0.6223454940297111,1.8818044832875527,7.461310485310439,0.7851965578926292,0.640875850049814,0.41042547644246674,5.18768907517305,2.974468589772523,0.11396391597600519,-4.486700209840312,5.990701339925285,-0.24518881912268903,1.7458576116518374,2.193898294361162,5.69122500716302,1.347854706400914,2.85999419792587,4.182873884605261,4.496163494621839,2.418266172166776,2.7403513234406214,3.1172639032778973,0.028766995132474937,4.518157340864034,2.557366474335156,3.4819352336243057,3.4523492702157883,0.05535833373546717,-1.3341892739424843,3.3205454664453304,9.502743963285036,2.5565902981668227,1.107673052847495,5.93913220365819,4.6456218358081145,1.3045725804194006,3.586477461980719,-0.846991398197589,1.6027445289929185,6.885608664134086,2.253650052153983,4.6301037125299445,-1.3374632662452983,3.2353373130262195,2.2293150990374144,0.38825337133151405,6.509857889875314,2.8424115890250725,0.8473743239661444,2.2142208981434086,2.982168425451361,1.4488278499639624,1.039722120376987,5.10060800286138,4.2196474820089325,1.2660121217574685,1.4918727801295446,4.594757712473283,5.986608555556661,2.4819208620517763,4.213774772763176,1.729489410552682,3.7149556118979215,-3.6560779434883415,-1.4216582922251044,0.6158072390787097,3.3159947082100993,6.375343882475717,5.946546377263511,6.304656897764722,4.9230649526992485,2.4482944027789086,3.147104383530926,7.851676705960199,3.1115025987990332,2.267979183087334
-1.6674340729954271,9.65894916672373,3.367342494233598,6.794813691402489,1.3947959210032845,-1.1555781432420846,0.45824916540900884,3.4446369151871217,3.1021318872913737,3.587497461841779,1.4840162462865865,0.5756756687605364,8.682680804406262,1.5951433547849831,1.9906851298746149,-0.6638010820646127,3.9357898292018945,-0.06766718099595809,2.728634759736062,4.13636583163563,5.077431842392514,2.6482806609317455,0.6892941692053227,1.0786105627964875,1.1999780495143875,0.7116174406418088,-0.6883537401478781,1.8118877113289702,7.374990146538525,0.7166213225143296,0.5748536528459693,0.3405236930880946,5.103328787029362,2.898615365342498,0.04608463643347005,-4.543934301984835,5.907133153992167,-0.30743865660129643,1.6786534795023,2.1197405586964404,5.607369932140974,1.2786859215420276,2.7843338353671427,4.103336885196726,4.413806533553098,2.348360036201134,2.668949230422757,3.0435788382084557,-0.03813510433943984,4.438149621767253,2.483304873932232,3.408764122416086,3.3768792258989544,-0.010605275607085574,-1.3983509075480496,3.246112184082371,9.407887547443043,2.483167739555096,1.038482428149812,5.854945691543043,4.565847254310436,1.2349688777725536,3.5116635545267805,-0.9105059799992539,1.5304929938484662,6.801623475177181,2.181002469175443,4.551548126203157,-1.4020313100194683,3.15819071733827,2.15698233771288,0.3208196224178962,6.425370633507229,2.767401847841798,0.7795843598659316,2.1436536950329694,2.9048318138761466,1.3792607356152984,0.9707339132161166,5.019421343102623,4.144901329187966,1.1967680849687914,1.421951659306018,4.514244653429475,5.904326126906794,2.408774059613088,4.134886402386864,1.6562931662754623,3.6385408809997193,-3.7103364214284733,-1.4831865971820273,0.5483688863217524,3.240061804195431,6.290599259759073,5.860750914956797,6.219403061531153,4.8422187027348675,2.375036917323836,3.0700304616576517,7.761952739230588,3.034848964593201,2.195723191593384
-1.6630718461176026,-4.9582236039668,3.2907755266274688,6.707137907445491,1.3214418212661718,-1.2160977168435037,0.38738752432716006,3.3683589179741666,3.026404002012706,3.5107254177862526,1.4158928209029025,0.5091777072703794,8.591385324415382,1.521989171285434,1.9186590935590784,-0.7308568629039202,3.860641018655924,-0.13342644068919773,2.654909356544346,4.05769866605019,4.995243902863522,2.5733595836630387,0.6232095318924435,1.0098877206912258,1.1291850029482062,0.6408537564552843,-0.7543619862659579,1.7419709393703127,7.288669807766585,0.6480460871359301,0.5088314556421247,0.2706219097337723,5.018968498885611,2.822762140912423,-0.02179464310901502,-4.601168394129269,5.823564968059063,-0.3696884940799289,1.6114493473527498,2.045582823031693,5.523514857118877,1.2095171366831539,2.708673472808341,4.023799885788179,4.331449572484444,2.278453900235454,2.5975471374049546,2.9698937731390016,-0.10503720381131709,4.358141902670458,2.4092432735292197,3.3355930112078536,3.3014091815821205,-0.07656888494972575,-1.4625125411536026,3.171678901719498,9.31303113160105,2.4097451809433457,0.9692918034520914,5.770759179427897,4.4860726728127815,1.1653651751257192,3.4368496470728047,-0.9740205618008564,1.4582414587040509,6.717638286220315,2.108354886196965,4.472992539876357,-1.466599353793651,3.0810441216503452,2.084649576388321,0.2533858735043283,6.340883377139144,2.6923921066584233,0.7117943957656938,2.0730864919225436,2.827495202301008,1.3096936212666597,0.9017457060552836,4.938234683343878,4.0701551763669865,1.1275240481801145,1.3520305384825537,4.433731594385704,5.822043698256865,2.335627257174412,4.0559980320105655,1.583096921998205,3.562126150101567,-3.7645948993685545,-1.544714902138925,0.4809305335648326,3.1641289001807005,6.205854637042479,5.774955452650145,6.134149225297597,4.761372452770474,2.301779431868738,2.992956539784303,7.672228772500916,2.958195330387407,2.1234672000994967
-1.6587096192397777,-3.45722741196323,3.214208559021377,6.619462123488529,1.2480877215290094,-1.276617290444935,0.3165258832453487,3.2920809207612125,2.9506761167340496,3.4339533737307146,1.347769395519181,0.44267974578023483,8.500089844424577,1.44883498778586,1.8466330572435419,-0.7979126437431651,3.78549220811003,-0.1991857003823625,2.5811839533526806,3.979031500464677,4.913055963334606,2.4984385063943826,0.5571248945796143,0.9411648785859765,1.0583919563820374,0.5700900722687599,-0.8203702323840625,1.6720541674116924,7.2023494689946705,0.5794708517576306,0.4428092584382928,0.20072012637940018,4.934608210741911,2.7469089164824485,-0.08967392265153767,-4.658402486273791,5.7399967821259334,-0.4319383315586113,1.5442452152031747,1.9714250873669836,5.439659782096843,1.1403483518243298,2.633013110249614,3.9442628863796703,4.249092611415702,2.2085477642697873,2.5261450443871274,2.8962087080695476,-0.17193930328325685,4.278134183573626,2.3351816731262334,3.2624218999995955,3.225939137265212,-0.14253249429230347,-1.5266741747592802,3.0972456193565883,9.218174715759094,2.3363226223316076,0.9001011787543833,5.686572667312764,4.406298091315078,1.0957614724788223,3.3620357396187917,-1.037535143602484,1.3859899235595607,6.6336530972633865,2.0357073032184747,4.394436953549544,-1.5311673975677838,3.0038975259624197,2.012316815063774,0.185952124590673,6.2563961207710586,2.617382365475099,0.6440044316654683,2.0025192888121177,2.7501585907258193,1.2401265069179457,0.8327574988943758,4.8570480235850955,3.9954090235460074,1.05828001139145,1.282109417659052,4.353218535341908,5.739761269606936,2.2624804547358117,3.977109661634291,1.5099006777209227,3.485711419203364,-3.818853377308699,-1.6062432070958355,0.41349218080782557,3.0881959961660073,6.121110014325847,5.689159990343518,6.048895389064004,4.68052620280608,2.2285219464136405,2.9158826179110546,7.582504805771282,2.881541696181575,2.0512112086056096
-1.6543473923619532,-2.64573497462461,3.137641591415248,6.53178633953153,1.1747336217918343,-1.3371368640463792,0.2456642421635249,3.215802923548245,2.874948231455356,3.357075988986786,1.2796459701355092,0.3761817842901277,8.408794364433774,1.3756808042863482,1.7746070209280302,-0.8649684245824725,3.7103433975641726,-0.26494496007551477,2.5074585501610027,3.900364334879237,4.830868023805665,2.423517429125601,0.4910402572667103,0.8724420364806147,0.9875989098159061,0.4993263880822605,-0.8863784785022295,1.6021373954530727,7.116029130222755,0.5108956163792562,0.3767870612344856,0.13081834302509043,4.850247922598161,2.6710556920523985,-0.1575532021939854,-4.715636578418263,5.656428596192829,-0.4941881690373061,1.477041083053612,1.8972673517022491,5.3558047070747214,1.071179566965456,2.557352747690837,3.864725886971198,4.166735650346973,2.138641628304133,2.4547429513692878,2.822523643000107,-0.23884140275517157,4.196077303925928,2.2611200727233465,3.1892507887913757,3.15046909294834,-0.20849610363485627,-1.5908358083648582,3.022812336993666,9.123318299917138,2.2629000637198446,0.8309105540566877,5.602386155197642,4.3265235098174495,1.0261577698319504,3.287221832164816,-1.1010497254041365,1.3137383884150955,6.549667908306483,1.9630597202399842,4.315881367222718,-1.5957354413419413,2.926750930274433,1.939984053739227,0.11851837567706769,6.171908864403023,2.5423726242917377,0.576214467565193,1.9319520857016295,2.672821979150668,1.1705593925693694,0.7637692917335177,4.775861363826351,3.920662870725053,0.9890359746028354,1.2121882968355628,4.272705476298075,5.6574788409570065,2.189333652297111,3.89822129125798,1.436704433443703,3.409296688305174,-3.8731118552488057,-1.6677715120527081,0.3460538280508558,3.012263092151315,6.036365391609202,5.603364528036829,5.963641552830486,4.599679952841711,2.155264460958568,2.838808696037731,7.492780839041633,2.8048880619757686,1.9789552171117217
-1.6499851654841284,-2.60649454024251,3.061074623809219,6.444110555574581,1.1013795220547342,-1.397656437647811,0.1748026010816761,3.139524926335266,2.7992203461767255,3.2782190058878244,1.2115225447517877,0.30968382280000817,8.31749888444297,1.3025266207868118,1.7025809846124937,-0.9320242054217549,3.6351945870181783,-0.3307042197687544,2.4337331469692742,3.82169716929376,4.748680084276698,2.3485963518569326,0.42495561995380626,0.803719194375403,0.9168058632497498,0.42856270389577344,-0.9523867246203466,1.5322206234944276,7.029708791450804,0.44232038100094395,0.3107648640306411,0.06091655967075571,4.765887634454435,2.595202467622361,-0.2261919444413203,-4.772870670562722,5.57286041025975,-0.556438006515901,1.4098369509039994,1.8231096160375022,5.271949632052675,1.002010782106582,2.4816923851320842,3.7851888875627013,4.0843786892782195,2.068735492338428,2.3833408583514855,2.748838577930665,-0.3057435022270738,4.113990387520789,2.1870584723203974,3.1160796775831177,3.0749990486314562,-0.27445971297744653,-1.6549974419704734,2.948379054630731,9.028461884075133,2.189477505108118,0.761719929358992,5.518199643082484,4.246748928319746,0.9565540671851407,3.2124079247108783,-1.1645643072057763,1.2414868532706804,6.465682719349592,1.8904121372615192,4.237325780895868,-1.6603034851160865,2.8496043345864956,1.8676512924146678,0.05108462676343728,6.087421608034876,2.4673628831084384,0.5084245034649926,1.8613848825912032,2.5954853675755034,1.1009922782206805,0.6947810845726348,4.694674704067606,3.845916717904048,0.919791937814171,1.142267176012061,4.192192417254292,5.575196412307102,2.1140873920653664,3.819332920881706,1.3635081891664456,3.3328819574069968,-3.9273703331889367,-1.7292998170095935,0.2786154752938861,2.936330188136571,5.951620768892608,5.51756906573019,5.87838771659693,4.518833702877318,2.0820069755034956,2.761734774164445,7.4030568723119865,2.728234427769924,1.9066992256177466
-1.645622938606304,8.35624260357918,2.98450765620304,6.356434771617582,1.0280254223175467,-1.45817601124923,0.10394095999987729,3.063246929122286,2.723492460898032,3.199362022788889,1.1433991193681285,0.24318586130981368,8.226203404452129,1.22937243728725,1.630554948297007,-0.9990799862610247,3.5600457764722586,-0.39983090530233134,2.3600077437776212,3.743030003708296,4.666492144747769,2.273675274588201,0.3588709826410271,0.7349963522701037,0.8460128166835807,0.35779901970927386,-1.018394970738476,1.4623038515358324,6.943388452678927,0.37374514562256955,0.24474266682683388,-0.008985223683616428,4.681527346310735,2.519349243192373,-0.29838491146912005,-4.830104762707206,5.489292224326595,-0.6186878439945085,1.3426328187544743,1.7489518803728175,5.188094557030542,0.9328419972477833,2.4060320225733074,3.705651888154142,4.002021728209515,1.9988293563727482,2.311938765333683,2.6751535128612236,-0.3726456016989761,4.031903471115637,2.112996871917411,3.042908566374848,2.9995290043145726,-0.34042332232002426,-1.7191590755760386,2.8739457722678345,8.933605468233226,2.116054946496355,0.6925293046612839,5.431921426333103,4.1669743468220295,0.8869503645382812,3.1375940172569274,-1.2280788890074539,1.1692353181262152,6.381697530392663,1.8177645542830285,4.1587701945690805,-1.7248715288902567,2.7701340360845954,1.7953185310900708,-0.016349122150130624,6.002934351666828,2.392353141925101,0.4406345393647423,1.7908176794807649,2.518148756000352,1.031425163872054,0.6257928774117394,4.6134880443087365,3.771170565083131,0.8505479010255188,1.0723460551885595,4.11167935821052,5.492913983657173,2.0366358277979444,3.740444550505382,1.2903119448892009,3.2564672265088443,-3.981628811129031,-1.7908281219665036,0.21117712253691634,2.8603972841218788,5.866876146176014,5.431773603423501,5.793133880363363,4.437987452912949,2.008749490048385,2.6846608522910707,7.313332905582351,2.65158079356413,1.8344432341238714
-1.641260711728479,8.03153886678881,2.9079406885969608,6.268500761321419,0.9546713225803967,-1.5186955848506365,0.033079318918040945,2.986968931909357,2.647764575619364,3.120505039689977,1.0752756939844195,0.17668789981970667,8.134907924461336,1.156218253787701,1.5585289119814705,-1.0661357671003322,3.4848969659263016,-0.4699152707216511,2.286282340585931,3.6643628381228437,4.5843042052187775,2.19875419731947,0.29278634532814796,0.6662735101648669,0.7752197701174495,0.2870353355227494,-1.0844032168565934,1.3923870795772,6.857068113907024,0.30516991024422,0.17872046962297683,-0.07888700703795115,4.597167058166997,2.4434960187622856,-0.37057787849683244,-4.887338854851666,5.405724038393516,-0.6809376814731909,1.2754286866048616,1.674794144708083,5.104239482008495,0.8636732123888717,2.3303716600145306,3.6261148887456196,3.919664767140773,1.9289232204070814,2.2405366723158435,2.601468447791783,-0.4395477011709033,3.9498165547105106,2.0389352715144744,2.969737455166653,2.9240589599976765,-0.40638693166262696,-1.783320709181654,2.7995124899048873,8.838749052391233,2.0426323878846047,0.6233386799635761,5.343401283080366,4.087199765324338,0.8173466618913969,3.0627801098029392,-1.2915934708090688,1.0969837829818125,6.297712341435759,1.7451169713045258,4.080214608242267,-1.789439572664402,2.688655358751081,1.7229857697655617,-0.08378287106379839,5.918447095298755,2.317343400741752,0.37284457526447945,1.7202504763703887,2.4395848288324053,0.9618580495233775,0.556804670250844,4.532301384550005,3.693307802608997,0.7813038642368169,1.0024249343650953,4.0311662991667125,5.410631555007294,1.9591842635305226,3.661556180129071,1.2171157006119062,3.1800524956105924,-4.03588728906915,-1.852356426923439,0.14373876977995914,2.784464380107173,5.782131523459357,5.345978141116862,5.7078800441297695,4.357141202948518,1.9354920045932753,2.6075869304177477,7.223608938852704,2.574927159358273,1.7621872426299718
-1.6368984848506545,7.97229436000243,2.8313737209908565,6.176450028882246,0.881317222843234,-1.579215158452068,-0.037782322163757875,2.9106909346963645,2.5720366903406706,3.0383928215194294,1.0071522686007353,0.11018993832956214,8.043612444470519,1.083064070288202,1.4865028756659215,-1.1331915479396146,3.4097481553803943,-0.539999636140896,2.2125569373942024,3.585695672537354,4.500770330481558,2.1238331200507883,0.2267017080152689,0.5975506680596052,0.7044267235513182,0.21766324150902094,-1.1504114629747355,1.3224703076185549,6.7707477751350975,0.23659467486588293,0.11269827241911978,-0.1487887903922609,4.512806770023246,2.3676427943322738,-0.4427708455245948,-4.9445729469962005,5.3221558524604236,-0.7431875189518358,1.208224554455374,1.6006364090433858,5.0203844069864365,0.7945044275300355,2.2547112974558035,3.5465778893370974,3.8373078060721193,1.8590170844414018,2.1691345792980288,2.527783382722304,-0.5064498006428181,3.8677296383053585,1.9648736711114874,2.8965663439584075,2.8485889156807795,-0.4723505410052172,-1.8474823427872569,2.7250792075419774,8.74389263654929,1.9692098292728912,0.5541480552658928,5.254881139827641,4.007425183826673,0.7477429592445499,2.987966202348951,-1.3551080526106964,1.0247322478372973,6.2137271524789055,1.6724693883260604,4.001086970760733,-1.8540076164385346,2.6071766814176547,1.650653008441002,-0.15121661997737879,5.833959838930633,2.2423336595584527,0.30505461116429144,1.6496832732599251,2.3578797424689517,0.8922909351747386,0.48781646309001103,4.451114724791222,3.6142058159086954,0.71205982744819,0.9325038135415686,3.950653240122917,5.3283491263573275,1.8817326992631005,3.5826678097528335,1.143919456334674,3.1036377647124525,-4.090145767009269,-1.9138847318803367,0.07630041702300183,2.708531476092517,5.697386900742763,5.260182678810185,5.6226262078962135,4.276294952984149,1.8622345191382152,2.530513008544461,7.133884972123131,2.4982735251525163,1.6899312511360465
-1.6325362579728298,9.90395639168107,2.754806753384777,6.084399296443061,0.8079631231060964,-1.639734732053537,-0.10864396324558173,2.8344129374834104,2.496308805061977,2.9551516352833973,0.9390288432170386,0.04273973389416841,7.95231696447969,1.0099098867886154,1.4144768393504223,-1.2002473287788595,3.3327284799761765,-0.6100840015602033,2.138831534202537,3.507028506951915,4.41418538782601,2.04891204278207,0.16061707070240228,0.5288278259543184,0.6336336769851494,0.14615608446546324,-1.2164197090928526,1.25255353565991,6.680649678502986,0.16801943948755838,0.04667607521532513,-0.21869057374667056,4.428446481879534,2.291789569902261,-0.5149638125523447,-5.0018070391406475,5.238587666527319,-0.8054373564304806,1.1410204223057738,1.5264786733786389,4.936529331964328,0.7253356426711739,2.1790509348969884,3.467040889928601,3.754950845003365,1.7891109484756968,2.0977324862801767,2.4540983176528375,-0.5733519001147328,3.7856427219002198,1.890812070708588,2.819831014217697,2.773118871363933,-0.5383141503478324,-1.9116439763928346,2.6506459251791172,8.649036220707321,1.895787270661103,0.4849574305681599,5.166360996574904,3.927650602328981,0.6781392565977404,2.913152294894976,-1.4186226344123116,0.9524807126928323,6.129741963521976,1.5998218053475826,3.918129200867721,-1.9185756602127297,2.525698004084153,1.5783202471164055,-0.21865036889100914,5.7473247152562035,2.167323918375091,0.2372646470640286,1.579116070149474,2.2761746561053853,0.8227238208260998,0.4188282559291032,4.369928065032514,3.5351038292083814,0.642815790659488,0.8625826927180669,3.8701401810791465,5.246066697707411,1.8042811349956656,3.503779439376535,1.0707232120574417,3.0230125304218802,-4.1444042449493255,-1.975413036837222,0.008862064266032199,2.632598572077762,5.6095895020273465,5.174387216503546,5.537372371662633,4.195448703019768,1.788977033683105,2.4534390866711746,7.0441610053934465,2.4216198909466593,1.6176752596421464
-1.6281740310950052,-2.67883108474392,2.678239785778648,5.99234856400395,0.7346090233689715,-1.7002543056549684,-0.17950560432740553,2.758134940270418,2.419880409792964,2.871910449047391,0.8709054178333919,-0.02818744414864821,7.860489418197395,0.9367557032891163,1.3424508030349358,-1.2673031096181668,3.2554687737464825,-0.6801683669794731,2.0651061310108707,3.4283613413664513,4.327600445170439,1.9739909655133634,0.09453243338957318,0.46010498384903176,0.562840630419043,0.07345049806916548,-1.2834877964666944,1.18263676370129,6.589919101709564,0.09944420410922139,-0.019977557652036793,-0.2885923571009678,4.3440861937358335,2.215936345472211,-0.5871567795800945,-5.059041131285119,5.155019480594228,-0.8676871939091381,1.0738162901562112,1.4499244513869578,4.852674256942269,0.6561668578123125,2.1033905723382365,3.3875038905200787,3.672593883934624,1.7192048125100048,2.026330393262387,2.380413252583434,-0.6402539995866725,3.7035558054951174,1.816750470305614,2.742248228607841,2.696755789397555,-0.6042777596903727,-1.9758056099984374,2.57621264281617,8.553769941308904,1.822364712049352,0.4157668058704517,5.0778408533222175,3.8478760208313396,0.6085355539508683,2.8383383874410377,-1.4863699420031629,0.8802291775484421,6.044536309968962,1.527174222369055,3.8351714309747225,-1.9855978337594997,2.444219326750688,1.505987485791896,-0.2860841178046395,5.658416265936865,2.092314177191791,0.16947468296375334,1.5085488670390228,2.1944695697418934,0.7531567064774609,0.3498400487682327,4.28701530232042,3.456001842508143,0.5735717538708485,0.7926615718946277,3.789627122035313,5.163784269057507,1.726829570728256,3.424891069000224,0.9975269677801595,2.942190473425489,-4.198864656793354,-2.036941341794095,-0.05884751696773027,2.556665668063056,5.5204297660539,5.0885917541968695,5.452118535429102,4.1146024530554115,1.715719548228045,2.376365164797889,6.954437038663824,2.34496625674089,1.5454192681482464
-1.6238118042171803,-4.52809176189089,2.6016728181725064,5.900297831564715,0.6612549236318088,-1.7607738792563625,-0.2540796559138745,2.6815671568482786,2.3396917851720724,2.7886692628113847,0.7986042192276102,-0.09911462219145234,7.7647320675294855,0.8636015197895921,1.2704247667194242,-1.3344076133500586,3.178209067516863,-0.7502527323987553,1.9908096473095742,3.349694175780974,4.2410155025149034,1.8990698882446193,0.028447796076681575,0.39138214174373254,0.49204758385283665,0.0007449116728928118,-1.3539543678216883,1.1127199917426573,6.49918852491613,0.03086896873087186,-0.09046095815380506,-0.3584941404553275,4.25972590559207,2.1400831210421734,-0.6593497466078444,-5.120515443653726,5.071451294661148,-0.9338269333626168,1.006612158006636,1.3713173788236508,4.768583252690269,0.5869980729534263,2.0277302097794596,3.307966891111569,3.5902369228659072,1.6473574926774666,1.9549283002445723,2.3067281875139676,-0.7102333012583253,3.621468889089991,1.7426888699026775,2.664665442997885,2.6168262990848143,-0.6731266143680256,-2.0399672436040652,2.5017793604532725,8.454450834157326,1.7489421534376264,0.34657618117270617,4.989320710069493,3.7681014393335985,0.538931851304034,2.7607069612728212,-1.554321491300468,0.8079776424039395,5.956093875201206,1.4545266393905645,3.7522136610817105,-2.054614826510093,2.362740649417174,1.4336547244673368,-0.3557027084542812,5.569507816617465,2.017304436008442,0.10168471886352792,1.4379816639286094,2.112764483378414,0.683589592128772,0.28085184160737475,4.201374795993725,3.376899855807854,0.5043277170821339,0.7227404510710635,3.70705679620474,5.078006219512955,1.6493780064608214,3.3460026986239244,0.921688313136084,2.8613684164290234,-4.257587222110108,-2.09846964675103,-0.1307494918834466,2.480732764048363,5.431270030080454,5.002796291890193,5.366864699195534,4.033756203091018,1.6424620627729223,2.299291242924565,6.864713071934189,2.2671101577952024,1.4731632766543215
-1.6194495773393558,8.76960879194597,2.5251058505664146,5.808247099125542,0.5879008238946588,-1.8212934528578066,-0.3294118262092469,2.600795565077058,2.2595031605511933,2.705428076575391,0.7260134074081963,-0.1700418002342814,7.66897471686154,0.7904473362900182,1.1983987304038877,-1.4059586100660673,3.0970506117739944,-0.8203370978180626,1.9125925419932808,3.267938377194384,4.154430559859343,1.8235199219529432,-0.03763684123618499,0.3212042234521211,0.4212386812702953,-0.07196067472342993,-1.4244209391767448,1.042803219784025,6.408457948122671,-0.04074324302545185,-0.1609443586556608,-0.43004656812765485,4.175365617448345,2.0642298966121606,-0.7315427136355818,-5.1822165003825456,4.987883108728006,-1.0005461015742672,0.9394080258570736,1.2927103062602814,4.6802342208476695,0.515866184425305,1.9516888288522674,3.22842989170306,3.503502626311626,1.5753279442600168,1.8835262072267074,2.2299888660796894,-0.7816102171691912,3.535374696198308,1.6686272694997408,2.587082657387991,2.5368968087722363,-0.7435663351422599,-2.104128877209618,2.427346078090313,8.35513172700575,1.6744672611624851,0.2773855564750356,4.900800566816769,3.688326857835957,0.4673354199207145,2.6814164855500673,-1.6222730405978227,0.7357261072595118,5.867651440433499,1.3818790564121117,3.6692558911886852,-2.123631819260699,2.2812619720837217,1.3613219631427524,-0.42761729160999684,5.480599367298127,1.9422946948250803,0.03389475476329007,1.367414460818146,2.03105939701491,0.6140224777801206,0.20982084810323265,4.115734289667005,3.297797869107514,0.43508368029350686,0.6505589071972073,3.6220620430710566,4.991251798131401,1.5719264421933616,3.267114328247626,0.84401431958614,2.780546359432644,-4.316309787426875,-2.1599979517079153,-0.20265146679921286,2.400390952440297,5.342110294106983,4.917000829583541,5.28045831573809,3.949583943848051,1.569204577317812,2.2222173210512413,6.772876799417745,2.1859690712589694,1.400907285160459
-1.615087350461531,-3.92254731536355,2.4485388829603103,5.716196366686332,0.5145467241575337,-1.8847967565827808,-0.40474399650459436,2.5200239733057623,2.1793145359302892,2.622186890339397,0.6534225955886952,-0.240968978277098,7.573217366193593,0.7169438716073757,1.1263726940883136,-1.4775096067821507,3.015291323049868,-0.8904214632373325,1.834375436676875,3.184766150623229,4.067845617203796,1.7440771788975955,-0.10372147854903913,0.24796528791627803,0.34591983741410937,-0.1446662611197651,-1.4948875105318384,0.9728864478254173,6.317727371329287,-0.11382388855863312,-0.23142775915745412,-0.5044631251442591,4.0910053293046325,1.9841884933431235,-0.8037356806633316,-5.243917557111377,4.904314922794926,-1.0672652697859553,0.8718228517179534,1.2141032336970492,4.591885189005032,0.4421847350776782,1.8715051296681844,3.148381377359314,3.4166493215063465,1.5000886847010093,1.8121241142089428,2.1517985076560313,-0.8529871330801446,3.4487889315901725,1.5945656690967789,2.5094998717780728,2.4569673184595704,-0.8140060559164692,-2.1682905108152335,2.3529127957274403,8.255812619854222,1.5965258921370327,0.2081949317773525,4.8122804235640695,3.6059468782106734,0.39321925279820236,2.602126009827238,-1.690224589895165,0.659790973105056,5.779209005665779,1.3092314734336463,3.586298121295786,-2.192648812011255,2.1997832947502696,1.288989201818218,-0.4995318747657124,5.391690917978776,1.8672849536417557,-0.03549778787126012,1.292598465651341,1.9493543106514057,0.5444553634314442,0.1363205144443036,4.030093783340223,3.218695882407263,0.3658396435048299,0.5761271295220207,3.5370672899373723,4.904497376749861,1.4944748779259271,3.1882259578713645,0.7663403260362209,2.6997243024362527,-4.375032352743592,-2.2215262566648257,-0.2745534417150416,2.3199619184079854,5.25295055813345,4.829051763099304,5.190686345041637,3.8642342376776844,1.495947091862752,2.1451433991779547,6.678641175599833,2.1048279847227107,1.3266955960020332
-1.6107251235837066,-2.78435258718963,2.3719719153541936,5.624145634247159,0.4395279725303245,-1.949852685831488,-0.48007616679996684,2.4392523815344918,2.099125911309385,2.538945704103366,0.5808317837692814,-0.31189615631991463,7.477460015525636,0.6392355185730962,1.0499433303842312,-1.5490606034981969,2.933532034325716,-0.9605058286566148,1.7561583313606064,3.1015939240521,3.9812606745482864,1.66463443584221,-0.16980611586189326,0.17472635238038492,0.2706009935579484,-0.21737184751600042,-1.56535408188682,0.9002503513264637,6.226996794535816,-0.1869045340918019,-0.3019111596592724,-0.5788796821608508,4.005023882674529,1.9038070744916056,-0.875928647691069,-5.305618613840221,4.820746736861785,-1.133984437997618,0.8000647644977168,1.1354961611336798,4.50353615716237,0.3685032857300763,1.7913214304840637,3.0642913039719497,3.3297960167010405,1.4235243110509685,1.7381893162167696,2.0736081492323475,-0.9243640489910355,3.3622031669820744,1.5164010491406927,2.4319170861681787,2.3770378281469426,-0.8844457766905787,-2.232452144420811,2.278277671589631,8.156493512702609,1.5185845231115171,0.13509060267281126,4.723760280311358,3.521633379717856,0.3191030856756778,2.522835534104521,-1.7581761391924324,0.5830078232604703,5.690766570898109,1.236583890455156,3.503340351402712,-2.2616658047618605,2.1183046174168174,1.2163041972138946,-0.571446457921428,5.302782468659363,1.7922752124584067,-0.10783345311439257,1.217503479110221,1.8676492242878766,0.4748882490828302,0.06282018078531215,3.944453277013528,3.139593895706999,0.29376086755585273,0.5016953518468339,3.4520725368037013,4.8177429553683195,1.4170233136585302,3.1093375874950278,0.688666332486302,2.6189022454398367,-4.433754918060395,-2.284865869032519,-0.3464554166308078,2.239532884375686,5.163790822159979,4.738714326472511,5.100914374345185,3.778884531507331,1.422181239373743,2.0670577255105007,6.58440555178196,2.0236868981864777,1.2498962914073397
-1.6063628967058818,-4.86162384688917,2.2954049477480396,5.532094901807986,0.36159772340629337,-2.014908615080183,-0.5554083370953018,2.358480789763221,2.018937286688481,2.455704517867397,0.5082409719498424,-0.3828233343626813,7.381702664857677,0.5615271655387792,0.9733597254816939,-1.6206116002142303,2.8517727456015507,-1.0305901940758597,1.6779412260442508,3.018421697480945,3.894675731892714,1.5851916927868375,-0.23698344135460264,0.10148741684449192,0.1952821497017625,-0.2900774339123356,-1.6358206532418638,0.825764579041613,6.136266217742394,-0.25998517962500817,-0.3723945601611031,-0.653296239177505,3.9160871504984165,1.823425655640113,-0.9481216147188063,-5.367319670569027,4.736572933069853,-1.2007036062092684,0.7283066772775053,1.0568890885703852,4.415187125319733,0.2948218363824744,1.7111377312999931,2.980201230584573,3.242942711895748,1.346959937400865,1.66221695729104,1.9954177908087016,-0.9957409649019264,3.2756174023739524,1.437779840012336,2.3543343005582598,2.2971083378342643,-0.9548854974648505,-2.296613778026389,2.1992583375378896,8.057174405550994,1.440643154086027,0.06133908347854078,4.63524013705862,3.437319881224977,0.2449869185532031,2.44354505838173,-1.8261276884897624,0.5062246734159095,5.60232413613039,1.1627035822320444,3.420382581509725,-2.330682797512491,2.0368259400833155,1.1393864016137363,-0.6433610410771061,5.213874019340025,1.7135825541539356,-0.180169118357575,1.142408492569076,1.7859441379243723,0.40227064784588396,-0.010680152873629334,3.8588127706867708,3.060491909006685,0.21994861326500315,0.42726357417163474,3.367077783670018,4.7309885339868405,1.339571749391108,3.0304492171187665,0.6109923389363956,2.538080188443433,-4.4924774833771615,-2.3509693297596046,-0.4183573915465616,2.159103850343362,5.074631086186534,4.6484838739745715,5.011142403648806,3.6935348253369398,1.3443397759370923,1.985403232623898,6.490169927964062,1.9425458116502063,1.1730969868126462
-1.6020006698280571,-3.78535302580673,2.218837980141986,5.4400441693688135,0.2836674742822497,-2.0799645443289405,-0.6307405073906742,2.277709197991938,1.9387486620676027,2.372463331631378,0.43565016013039115,-0.4537505124055353,7.285945314189706,0.48381881250453707,0.896776120579132,-1.6921625969302638,2.770013456877412,-1.100674559495167,1.5997241207279325,2.9352494709098025,3.8080907892371414,1.5057489497314271,-0.30767924568244154,0.02824848130863633,0.11996330584558901,-0.3627830203086083,-1.7062872245969076,0.7512788067567873,6.04553564094896,-0.3330658251581894,-0.4428779606628964,-0.7277127961941218,3.827150418322379,1.7430442367886323,-1.0203145817465313,-5.429020727297834,4.648390276988439,-1.2674227744209565,0.6565485900572312,0.9782820160070282,4.326838093477121,0.2211403870348475,1.6309540321158476,2.896111157197196,3.1560894070904677,1.2703955637508364,1.5862445983653226,1.917227432385056,-1.0671178808127924,3.1890316377658294,1.3591586308839294,2.276751514948341,2.217178847521624,-1.0253252182390724,-2.3651544175298973,2.1202390034860974,7.957855298399465,1.362701785060549,-0.012412435715717263,4.546719993805933,3.353006382732148,0.17087075143064112,2.3642545826589503,-1.8940792377871172,0.4294415235712862,5.513881701362671,1.085445782233909,3.3374248116167253,-2.3996997902630595,1.9553472627498387,1.062468606013628,-0.7152756242328218,5.124965570020675,1.6339792406627487,-0.2525047836007948,1.0673135060279562,1.704239051560881,0.32810566078570147,-0.08418048653260829,3.773172264360051,2.981389922306433,0.146136358974166,0.352831796496448,3.282083030536346,4.644234112605237,1.2621201851236608,2.947387355498658,0.5333183453864765,2.457258131447042,-4.551200048693853,-2.417072790486628,-0.49025936646235285,2.0786748163110493,4.9854713502130625,4.558924304193801,4.921370432952366,3.6081851191665484,1.2664983125004792,1.9037487397372572,6.3959343041461505,1.8614047251139605,1.0962976822179153
-1.5976384429502326,7.3700256119248,2.142271012535894,5.347993436929653,0.20573722515826853,-2.14502047357761,-0.7060726776859968,2.1969376062207306,1.8585600374466986,2.289222145395372,0.3630593483109399,-0.5244904461329079,7.190187963521723,0.40611045947017,0.8201925156765699,-1.76371359364636,2.6882541681532848,-1.1707589249144743,1.5215070154115515,2.852077244338698,3.721505846581631,1.4263062066760794,-0.3783750500102304,-0.04499045422728165,0.044644461989453044,-0.4354886067049061,-1.7767537959519015,0.6767930344719366,5.954805064155563,-0.40614647069135823,-0.5133613611646772,-0.8021293532107634,3.7382136861462794,1.6626628179371516,-1.092507548774281,-5.49072178402669,4.560207620907063,-1.3341419426326317,0.5847905028369946,0.8996749434437212,4.238489061634471,0.14745893768723306,1.5507703329317393,2.8120210838098183,3.0692361022851875,1.1938311901007705,1.5102722394395929,1.839037073961385,-1.1384947967236834,3.102445873157669,1.280537421755448,2.1991687293384476,2.137249357209021,-1.0957649390132569,-2.4339362600725587,2.0412196694343683,7.858536191247926,1.2847604160350463,-0.08616395490996276,4.458199850553184,3.2686928842392815,0.09675458430814154,2.284964106936184,-1.9620307870843723,0.35265837372671294,5.425439266594963,1.0081879822358113,3.2544670417237382,-2.4687167830137025,1.8738685854163493,0.9855508104134696,-0.7871902073885249,5.036057120701324,1.5543759271715614,-0.3248404488440022,0.9922185194867985,1.6225339651974269,0.2539406737254566,-0.15768082019154978,3.687531758033318,2.9022879356061067,0.07232410468327888,0.27840001882127385,3.1970882774027123,4.5574796912236835,1.1846686208562636,2.8638773747212642,0.45564435183657004,2.37643607445065,-4.609922614010633,-2.483176251213676,-0.5621613413781067,1.9982457822787254,4.896311614239604,4.469364734413056,4.831598462255925,3.522835412996157,1.1886568490638285,1.8220942468506542,6.301698680328327,1.7802636385777022,1.0194983776232343
-1.5932762160724079,-5.32246139449837,2.0646166170232663,5.255942704490443,0.12780697603418745,-2.21007640282638,-0.7814048479813818,2.116166014449435,1.7783714128257826,2.205980959159378,0.29046853649150106,-0.5946350131871768,7.0944306128537775,0.32840210643586554,0.7436089107740702,-1.835264590362406,2.6064948794291327,-1.240843290333744,1.443289910095233,2.768905017767568,3.6349209039260835,1.3468634636206818,-0.4490708543381192,-0.11822938976312475,-0.03067438186674537,-0.5081941931012038,-1.847220367306933,0.602307262187086,5.864074487362129,-0.4792271162245769,-0.583844761666508,-0.8765459102273178,3.649276953970179,1.5822813990856461,-1.164700515802056,-5.55242284075551,4.472024964825711,-1.4008611108442823,0.5130324156168204,0.8210678708804018,4.150140029791809,0.07377748833963116,1.4705866337476687,2.7279310104224415,2.982382797479845,1.1172668164507045,1.4342998805139129,1.760846715537727,-1.2098717126345993,3.0158601085495587,1.2019162126270788,2.1215859437285287,2.0573198668963677,-1.1662046597874536,-2.502718102615245,1.9622003353825763,7.759217084096311,1.2068190470095683,-0.15991547410419577,4.369679707300435,3.18437938574644,0.022638417185629423,2.2056736312133545,-2.029982336381715,0.2758752238821396,5.336996831827256,0.9309301822376383,3.171509271830689,-2.537733775764246,1.7923899080829224,0.9086330148133113,-0.8591047905442528,4.947148671381987,1.4747726136803871,-0.39717611408713466,0.917123532945691,1.54082887883386,0.17977568666528654,-0.23118115385054122,3.6018912517066113,2.8231859489058797,-0.0014881496075958012,0.20396824114604972,3.112093524269004,4.470725269842192,1.107217056588804,2.78036739394392,0.37797035828661363,2.295614017454234,-4.668645179327411,-2.549279711940774,-0.6340633162939353,1.9178167482464634,4.807151878266071,4.3798051646323115,4.741826491559447,3.4374857068258162,1.110815385627228,1.7404397539640633,6.207463056510391,1.699122552041444,0.9426990730285534
-1.5889139891945832,8.11842763277308,1.9833433720605635,5.163891972051283,0.04987672691018141,-2.2751323320750876,-0.8567370182767042,2.0353944226781016,1.6981827882049407,2.122739772923371,0.21787772467203725,-0.6647795802414209,6.998673262185844,0.2506937534015734,0.6670253058714832,-1.9068155870784396,2.5247355907049682,-1.3109276557530265,1.3650728047788772,2.685732791196388,3.548335961270549,1.267420720565284,-0.519766658666008,-0.1914683252990303,-0.1059932257229313,-0.5808997794974766,-1.9176869386619395,0.5278214899021978,5.7733439105686575,-0.5523077617577582,-0.6543281621683388,-0.9509624672439845,3.5603402217941413,1.5018999802341784,-1.2368934828297933,-5.614123897484303,4.383842308744373,-1.467580279055933,0.44127432839654657,0.7424607983170823,4.06179099794921,9.603899204169153e-05,1.390402934563498,2.643840937035102,2.89552949267459,1.0407024428006384,1.358327521588158,1.6826563571140312,-1.2812486285455151,2.9292743439414357,1.1232950034986098,2.0440031581186346,1.9773903765837402,-1.236644380561688,-2.5714999451578686,1.8831810013308343,7.659897976944708,1.1288776779840781,-0.23366699329849122,4.2811595640477105,3.1000658872535602,-0.05147774993687021,2.1263831554906254,-2.0979338856790695,0.19909207403756635,5.248554397059574,0.8536723822394907,3.0885515019377143,-2.606750768514889,1.7109112307494205,0.8317152192131654,-0.9310193736999061,4.8582402220625855,1.3951693001892003,-0.46951177933034205,0.8420285464045587,1.4591237924703684,0.10561069960501668,-0.3046814875094827,3.5162507453798533,2.7440839622055284,-0.07530040389845788,0.12953646347085046,3.0270987711353827,4.3839708484606135,1.029765492321407,2.6968574131664385,0.3002963647367196,2.214791960457818,-4.727367744644128,-2.6153831726678094,-0.7059652912096767,1.8373877142141641,4.717992142292637,4.290245594851505,4.652054520862994,3.3521360006554755,1.0329739221905774,1.6587852610774354,6.113227432692493,1.6179814655051856,0.8658997684338474
-1.5845517623167584,9.45575652763462,1.902070127097961,5.071841239612085,-0.02805352221379981,-2.340188261323857,-0.9320691885720767,1.9546228309068565,1.6179941635840496,2.0394985866873645,0.14528691285263595,-0.734924147295665,6.902915911517848,0.17298540036726884,0.5904417009689711,-1.978366583794523,2.4429763019808286,-1.3810120211723214,1.2868556994625089,2.6025605646252954,3.461751018614952,1.1879779775099113,-0.5904624629938593,-0.2647072608348609,-0.18131206957907975,-0.6536053658938242,-1.9881535100169583,0.4533357176174221,5.682613333775237,-0.6253884072909145,-0.7248115626701696,-1.0253790242606011,3.4714034896180674,1.4215185613826729,-1.309086449857543,-5.675824954213122,4.295659652662921,-1.5342994472676332,0.36951624117631,0.6638537257537129,3.9734419661065727,-0.07358541035558519,1.31021923537944,2.559750863647663,2.808676187869235,0.964138069150585,1.2823551626624659,1.604465998690398,-1.352625544456381,2.842688579333288,1.0446737943702158,1.9664203725087288,1.8974608862710498,-1.3070841013358723,-2.640281787700517,1.8041616672790923,7.560578869793145,1.050936308958538,-0.3074185124927243,4.192639420795023,3.015752388760731,-0.12559391705938228,2.0470926797678715,-2.165885434976337,0.1223089241929306,5.160111962291841,0.7764145822413553,3.00559373204469,-2.67576776126547,1.6294325534159062,0.7547974236130321,-1.0029339568556466,4.769331772743223,1.3155659866980132,-0.5418474445734994,0.7669335598634386,1.3774187061068393,0.03144571254482176,-0.37818182116846166,3.430610239053096,2.664981975505289,-0.149112658189345,0.055104685795663744,2.9421040180016735,4.297216427079122,0.9523139280539472,2.6133474323890438,0.22262237118677564,2.1339699034614394,-4.786090309960869,-2.681486633394833,-0.7778672661254928,1.7569586801818649,4.6288324063191535,4.200686025070673,4.562282550166554,3.2667862944850716,0.9551324587539518,1.5771307681908573,6.018991808874607,1.5368403789689398,0.7891004638390788
-1.580189535438934,-5.24038434643303,1.8207968821352456,4.979790507172912,-0.10598377133784342,-2.405244190572552,-1.0074013588673743,1.8738512391356485,1.537805538963133,1.9562574004513709,0.07269610103318469,-0.8050687143499216,6.807158560849877,0.09527704733295184,0.5138580960663965,-2.049917580510619,2.361217013256651,-1.451096386591566,1.2086385941461781,2.5193883380541537,3.3751660759594166,1.1085352344545263,-0.6611582673217107,-0.33794619637075396,-0.2566309134352657,-0.726310952290097,-2.058620081372015,0.3788499453325589,5.59188275698179,-0.6984690528241333,-0.7952949631719128,-1.0997955812771805,3.382466757441942,1.3411371425312173,-1.381279416885268,-5.737526010941966,4.207476996581582,-1.6010186154792836,0.2977581539560734,0.5852466531904184,3.8850929342639233,-0.14726685970321207,1.230035536195332,2.4756607902603234,2.7218228830639424,0.8875736955004938,1.2063828037367486,1.526275640266727,-1.4240024603673218,2.7561028147251783,0.9660525852418218,1.8888375868988223,1.8175313959583843,-1.3775238221100568,-2.7090636302431665,1.7251423332273752,7.461259762641554,0.9729949399330975,-0.3811700316869448,4.104119277542286,2.9314388902678647,-0.19971008418189434,1.9678022040450671,-2.233836984273692,0.045525774348369796,5.071669527524122,0.6991567822432201,2.9226359621517286,-2.744784754016038,1.547953876082454,0.6778796280128738,-1.0748485400113372,4.68042332342386,1.2359626732068887,-0.6141831098167193,0.6918385733223062,1.2957136197433852,-0.04271927451539814,-0.45168215482742813,3.344969732726402,2.585879988804975,-0.22292491248019458,-0.019327091879510427,2.857109264868015,4.210462005697568,0.8748623637865252,2.5298374516116624,0.14494837763689417,2.0531478464650235,-4.844812875277674,-2.747590094121919,-0.8497692410412216,1.6765296461495283,4.539672670345696,4.1111264552899405,4.4725105794701125,3.1814365883146802,0.8772909953173011,1.495476275304229,5.924756185056683,1.4556992924326813,0.7123011592444228
-1.5758273085611092,8.37300493254007,1.7395236371726053,4.887739774733764,-0.183914020461862,-2.4703001198212347,-1.0827335291627467,1.793079647364353,1.4576169143422417,1.8730162142153521,0.00010528921372088274,-0.8752132814041407,6.7114012101819815,0.017568694298659815,0.43727449116380945,-2.121468577226615,2.279457724532537,-1.521180752010836,1.1304214888298596,2.436216111483011,3.2885811333039063,1.0290924913991286,-0.7318540716495494,-0.41118513190667194,-0.33194975729140164,-0.7990165386864072,-2.129086652727046,0.3043641730477208,5.501152180188381,-0.771549698357352,-0.8657783636737436,-1.1742121382937971,3.2935300252658175,1.2607557236797118,-1.453472383912993,-5.799227067670798,4.119294340500206,-1.6677377836909342,0.22600006673581186,0.5066395806270989,3.7967439024212855,-0.22094830905080148,1.149851837011236,2.391570716872958,2.634969578258687,0.8110093218504528,1.1304104448109937,1.4480852818430436,-1.495379376278188,2.6695170501170304,0.8874313761133277,1.8112548012889162,1.7376019056457686,-1.447963542884291,-2.7778454727858275,1.646122999175596,7.361940655490027,0.8950535709075822,-0.45492155088124026,4.015599134289574,2.84712539177501,-0.2738262513044564,1.8885117283223127,-2.301788533571009,-0.03125737549616603,4.983227092756415,0.6218989822450722,2.839678192258691,-2.8138017467666687,1.4664751987489897,0.6009618324127404,-1.1467631231670152,4.591514874104535,1.1563593597157018,-0.6865187750598643,0.6167435867811861,1.214008533379831,-0.11688426157564308,-0.5251824884863446,3.2593292263996823,2.506778002104711,-0.2967371667710817,-0.09375886955469714,2.772114511734281,4.123707584316028,0.7974107995190907,2.4463274708342304,0.06727438408695019,1.9723257894686317,-4.903535440594415,-2.8124993910008618,-0.9216712159570504,1.5961006121172663,4.450512934372237,4.021566885509133,4.38273860877366,3.0960868821443146,0.7994495318806505,1.4138217824175885,5.830520561238798,1.3745582058964227,0.6355018546497169
-1.5714650816832845,-3.87812415187489,1.65825039220994,4.7956890422945415,-0.2618442695859306,-2.5353560490699794,-1.158065699458119,1.712308055593095,1.3774282897213503,1.7897750279793583,-0.07248552260569296,-0.9453578484584222,6.615779543765259,-0.06013965873566973,0.36069088626127244,-2.193019573942711,2.197698435808385,-1.591265117430143,1.0522043835135038,2.353043884911881,3.201996190648347,0.9496497483437683,-0.8025498759774008,-0.48442406744254,-0.4072686011475876,-0.8717221250827174,-2.1995532240820648,0.22987840076284516,5.410421603394922,-0.8446303438905083,-0.9362617641755369,-1.248628695310464,3.2045932930897427,1.1803743048281814,-1.5256653509407552,-5.860928124399642,4.0311116844187795,-1.734456951902647,0.15424197951557528,0.4280325080637668,3.7083948705786733,-0.29462975839844086,1.0696681378270905,2.307480643485544,2.548116273453407,0.7344449482003867,1.054438085885314,1.3698949234193978,-1.5667562921890914,2.582931285508895,0.8088101669849213,1.7336720156789476,1.6576724153331528,-1.5184032636584506,-2.8466273153285266,1.567103665123854,7.262621548338475,0.8171122018821044,-0.5286730700754858,3.9270789910368,2.7628118932821435,-0.3479424184269311,1.8092212525995086,-2.3697400828683266,-0.10804052534081421,4.894784657988708,0.5446411822469743,2.7567204223657047,-2.882818739517262,1.3849965214155378,0.5240440368126196,-1.2186777063227683,4.502606424785147,1.0767560462245398,-0.7588544403031091,0.5416486002400287,1.1323034470163642,-0.19104924863586298,-0.5986828221453361,3.1736887200729242,2.4276760154044217,-0.3705494210619813,-0.16819064722988386,2.687119758600672,4.036953162934499,0.7199592352516935,2.362817490056824,-0.010399609462981352,1.8915037324722033,-4.962258005911206,-2.87620324165845,-0.9935731908728042,1.5156715780849044,4.361353198398766,3.9320073157284128,4.292966638077207,3.0107371759739356,0.7216080684439874,1.3321672895310104,5.736284937420911,1.293417119360127,0.5587025500550233
-1.5671028548054597,6.70876949135839,1.5769771472472873,4.703638309855369,-0.33977451870994924,-2.6004119783186868,-1.233397869753454,1.631536463821787,1.2972396651004714,1.7065338417433515,-0.1450763344251692,-1.015502415512704,6.520820358969317,-0.13784801176999922,0.2841072813587353,-2.26457057065877,2.115939147084233,-1.661349482849413,0.9739872781971355,2.2698716583407137,3.115411247992812,0.8702070052883457,-0.8732456803052896,-0.5576630029783831,-0.4825874450037111,-0.9444277114789776,-2.2700197954371086,0.15539262847798196,5.319691026601513,-0.9177109894237145,-1.0067451646773677,-1.3230452523270557,3.115656560913605,1.0999928859767258,-1.597858317968505,-5.922629181128398,3.942929028337465,-1.8011761201142724,0.08248389229532627,0.34942543550044736,3.620045838736024,-0.36831120774604276,0.9894844386429948,2.2233905700982044,2.4612629686480885,0.6578805745503209,0.9784657269595842,1.291704564995727,-1.6381332080999822,2.4963455209008094,0.7301889578565397,1.656089230069054,1.5777429250204624,-1.5888429844326974,-2.9154091578711627,1.4880843310720995,7.163302441186898,0.7391708328566267,-0.6024245892697188,3.838558847784113,2.6784983947893144,-0.42205858554943065,1.7299307768767045,-2.437691632165644,-0.1848236751853875,4.8063422232210256,0.4673833822488265,2.673762652472667,-2.9518357322678304,1.3035178440820232,0.44712624121243627,-1.2905922894784716,4.413697975465784,0.9971527327333405,-0.8311901055462915,0.4665536136989462,1.050598360652835,-0.26521423569608293,-0.672183155804315,3.088048213746217,2.3485740287040704,-0.44436167535284343,-0.24262242490507058,2.602125005466964,3.9501987415529705,0.6425076709842339,2.2793075092794295,-0.08807360301291278,1.810681675475837,-5.020980571227972,-2.939907092316089,-1.0654751657885955,1.4352425440526175,4.27219346242527,3.8424477459476183,4.203194667380728,2.9253874698035816,0.6437666050073743,1.2505127966444072,5.642049313602976,1.212276032823881,0.48190324546030494
-1.5627406279276352,-6.31443912182448,1.4957039022846217,4.611587577416171,-0.4177047678339429,-2.665467907567419,-1.3087300400488266,1.5507648720505165,1.21705104047953,1.6232926555073453,-0.21766714624462052,-1.0856469825669852,6.425861174173438,-0.21555636480425383,0.20752367645621073,-2.336121567374816,2.0341798583600674,-1.7314338482686953,0.895770172880842,2.186699431769597,3.028826305337277,0.7907642622329729,-0.9439414846330909,-0.6309019385143011,-0.5579062888598846,-1.0171332978753254,-2.3404863667921276,0.08090685619320626,5.228960449808079,-0.9907916349569457,-1.077228565179161,-1.3974618093436972,3.02671982873753,1.0196114671252454,-1.670051284996255,-5.984330237857217,3.854746372256126,-1.8678952883259603,0.010725805075127215,0.27081836293717776,3.5316968068933994,-0.44199265709366964,0.9093007394588992,2.1393004967107894,2.3744096638428207,0.5813162009002673,0.902493368033817,1.2135142065720936,-1.7095101240108732,2.4097597562926865,0.6515677487281082,1.5785064444591603,1.497813434707797,-1.6592827052068941,-2.984191000413799,1.4090649970203701,7.063983334035284,0.6612294638311362,-0.6761761084639268,3.750038704531401,2.59418489629641,-0.4961747526719552,1.650640301153975,-2.5056431814629487,-0.26160682502989835,4.717899788453306,0.3901255822507037,2.590804882579693,-3.0208527250184236,1.2220391667485337,0.3702084456123155,-1.3625068726341745,4.3247895261464455,0.917549419242166,-0.9035257707894739,0.3914586271577887,0.9688932742893435,-0.33937922275626536,-0.745683489463269,3.002407707419497,2.2694720420038186,-0.518173929643743,-0.31705420258030725,2.5171302523333043,3.8634443201714292,0.565056106716824,2.195797528502048,-0.16574759656284427,1.7298596184794206,-5.079703136544689,-3.003610942973653,-1.1373771407043367,1.3548135100203182,4.183033726451774,3.7528881761668487,4.113561756813219,2.8400377636332035,0.5659251415707738,1.168858303757754,5.547813689785114,1.1311349462876226,0.4051039408656365
-1.5583784010498105,-5.0723401514546,1.414430657321944,4.519536844976998,-0.495635016957999,-2.730523836816139,-1.3840622103442115,1.4699932802793083,1.1368624158586635,1.5400514692713514,-0.29025795806407184,-1.1557915496212294,6.330901989377584,-0.2932647178385709,0.1309400715536736,-2.407672564090837,1.9524205696359156,-1.8015182136879777,0.8175530675644738,2.1035272051984792,2.942241362681754,0.7113215191775752,-1.0146372889609798,-0.7041408740501942,-0.6332251327161453,-1.0898388842715856,-2.410952938147134,0.0064210839083180815,5.138229873014632,-1.0638722804900644,-1.1477119656809291,-1.4718783663603516,2.9377830965614677,0.9392300482737024,-1.7422442520239798,-6.046031294586099,3.766563716174687,-1.9346144565376233,-0.06103228214508438,0.1922112903738208,3.4433477750507624,-0.5156741064412965,0.8291170402747536,2.0552104233234747,2.287556359037466,0.5047518272501639,0.8265210091081245,1.1353238481484105,-1.7808870399218015,2.323173991684577,0.5729465395996891,1.5009236588492787,1.4178839443951816,-1.7297224259810662,-3.0529728429564855,1.3300456629686157,6.9646642268837065,0.583288094805646,-0.7499276276582099,3.661518561278701,2.5098713978035807,-0.5702909197944424,1.571349825431221,-2.5735947307603038,-0.3383899748745466,4.629457353685599,0.3128677822525684,2.507847112686706,-3.089869717769054,1.140560489415057,0.29329065001213217,-1.4344214557898654,4.2358810768270825,0.8379461057510165,-0.9758614360326563,0.3163636406166688,0.8871881879258519,-0.4135442098164853,-0.819183823122223,2.916767201092778,2.1903700553035668,-0.5919861839345801,-0.3914859802555064,2.432135499199621,3.7766898987899005,0.4876045424494144,2.112287547724641,-0.24342159011268832,1.649037561483017,-5.138425701861431,-3.0673147936312546,-1.209279115620128,1.2743844759880314,4.093873990478316,3.6633286063860533,4.024593202727472,2.7546880574628494,0.48808367813413556,1.0872038108712008,5.453578065967228,1.0499938597513894,0.328304636270918
-1.5540161741719858,-6.81188991220335,1.333157412359291,4.427486112537813,-0.5735652660819927,-2.795579766064834,-1.4593943806395464,1.3892216885080129,1.0566737912377722,1.4568102830353826,-0.3628487698835231,-1.2259361166754736,6.235942804581654,-0.3709730708728879,0.054356466651124036,-2.4792235608069078,1.8706612809117764,-1.8716025791072723,0.7393359622481428,2.020354978627312,2.8556564200261443,0.6318787761222024,-1.085333093288781,-0.7773798095860622,-0.7085439765722563,-1.1625444706679082,-2.4814195095021905,-0.06806468837654506,5.047499296221235,-1.1369529260232583,-1.2181953661827727,-1.5462949233768932,2.84884636438533,0.8588486294222344,-1.8144372190517297,-6.107732351314918,3.678381060093349,-2.0013336247492988,-0.13279036936532096,0.11360421781050123,3.3549987432081254,-0.5893555557888984,0.748933341090658,1.9711203499360732,2.2017727957664777,0.4281874536001353,0.7505486501823948,1.0571334897247147,-1.85226395583268,2.2365882270764414,0.49432533047127003,1.4233408732393351,1.3379544540825035,-1.800162146755263,-3.1217546854991465,1.2510263289168737,6.86534511973213,0.5053467257801181,-0.8236791468524678,3.5729984180259766,2.4255578993107516,-0.6444070869169669,1.4920593497084418,-2.6415462800575833,-0.4151731247191199,4.54101491891788,0.23560998225442054,2.4248893427936817,-3.1588867105196607,1.059081812081605,0.21637285441198628,-1.5063360389455807,4.146972627507695,0.7583427922598296,-1.0481971012758011,0.24126865407552378,0.8054831015623103,-0.48770919687666775,-0.8926841567812145,2.831126694766045,2.1112680686032776,-0.6657984382254672,-0.4659177579306807,2.3471407460659623,3.6899354774083593,0.41015297818199237,2.0287775669472223,-0.32109558366263224,1.5682155044865758,-5.197148267178222,-3.131018644288881,-1.2811810905359566,1.193955441955732,4.00471425450482,3.5737690366052837,3.935624648641749,2.6693383512924838,0.41024221469747246,1.0055493179845478,5.359342442149343,0.9688527732151433,0.2515053316761995
-1.549653947294161,7.48044529481737,1.2518841673966508,4.335435380098678,-0.6514955152060238,-2.860635695313566,-1.534726550934894,1.3084500967367299,0.9764851666169059,1.373569096799376,-0.43543958170296193,-1.2960806837297176,6.140983619785787,-0.44868142390720495,-0.022227138251488032,-2.5507745575229412,1.788901992187599,-1.9416869445265548,0.6611188569317994,1.9371827520561948,2.769071477370585,0.5524360330668048,-1.1560288976166575,-0.8506187451219802,-0.7838628204284548,-1.235250057064231,-2.5518860808572468,-0.14255046066138327,4.956768719427789,-1.210033571556452,-1.2886787666846158,-1.6207114803935474,2.7599096322092302,0.7784672105707913,-1.8866301860794545,-6.169433408043687,3.5901984040119848,-2.068052792960974,-0.204548456585545,0.0349971452471568,3.266649711365476,-0.6630370051365129,0.6687496419065999,1.8870302765486835,2.117352881470479,0.35162307995003184,0.6745762912566651,0.9789431313010564,-1.923640871743571,2.150002462468306,0.41570412134287593,1.345758087629479,1.258024963769863,-1.8706018675294973,-3.1905365280418083,1.1720069948651066,6.766026012580553,0.42740535675467783,-0.8974306660467384,3.48447827477324,2.341244400817885,-0.7185232540395164,1.4127688739856625,-2.7094978293549383,-0.4919562745636932,4.4525724841501475,0.15835218225628522,2.341931572900682,-3.2279037032702282,0.9776031347481404,0.13945505881185294,-1.5782506221013088,4.058064178188356,0.6787394787686551,-1.1205327665190334,0.16617366753436624,0.7237780151988684,-0.5618741839369001,-0.9661844904401684,2.7454861884393003,2.032166081902939,-0.7396106925163044,-0.5403495356058924,2.2621459929322905,3.6031810560267807,0.3327014139145452,1.9452675861698279,-0.39876957721256373,1.4873934474901847,-5.255870832494988,-3.1947224949464816,-1.353083065451698,1.1135264079234204,3.9155545185313745,3.4842094668245513,3.846656094556039,2.5839886451220675,0.3324007512608219,0.9238948250979322,5.265106818331419,0.887711686678885,0.17470602708149352
-1.5452917204163366,-4.13166182818574,1.1706109224340104,4.2433846476594805,-0.7294257643300048,-2.925691624562261,-1.6100587212302537,1.2276785049654844,0.8962965419959894,1.2903279105633199,-0.5080303935224257,-1.3662252507839991,6.046024434989921,-0.526389776941522,-0.09881074315400012,-2.6223255542389747,1.7071427034634594,-2.011771309945837,0.5829017516154436,1.8540105254850647,2.6824865347150997,0.4729932900114445,-1.2267247019445087,-0.9238576806578108,-0.8591816642845783,-1.3079556434605288,-2.6223526522122658,-0.21703623294618396,4.866038142634367,-1.2831142170896457,-1.3591621671863967,-1.6951280374101516,2.6709729000331555,0.6980857917192733,-1.9588231531072293,-6.231134464772531,3.5020157479306206,-2.134771961172625,-0.2763065438057566,-0.04360992731612523,3.1783006795228266,-0.7367184544841023,0.5885659427224543,1.802940203161319,2.032932967174518,0.2750587062999783,0.5986039323309351,0.9007527728773981,-1.9950177876544495,2.0634166978601707,0.33708291221439446,1.2681753020195603,1.17809547345726,-1.9410415883036942,-3.259318370584432,1.0929876608133522,6.66670690542895,0.349463987729175,-0.9711821852409839,3.3959581315205405,2.2569309023250437,-0.7926394211620535,1.3334783982628835,-2.7774493786522436,-0.568739424408254,4.364130049382478,0.08109438225817489,2.2589738030076703,-3.2969206960208597,0.8961244574146261,0.06253726321170705,-1.6501652052569746,3.969155728869044,0.5991361652774558,-1.1928684317622409,0.09107868099328376,0.6420729288353519,-0.6360391709971326,-1.03968482409911,2.6598456821125804,1.9530640952026748,-0.8134229468072165,-0.6147813132810416,2.1771512397986195,3.5164266346452893,0.2552498496471106,1.8617576053924212,-0.4764435707625202,1.4065713904938058,-5.314593397811692,-3.258426345604083,-1.4249850403674142,1.033097373891071,3.8263947825579283,3.3946498970437444,3.7576875404703287,2.4986389389517134,0.2545592878242088,0.842240332211379,5.170871194513571,0.8065706001426265,0.09790672248676258
-1.5409294935385116,7.66649039978745,1.0893376774712702,4.151333915220308,-0.8073560134540735,-2.9907475538110306,-1.6853908915255764,1.1469069131942013,0.8161079173750729,1.2070867243273384,-0.5806212053418645,-1.4363698178382307,5.951065250193954,-0.6040981299757766,-0.1753943480565247,-2.6938765509550837,1.6253834147393198,-2.0818556753651194,0.5046846462991377,1.770838298913885,2.5959015920595396,0.39355054695608427,-1.2974205062723851,-0.9970966161936539,-0.9345005081407767,-1.3806612298567766,-2.6928192235672848,-0.29152200523105964,4.775307565840958,-1.356194862622827,-1.4296455676881774,-1.769544594426781,2.5820361678570682,0.6177043728678304,-2.031016120134992,-6.2928355215014,3.4138330918492565,-2.2014911293842876,-0.34806463102605556,-0.12221699987946971,3.0899516476801647,-0.8103999038317417,0.5083822435383336,1.7188501297739294,1.9485130528785695,0.19849433264991234,0.5226315734052429,0.8225624144537274,-2.06639470356534,1.976830933252023,0.2584617030859754,1.190592516409629,1.098165983144607,-2.0114813090779284,-3.328100213127118,1.0139683267616353,6.5673877982774105,0.2715226187036722,-1.0449337044352294,3.3074379882678286,2.1726174038321764,-0.8667555882845657,1.2541879225400918,-2.8454009279495605,-0.6455225742528522,4.275687614614746,0.0038365822600271438,2.176016033114646,-3.3659376887714023,0.8146457800811615,-0.014380532388426293,-1.7220797884127277,3.8802472795496437,0.5195328517862938,-1.2652040970054108,0.015983694452138764,0.5603678424717977,-0.7102041580573275,-1.113185157758089,2.5742051757858357,1.8739621085024354,-0.8872352010980661,-0.6892130909562408,2.092156486664936,3.429672213263724,0.1777982853796386,1.778247624615002,-0.5541175643124142,1.3257493334974144,-5.373315963128497,-3.322130196261697,-1.496887015283243,0.9526683398587592,3.7372350465844075,3.3050903272629872,3.6687189863845937,2.4132892327813353,0.17671782438759565,0.7605858393247633,5.076635570695672,0.7254295136063682,0.021107417892119007
-1.536567266660687,8.13042104246244,1.0080644325086174,4.059283182781122,-0.8852862625780922,-3.055803483059738,-1.7607230618209362,1.0661353214229183,0.735919292754194,1.1238455380912946,-0.6532120171613407,-1.5065143848925122,5.85610606539815,-0.6818064830101686,-0.25197795295909925,-2.765427547671117,1.5436241260152055,-2.151940040784364,0.4264675409827444,1.68766607234278,2.509316649403992,0.31410780390067417,-1.3681163106002114,-1.070335551729547,-1.00981935199695,-1.4533668162530868,-2.7632857949223038,-0.3660077775158728,4.684576989047462,-1.429275508156021,-1.5001289681900207,-1.8439611514433603,2.4930994356809677,0.5373229540162625,-2.1032090871626794,-6.354536578230194,3.3256504357678676,-2.2682102975959255,-0.41982271824626716,-0.20082407244277672,3.00160261583759,-0.8840813531793436,0.4281985443542755,1.6347600563865397,1.8640931385825958,0.12192995899988379,0.4466592144794882,0.7443720560300688,-2.137771619476256,1.8902451686438753,0.1798404939575814,1.1130097307997229,1.018236492831954,-2.0819210298521007,-3.396882055669767,0.934948992709856,6.468068691125834,0.1935812496782069,-1.1186852236294873,3.218917845015092,2.088303905339335,-0.9408717554070527,1.174897446817325,-2.913352477246878,-0.7223057240974255,4.187245179847026,-0.07342121773812071,2.093058263221696,-3.4349546815220338,0.7331671027476971,-0.09129832798858456,-1.7939943715684308,3.7913388302302433,0.4399295382951568,-1.3375397622485807,-0.05911129208899368,0.47866275610831854,-0.78436914511756,-1.1866854914170801,2.4885646694591532,1.7948601218021214,-0.9610474553889656,-0.763644868631465,2.0071617335312517,3.3429177918821704,0.10034672111229137,1.6947376438376078,-0.6317915578623332,1.2449272765009858,-5.432038528445251,-3.385834046919336,-1.5687889901990093,0.8722393058264724,3.648075310610899,3.21553075748223,3.5797504322988827,2.3279395266109812,0.09887636095097008,0.6789313464381104,4.982399946877761,0.6442884270701223,-0.05569188670258696
-1.5322050397828624,8.65645968891169,0.9267911875459895,3.967232450341987,-0.9632165117021108,-3.120859412308433,-1.8360552321162962,0.9853637296516478,0.6557306681332902,1.040604351855338,-0.7258028289807421,-1.5766589519467564,5.761146880602208,-0.7595148360444481,-0.3285615578616863,-2.836978544387163,1.4618648372910408,-2.222024406203672,0.348250435666401,1.604493845771638,2.4227317067484204,0.2346650608452514,-1.4388121149281128,-1.1435744872654277,-1.0851381958531112,-1.5260724026493846,-2.8337523662773227,-0.44049354980076094,4.59384641225404,-1.5023561536892271,-1.570612368691839,-1.9183777084600393,2.4041627035048556,0.4569415351648194,-2.1754020541904664,-6.416237634959038,3.2374677796864786,-2.334929465807676,-0.49158080546649124,-0.2794311450060962,2.9132535839949405,-0.957762802526908,0.3480148451700924,1.5506699829991752,1.779673224286635,0.0453655853497803,0.3706868555538083,0.6661816976064105,-2.209148535387147,1.80365940403579,0.10121928482916231,1.0354269451898042,0.9383070025193134,-2.152360750626335,-3.4656638982124157,0.8559296586581013,6.368749583974294,0.1156398806526916,-1.1924367428237077,3.1303977017623676,2.003990406846481,-1.0149879225295897,1.095606971094546,-2.981304026544196,-0.7990888739420112,4.098802745079319,-0.15067901773623105,2.0101004933286966,-3.5039716742726146,0.6516884254142201,-0.16821612358874288,-1.8659089547241088,3.702430380910905,0.36032622480398235,-1.4098754274917256,-0.13420627863012619,0.39695766974482694,-0.8585341321777549,-1.2601858250760216,2.402924163132396,1.7157581351018323,-1.0348597096798153,-0.8380766463066517,1.9221669803975934,3.256163370500629,0.022895156844844222,1.6112276630602012,-0.7094655514122646,1.164105219504582,-5.4907610937619795,-3.4495378975768745,-1.6406909651148005,0.7918102717941855,3.5589155746374654,3.1259711877014604,3.4907818782131477,2.2425898204405774,0.021034897514319417,0.5972768535514821,4.8881643230598755,0.5631473405338638,-0.1324911912973304
-1.5278428129050379,-7.9522965256651,0.8455179425833117,3.8751817179027768,-1.041146760826117,-3.185915341557128,-1.9113874024116313,0.9045921378803898,0.5755420435123737,0.9573631656193817,-0.7983936408001934,-1.6468035190010255,5.666187695806341,-0.8372231890787027,-0.4051451627642109,-2.908529541103259,1.3801055485669012,-2.292108771622954,0.27003333035007016,1.5213216192004955,2.3361467640928604,0.15522231778991624,-1.5095079192559266,-1.216813422801283,-1.160457039709297,-1.5987779890456948,-2.9042189376323915,-0.5149793220855866,4.5031158354606315,-1.5754367992223959,-1.6410957691936947,-1.9927942654766435,2.3152259713287684,0.37656011631330144,-2.2475950212182036,-6.477938691687844,3.149285123605077,-2.4016486340193013,-0.5633388926867153,-0.35803821756944076,2.8249045521523284,-1.03144425187456,0.26783114598604674,1.4665799096117982,1.6952533099906242,-0.031198788300285718,0.2947144966280786,0.5879913391827523,-2.280525451298013,1.71707363942768,0.022598075700705822,0.9578441595798979,0.8583775122066855,-2.2228004714005065,-3.53444574075509,0.7769103246063844,6.269430476822717,0.037698511627188847,-1.2661882620180034,3.041877558509655,1.919676908353664,-1.089104089652077,1.0163164953717543,-3.049255575841525,-0.8758720237865971,4.010360310311637,-0.22793681773437885,1.9271427234356848,-3.5729886670232327,0.5702097480807433,-0.2451339191889012,-1.9378235378798119,3.6135219315915545,0.28072291131282046,-1.4822110927349206,-0.20930126517127112,0.3152525833813228,-0.9326991192379999,-1.3336861587349758,2.3172836568056514,1.6366561484015432,-1.108671963970715,-0.9125084239818508,1.8371722272639344,3.1694089491190756,-0.05455640742264034,1.5277176822828442,-0.7871395449621836,1.0832831625082033,-5.549483659078758,-3.5132417482345506,-1.7125929400305668,0.7113812377618738,3.4697558386640077,3.0364116179206526,3.401813324127425,2.157240114270224,-0.05680656592231864,0.5156223606648667,4.7939286992419765,0.4820062539975931,-0.20929049589201137
-1.523480586027213,7.24168515723484,0.7642446976206341,3.7831309854635666,-1.1190770099501854,-3.25097127080591,-1.9867195727070037,0.8238205461090944,0.495353418891495,0.8741219793833503,-0.8709844526196322,-1.716948086055257,5.57122851101045,-0.9146219066393317,-0.4817287676667605,-2.9800805378192923,1.2983462598426991,-2.362193137042211,0.19181622503371432,1.4381493926293907,2.24956182143735,0.07577957473449348,-1.5802037235837778,-1.290052358337201,-1.235775883565458,-1.671483575441955,-2.974685508987398,-0.5894650943704498,4.412385258667185,-1.648517444755577,-1.7115791696954878,-2.067210822493248,2.2262892391526554,0.296178697461821,-2.319787988245941,-6.539639748416638,3.0611024675237264,-2.4683678022309516,-0.6350969799069643,-0.4366452901327478,2.7365555203096914,-1.1051257012221867,0.18764744680190115,1.3824898362244211,1.6108333956946257,-0.10776316195031427,0.21874213770234874,0.5098009807590691,-2.3519023672089414,1.6304878748195322,-0.056023133427713256,0.8802613739699916,0.7784480218939576,-2.293240192174741,-3.6032275832977634,0.6978909905546051,6.17011136967114,-0.040242857398289034,-1.3399397812122489,2.9533574152569058,1.8353634098607474,-1.1632202567746015,0.9370260196490001,-3.117207125138843,-0.9526551736312203,3.9219178755439055,-0.3051946177325142,1.8441849535426604,-3.6420056597738633,0.4887310707472414,-0.3220517147890596,-2.0097381210355274,3.524613482272204,0.20111959782162103,-1.5545467579781405,-0.28439625171237864,0.2335474970178062,-1.0068641062982198,-1.4071864923939548,2.2316431504789564,1.5575541617012794,-1.1824842182615645,-0.986940201657025,1.7521774741302256,3.082654527737559,-0.13200797169004996,1.4442077015053751,-0.8648135385121276,1.0024611055117996,-5.6082062243954995,-3.576945598892152,-1.7844949149463956,0.6309522037295869,3.380596102690512,2.9468520481398706,3.312844770041715,2.0718904080998577,-0.13464802935894427,0.4339678677782759,4.699693075424054,0.40086516746137213,-0.28608980048672983
-1.5191183591493884,8.86866473622983,0.6829714526579811,3.691080253024394,-1.1970072590741792,-3.3160272000546422,-2.062051743002351,0.7430489543378487,0.4151647942706035,0.790880793147319,-0.943575264439096,-1.7870926531094762,5.476269326214583,-0.9915028805544632,-0.5583123725692976,-3.051631534535364,1.2165869711185846,-2.4322775024615186,0.113599119717396,1.3549771660582108,2.16297687878179,-0.003663168320891641,-1.6508995279116168,-1.3632912938730692,-1.311094727421619,-1.7441891618382903,-3.045152080342417,-0.663950866655288,4.321654681873763,-1.7215980902887709,-1.7820625701972936,-2.141627379509877,2.137352506976593,0.21579727861030296,-2.3919809552737035,-6.601340805145457,2.97291981144235,-2.535086970442652,-0.7068550671272009,-0.5152523626961172,2.6482064884669914,-1.1788071505697886,0.10746374761779298,1.298399762836994,1.5264134813986396,-0.18432753560041776,0.14276977877660646,0.43161062233542324,-2.423279283119845,1.543902110211434,-0.1346443425560948,0.8026785883600605,0.6985185315813793,-2.363679912948888,-3.672009425840412,0.6188716565028507,6.070792262519538,-0.11818422642375437,-1.413691300406482,2.8648372720042063,1.7510499113679179,-1.237336423897126,0.8577355439262333,-3.1851586744361855,-1.0294383234757936,3.8334754407762226,-0.382452417730637,1.7612271836496982,-3.7110226525244316,0.4072523934137894,-0.3989695103891929,-2.0816527041912307,3.435705032952841,0.12151628433045902,-1.6268824232213228,-0.3594912382535236,0.15184241065431447,-1.0810290933584645,-1.4806868260529211,2.1460026441521993,1.4784521750010151,-1.2562964725524641,-1.0613719793321992,1.6671827209965795,2.9959001063560056,-0.20945953595744715,1.3606977207280184,-0.9424875320620341,0.9216390485153583,-5.6669287897122915,-3.6406494495497412,-1.8563968898621368,0.5505231696972501,3.291436366717053,2.8572924783590885,3.2238762159559675,1.986540701929454,-0.21248949279560736,0.35231337489166026,4.605457451606167,0.31972408092511373,-0.3628891050814358
-1.5147561322715637,-6.59705622509285,0.6016982076953283,3.5990295205852085,-1.2749375081982226,-3.3810831293033248,-2.1373839132976737,0.6622773625665783,0.33497616964969956,0.7076396069113,-1.0161660762585347,-1.8572372201638077,5.381310141418666,-1.068383854469595,-0.6348959774718471,-3.1231825312514347,1.1348276823944325,-2.502361867880813,0.0353820144010526,1.2718049394870437,2.076391936126255,-0.08310591137627688,-1.7215953322394681,-1.4365302294089748,-1.3864135712777674,-1.8168947482346005,-3.1156186516974484,-0.7384366389401511,4.230924105080317,-1.7946787358219272,-1.852545970699087,-2.2160439365264812,2.048415774800506,0.13541585975882253,-2.464173922301441,-6.663041861874288,2.8847371553609733,-2.601806138654328,-0.7786131543474375,-0.5938594352594242,2.5598574566244165,-1.2524885999174156,0.027280048433697357,1.2143096894496295,1.441993567102679,-0.2608919092504588,0.06679741985087673,0.3534202639117524,-2.494656199030736,1.457316345603324,-0.2132655516845139,0.7250958027502041,0.6185890412686639,-2.43411963372316,-3.7407912683830613,0.5398523224510963,5.971473155367998,-0.19612559544924468,-1.4874428196007523,2.7763171287514945,1.666736412875039,-1.3114525910196506,0.7784450682034292,-3.2531102237334775,-1.1062214733203795,3.7450330060085033,-0.4597102177287723,1.6782694137566863,-3.7800396452750373,0.3257737160803249,-0.4758873059893637,-2.1535672873469585,3.3467965836334406,0.04191297083928458,-1.6992180884645303,-0.4345862247946311,0.07013732429078534,-1.1551940804186471,-1.5541871597119001,2.0603621378254546,1.3993501883007136,-1.3301087268433136,-1.1358037570074235,1.5821879678629205,2.9091456849745017,-0.28691110022489424,1.2771877399506117,-1.020161525611953,0.8408169915189672,-5.7256513550290205,-3.704353300207342,-1.9282988647779404,0.4700941356650007,3.2022766307435573,2.7677329085783313,3.13490766187027,1.9011909957590507,-0.2903309562321955,0.2706588820050696,4.511221827788294,0.2385829943888429,-0.43968840967609185
-1.5103939053937392,-8.54638670197457,0.5204249627326629,3.5069787881460233,-1.3528677573221914,-3.4461390585520446,-2.2127160835930333,0.5815057707953326,0.2547875450288082,0.6243984206753062,-1.088756888077961,-1.9273817872180516,5.286350956622824,-1.1452648283847264,-0.7114795823743967,-3.1947335279674807,1.0530683936702805,-2.572446233300096,-0.04283509091527826,1.1886327129159762,1.9898069934706955,-0.1625486544316746,-1.7922911365673444,-1.5097691649448053,-1.4617324151339157,-1.8896003346308483,-3.186085223052517,-0.8129224112250143,4.140193528286932,-1.8677593813551459,-1.9230293712008928,-2.2904604935430983,1.9594790426243935,0.05503444090735454,-2.5363668893292033,-6.724742918603095,2.796554499279634,-2.6685253068659405,-0.8503712415676989,-0.6724665078227188,2.4715084247817796,-1.3261700492649924,-0.05290365075039827,1.1302196160623275,1.3575736528067304,-0.3374562829005373,-0.009174939074828026,0.2752299054880941,-2.5660331149415896,1.3707305809951889,-0.2918867608129704,0.6475130171402854,0.5386595509560359,-2.5045593544973315,-3.8095731109257347,0.4608329883993292,5.872154048216371,-0.27406696447472245,-1.5611943387949978,2.687796985498758,1.5824229143822597,-1.3855687581421128,0.699154592480675,-3.32106177303082,-1.1830046231649527,3.6565905712407716,-0.5369680177269076,1.5953116438636992,-3.8490566380256057,0.24429503874679803,-0.552805101589497,-2.2254818705026493,3.257888134314153,-0.03769034265192733,-1.7715537537076502,-0.5096812113357386,-0.011567762072656307,-1.229359067478867,-1.6276874933708292,1.9747216314987475,1.3202482016004118,-1.4039209811342257,-1.2102355346825853,1.497193214729249,2.8223912635929107,-0.3643626644922914,1.19367775917318,-1.0978355191618845,0.759994934522551,-5.7843739203458115,-3.768057150864956,-2.0002008396936946,0.3896651016326639,3.113116894770111,2.6781733387975866,3.045939107784535,1.8158412895887344,-0.3681724196688461,0.18900438911845407,4.416986203970382,0.15744190785260948,-0.5164877142708103
-1.5060316785159142,-6.64061788906605,0.43915171776999773,3.4149280557068753,-1.43079800644626,-3.5111949878007644,-2.2880482538884186,0.5007341790240496,0.17459892040792924,0.5411572344393123,-1.161347699897425,-1.9975263542722959,5.19139177182692,-1.2221458022998455,-0.7880631872769588,-3.266284524683539,0.971309104946166,-2.6425305987193655,-0.12105219623164659,1.1054604863448463,1.903222050815123,-0.24199139748705978,-1.8629869408952082,-1.5830081004807108,-1.5370512589901268,-1.9623059210272085,-3.256551794407523,-0.8874081835098525,4.049462951493449,-1.9408400268883148,-1.9935127717026986,-2.364877050559702,1.8705423104483312,-0.025346977944125992,-2.6085598563569405,-6.786443975331939,2.7083718431982575,-2.735244475077616,-0.9221293287879105,-0.7510735803860882,2.3831593929391426,-1.3998514986126194,-0.1330873499344939,1.0461295426749004,1.2731537385107443,-0.41402065655059084,-0.0851472980005204,0.1970395470643983,-2.6374100308525303,1.2841448163870286,-0.3705079699413645,0.5699302315303791,0.45873006064340793,-2.5749990752715286,-3.878354953468384,0.38181365434759973,5.772834941064795,-0.3520083335002253,-1.634945857989256,2.59927684224602,1.498109415889343,-1.4596849252646624,0.6198641167578833,-3.389013322328138,-1.2597877730095508,3.568148136473077,-0.6142258177250305,1.5123538739706872,-3.918073630776199,0.16281636141335853,-0.6297228971896304,-2.29739645365834,3.168979684994765,-0.1172936561430643,-1.84388941895087,-0.584776197876896,-0.09327284843618544,-1.303524054539087,-1.7011878270297955,1.88908112517204,1.2411462149001227,-1.4777332354250754,-1.2846673123577843,1.4121984615955905,2.7356368422113944,-0.4418142287597385,1.1101677783958233,-1.1755095127118285,0.6791728775261223,-5.843096485662528,-3.831761001522545,-2.0721028146094858,0.3092360676003395,3.0239571587966276,2.5886137690168045,2.9569705536988247,1.7304915834183558,-0.44601388310548423,0.10734989623181346,4.322750580152472,0.0763008213163261,-0.5932870188655163
-1.5016694516380897,-5.12619698751154,0.3578784728073199,3.3228773232676776,-1.5087282555703037,-3.576250917049509,-2.3633804241837786,0.4199625872527917,0.09441029578702531,0.4579160482033183,-1.2339385117169135,-2.06767092132659,5.096432587031041,-1.2990267762149896,-0.8646467921795209,-3.3378355213995983,0.8895498162220137,-2.7126149641386723,-0.19926930154798994,1.022288259773654,1.8166371081595878,-0.32143414054239505,-1.9336827452230345,-1.6562470360165664,-1.6123701028463002,-2.0350115074234933,-3.327018365762517,-0.9618939557946906,3.9587323746999896,-2.013920672421496,-2.063996172204492,-2.4392936075763814,1.7816055782722435,-0.10572839679560653,-2.6807528233846654,-6.848145032060771,2.6201891871168685,-2.8019636432893043,-0.9938874160081471,-0.8296806529493452,2.2948103610964683,-1.473532947960234,-0.2132710491186145,0.9620394692875607,1.1887338242147958,-0.4905850302006319,-0.1611196569262502,0.11884918864076499,-2.7087869467634214,1.1975590517789307,-0.449129179069771,0.4923474459204855,0.37880057033077985,-2.645438796045763,-3.947136796011045,0.30279432029583286,5.673515833913229,-0.42994970252572806,-1.7086973771835263,2.5107566989933208,1.4137959173965011,-1.5338010923871743,0.5405736410351041,-3.4569648716254173,-1.3365709228541243,3.4797057017053445,-0.6914836177231408,1.429396104077688,-3.987090623526792,0.0813376840799066,-0.7066406927897763,-2.3693110368140182,3.080071235675427,-0.19689696963425124,-1.91622508419404,-0.6598711844180285,-0.1749779347996896,-1.3776890415993317,-1.7746881606887621,1.8034406188452954,1.1620442281998338,-1.551545489715925,-1.3590990900329711,1.3272037084618566,2.6488824208298656,-0.5192657930271731,1.026657797618404,-1.2531835062617225,0.5983508205297685,-5.90181905097932,-3.8954648521801456,-2.1440047895252143,0.22880703356805265,2.9347974228231575,2.4990541992360464,2.8680019996130888,1.6451418772479645,-0.5238553465421099,0.025695403345260215,4.228514956334573,-0.004840265219907325,-0.6700863234602348
-1.4973072247602652,8.51873850000135,0.27660522784467956,3.2308265908285048,-1.5866585046943096,-3.6413068462982414,-2.438712594479076,0.3391909954814837,0.014221671166183891,0.3746748619672994,-1.3065293235363025,-2.1378154883807587,5.0014734022351615,-1.3759077501301338,-0.941230397082008,-3.409386518115607,0.8077905274978117,-2.7826993295579303,-0.2774864068642958,0.9391160332025617,1.7300521655040655,-0.4008768835978427,-2.0052430802941785,-1.7294859715524469,-1.6876889467024487,-2.107717093819791,-3.3974849371175733,-1.0363797280795413,3.8680017979066053,-2.0870013179547025,-2.1344795727063604,-2.5137101645929105,1.6926688460961186,-0.1861098156470995,-2.7529457904124275,-6.90984608878959,2.532006531035492,-2.868682811500954,-1.0656455032283838,-0.9082877255127022,2.2064613292538686,-1.5472143973078232,-0.2934547483027101,0.8779493959001712,1.10431390991881,-0.5671494038507103,-0.237092015851955,0.040658830217094155,-2.7801638626743124,1.1109732871708329,-0.5277503881981775,0.4147646603105417,0.29887108001813933,-2.7158785168199344,-4.0159186385537184,0.2237749862440659,5.574196726761652,-0.507891071551181,-1.7824488963777343,2.4222365557405965,1.3294824189036345,-1.607917259509699,0.4612831653123374,-3.524916420922735,-1.41335407269871,3.3912632669376626,-0.7687414177212761,1.346438334184651,-4.056107616277398,-0.00014099325357030956,-0.7835584883899346,-2.4412256199697584,2.9911627863560266,-0.2765002831254132,-1.9885607494372348,-0.7349661709591611,-0.25668302116320624,-1.4518540286595019,-1.848188494347741,1.7178001125185627,1.0829422414995695,-1.6253577440067872,-1.4335308677082077,1.242208955328273,2.5621279994482995,-0.5967173572945953,0.9431478168409972,-1.330857499811629,0.5175287635333523,-5.960541616296074,-3.959168702837772,-2.2159067644410557,0.14837799953576591,2.845637686849699,2.4094946294552644,2.7790334455273786,1.5597921710775984,-0.601696809978748,-0.05595908954139284,4.1342793325167,-0.08598135175615318,-0.7468856280548783
-1.4929449978824405,6.27962399518289,0.19533198288201425,3.138775858389332,-1.6645887538183533,-3.706362775546949,-2.5140447647744733,0.25841940371028815,-0.06596695345478243,0.29143367573134304,-1.3791201353557787,-2.207960055435078,4.906514217439282,-1.4527887240452277,-1.0178140019845576,-3.480937514831715,0.7260312387736847,-2.852783694977262,-0.3557035121806767,0.855943806631382,1.6434672228485183,-0.4803196266532404,-2.078269032595955,-1.8027249070883276,-1.7630077905586345,-2.1804226802161137,-3.4679515084726047,-1.1108655003643795,3.7772712211131463,-2.1600819634879085,-2.204962973208116,-2.58812672160959,1.6037321139200313,-0.26649123449861745,-2.825138757440178,-6.971547145518396,2.443823874954103,-2.93540197971263,-1.1374035904486077,-0.9868947980759843,2.1181122974112068,-1.6208958466554502,-0.3736384474868433,0.7938593225127941,1.019893995622824,-0.6437137775007764,-0.3130643747776972,-0.037531528206626585,-2.85154077858519,1.0243875225626726,-0.606371597326634,0.33718187470063554,0.2189415897054614,-2.7863182375941564,-4.084700481096355,0.14475565219236142,5.474877619610113,-0.5858324405767337,-1.85620041557198,2.333716412487897,1.2451689204107927,-1.6820334266321986,0.3819926895895708,-3.592867970220052,-1.4901372225432707,3.3028208321699557,-0.8465405991355155,1.263480564291664,-4.125124609028004,-0.08161967058704733,-0.8604762839901055,-2.513140203125474,2.902254337036701,-0.3561035966166001,-2.060896414680417,-0.810061157500281,-0.3383881075266979,-1.5260190157197593,-1.9216888280067075,1.632159606191818,1.003840254799268,-1.6991699982976742,-1.5079626453833819,1.1572142021945515,2.475373578066784,-0.6741689215620049,0.8596378360635657,-1.408531493361548,0.43670670653698596,-6.019264181612815,-4.022872553495349,-2.2878087393567967,0.06794896550340412,2.756477950876203,2.3199350596744575,2.690064891441594,1.4744424649072072,-0.6795382734153861,-0.13761358242800847,4.040043708698827,-0.167122438292449,-0.8236849326496343
-1.4885827710046158,-8.30641837901794,0.11405873791934895,3.046725125950184,-1.7425190029423594,-3.771418704795644,-2.5893769350697964,0.1776478119389926,-0.1461555780756738,0.2081924894953241,-1.4517109471752176,-2.278104622489285,4.811555032643353,-1.5296696979604092,-1.0943976068871446,-3.5524885115477236,0.6442719500495575,-2.922868060396545,-0.43392061749699506,0.7727715800602897,1.5568822801929334,-0.5597623697086132,-2.151294984897744,-1.8759638426241831,-1.8383266344148081,-2.2531282666123618,-3.5384180798276237,-1.1853512726492053,3.686540644319737,-2.233162609021077,-2.2754463737099595,-2.6625432786261563,1.5147953817439188,-0.346872653350098,-2.897331724467903,-7.0332482022472025,2.35564121887274,-3.002121147924268,-1.2091616776688567,-1.0655018706393162,2.0297632655685574,-1.6945772960030896,-0.4538221466709264,0.7097692491253922,0.9354740813268629,-0.7202781511508174,-0.3890367337034145,-0.11572188663024746,-2.922917694496081,0.9378017579545623,-0.6849928064550281,0.25959908909072926,0.13901209939283332,-2.856757958368341,-4.153482323639016,0.065736318140582,5.3755585124585235,-0.663773809602199,-1.9299519347662255,2.245196269235148,1.1608554219179261,-1.7561495937546732,0.3027022138667791,-3.660819519517407,-1.5669203723878191,3.214378397402186,-0.9261373196400857,1.1805227943986771,-4.194141601778609,-0.16309834792054922,-0.9373940795902262,-2.5850547862811775,2.8133458877173005,-0.4357069101077371,-2.133232079923612,-0.8851561440414011,-0.4200931938902395,-1.6001840027799665,-1.9951891616656614,1.5465190998651235,0.9247382680989664,-1.772982252588499,-1.5823944230585312,1.0722194490608679,2.3886191566852553,-0.7516204858294645,0.7761278552861715,-1.486205486911492,0.35588464954050725,-6.0779867469295565,-4.08657640415295,-2.359710714272601,-0.012480068528870292,2.6673182149027443,2.2303754898937003,2.601096337355946,1.3890927587368536,-0.7573797368520117,-0.21926807531463655,3.94580808488094,-0.24826352482866992,-0.9004842372443027
-1.484220544126791,-7.66039526147015,0.03278549295665867,2.9546743935109614,-1.8204492520663655,-3.836474634044376,-2.6647091053651435,0.09687622016770969,-0.22634420269656524,0.12495130325929271,-1.5243017589946688,-2.3482491895435786,4.716595847847499,-1.6065506718755158,-1.170981211789694,-3.624039508263807,0.5625126613253806,-2.9929524258158144,-0.5121377228133509,0.6895993534891598,1.4702973375373858,-0.6392051127639733,-2.224320937199545,-1.9492027781600887,-1.9136454782709564,-2.3258338530086595,-3.60888465118268,-1.2598370449340432,3.595810067526303,-2.306243254554296,-2.34592977421174,-2.7369598356428106,1.4258586495678565,-0.42725407220157846,-2.96952469149564,-7.094949258976022,2.267458562791388,-3.0688403161359554,-1.2809197648891308,-1.142627342510205,1.941414233725945,-1.7682587453507288,-0.5340058458550345,0.6256791757380276,0.8510541670308271,-0.7968425248009209,-0.4650090926291443,-0.19391224505389326,-2.994294610407035,0.8512159933464523,-0.7636140155834596,0.18201630348079811,0.05908260908018037,-2.9271976791425383,-4.2222641661817155,-0.013283015911147444,5.276239405306908,-0.7417151786276893,-2.0037034539604957,2.1566761259824103,1.0765419234250593,-1.8302657608772228,0.22341173814401238,-3.7287710688146998,-1.6437035222324548,3.1259359626345535,-1.0057340401446933,1.0975650245056652,-4.263158594529215,-0.2445770252540012,-1.014311875190397,-2.656969369436868,2.72443743839795,-0.5153102235989365,-2.2055677451668316,-0.9602511305825585,-0.5017982802537188,-1.6743489898401864,-2.0686894953246404,1.460878593538366,0.8456362813987022,-1.8467945068794236,-1.656826200733768,0.9872246959272215,2.301864735303714,-0.8290720500968867,0.6926178745088023,-1.563879480461411,0.27506259254412857,-6.13670931224631,-4.150280254810563,-2.4316126891883294,-0.09290910256118207,2.578158478929261,2.14081592011288,2.512127783270211,1.303743052566475,-0.8352212002886372,-0.3009225682012272,3.8515724610630047,-0.32940461136489085,-0.9772835418390338
-1.4798583172489665,5.77303182642703,-0.04848775200596922,2.862623661071826,-1.8983795011904092,-3.9015305632931216,-2.740041275660478,0.016104628396414133,-0.3065328273174691,0.041710117023298854,-1.596892570814095,-2.4183937565978475,4.621636663051595,-1.68343164579066,-1.2475648166922562,-3.695590504979891,0.4807533726012285,-3.063036791235084,-0.5903548281296943,0.6064271269179924,1.3837123948818633,-0.718647855819396,-2.297346889501309,-2.022441713695944,-1.988964322127105,-2.3985394394049573,-3.6793512225376617,-1.3343228172189066,3.5050794907328937,-2.379323900087452,-2.4164131747135333,-2.8113763926594153,1.336921917391719,-0.5076354910530465,-3.04171765852339,-7.156650315704878,2.1792759067100116,-3.1355594843476187,-1.3526778521093175,-1.2186886691464385,1.8530652018832952,-1.8419401946983183,-0.6141895450391551,0.5415891023506505,0.7666342527349035,-0.873406898450962,-0.5409814515548491,-0.27210260347756404,-3.065671526317888,0.7646302287383169,-0.8422352247118912,0.10443351787091681,-0.02084688123244771,-2.9976373999167727,-4.291046008724364,-0.09230234996288944,5.176920298155369,-0.8196565476531921,-2.0774549731547536,2.068155982729711,0.9922284249322051,-1.9043819279997598,0.14412126242124568,-3.796722618112092,-1.7204866720770156,3.0374935278668342,-1.0853307606492886,1.0146072546127032,-4.332175587279821,-0.3260557025875031,-1.0912296707905553,-2.7288839525925708,2.635528989078587,-0.594913537090086,-2.277903410409977,-1.035346117123641,-0.5835033666172479,-1.748513976900419,-2.142447603284261,1.3752380872116337,0.766534294698413,-1.9206067611703106,-1.7312579784089297,0.9022299427935627,2.215110313922173,-0.9065236143643087,0.6091078937314329,-1.6415534740113298,0.1942405355477248,-6.19543187756309,-4.213984105468215,-2.5035146641041455,-0.17333813659345643,2.48899874295579,2.0512563503321477,2.4231592291844377,1.2183933463960963,-0.9130626637252754,-0.38257706108783035,3.757336837245144,-0.4105456979011867,-1.0540828464337646
-1.4754960903711418,6.81153786404664,-0.12976099696863452,2.770572928632628,-1.9763097503144527,-3.9665864925418157,-2.8153734459558137,-0.06466696337485633,-0.38672145193837304,-0.04153106921265759,-1.6694833826335216,-2.4885383236520546,4.526677478255678,-1.7603126197057914,-1.3241484215947559,-3.7671415016959244,0.39899408387710134,-3.133121156654342,-0.6685719334460252,0.5232549003468876,1.2971274522263283,-0.7980905988747562,-2.3703728418030856,-2.0956806492318623,-2.0642831659833156,-2.47124502580128,-3.7498177938927304,-1.4088085895037699,3.4143489139394356,-2.452404545620621,-2.4868965752153267,-2.885792949676019,1.2479851852156565,-0.5880169099045519,-3.1139106255511395,-7.21835137243371,2.0910932506286475,-3.2022786525592943,-1.424435939329554,-1.2947499957825972,1.764716170040696,-1.9156216440459202,-0.6943732442232633,0.45749902896327344,0.6822143384388926,-0.9499712721010279,-0.6169538104805539,-0.3502929619012224,-3.1370484422288163,0.6780444641301566,-0.9208564338403227,0.02685073226097312,-0.10077637154510072,-3.068077120690944,-4.359827851267038,-0.17132168401465636,5.077601191003829,-0.8975979166786825,-2.151206492349012,1.9796358394769868,0.9079149264393884,-1.978498095122222,0.06483078669846654,-3.864406762252359,-1.7972698219215764,2.949051093099115,-1.1649274811538337,0.9316494847196413,-4.401192580030377,-0.4075343799209676,-1.1681474663906761,-2.800798535748287,2.546620539759224,-0.6745168505812604,-2.3502390756531346,-1.1104411036647859,-0.665208452980727,-1.8226789639606265,-2.218311231588003,1.2895975808848765,0.6874323079981615,-1.9944190154611352,-1.8056897560841414,0.817235189659854,2.1283558925406316,-0.9839751786317559,0.5255979129539887,-1.7192274675612738,0.11341847855133358,-6.254154442879819,-4.277687956125816,-2.5754166390199247,-0.25376717062578075,2.399839006982294,1.9616967805513907,2.334190675098778,1.1330436402257051,-0.990904127161901,-0.4642315539744585,3.6631012134272076,-0.49168678443745756,-1.130882151028433
-1.471133863493317,-8.98969784674684,-0.21103424193129983,2.678522196193393,-2.054239999438459,-4.031642421790523,-2.8907056162511733,-0.14543855514610188,-0.466910076559252,-0.12477225544868897,-1.7420741944529852,-2.558682890706349,4.431718293459836,-1.8371935936209605,-1.400732026497318,-3.838692498411983,0.3172347951529493,-3.203205522073599,-0.746789038762356,0.4400826737757203,1.210542509570781,-0.8775333419301414,-2.4433987941048745,-2.16891958476773,-2.1396020098395017,-2.543950612197553,-3.820284365247762,-1.4832943617886327,3.323618337145989,-2.5254851911538525,-2.5573799757171827,-2.960209506692686,1.1590484530395941,-0.66839832875607,-3.1861035925788768,-7.280052429162503,2.0029105945472336,-3.268997820770932,-1.496194026549778,-1.3708113224188558,1.676367138198046,-1.9893030933935472,-0.7745569434073339,0.3734089555758964,0.5977944241429567,-1.0265356457511063,-0.6929261694063087,-0.4284833203249556,-3.2084253581397197,0.591458699522009,-0.9994776429687293,-0.050732053348908124,-0.18070586185775372,-3.138516841465141,-4.428609693809674,-0.2503410180664108,4.978282083852215,-0.9755392857041353,-2.22495801154327,1.891115696224275,0.8236014279464967,-2.0526142622447843,-0.014459689024312716,-3.929794066433864,-1.8740529717661996,2.860608658331408,-1.244524201658404,0.8486917148266668,-4.470209572780982,-0.4890130572544445,-1.2450652619908096,-2.8727131189039774,2.457712090439899,-0.7541201640724224,-2.4225747408963167,-1.185536090205931,-0.7469135393442436,-1.8968439510207964,-2.294174859891707,1.2039570745581816,0.608330321297835,-2.06823126975201,-1.880121533759328,0.7322404365262325,2.0416014711591277,-1.0614267428991655,0.44208793217654463,-1.7969014611111553,0.03259642155492981,-6.3128770081965975,-4.341391806783393,-2.6473186139357283,-0.3341962046580926,2.310679271008836,1.8721372107706336,2.2452221210130174,1.0476939340553264,-1.0687455905985142,-0.5458860468610616,3.5688655896093344,-0.5728278709737284,-1.2076814556231141
-1.4667716366154924,8.64508409498828,-0.2923074868939777,2.5864714637542576,-2.132170248562465,-4.096698351039281,-2.9660377865465586,-0.2262101469173724,-0.5470987011801434,-0.20801344168473285,-1.8146650062724365,-2.6288274577605923,4.336759108663932,-1.9140745675360422,-1.477315631399905,-3.910243495128041,0.23547550642883464,-3.273289887492881,-0.8250061440787368,0.356910447204578,1.1239575669152335,-0.9569760849855017,-2.5164247464066634,-2.2421585203036107,-2.214920853695663,-2.616656198593863,-3.8907509366028306,-1.5577801340734585,3.2328877603526047,-2.598565836687021,-2.627863376218963,-3.034626063709278,1.0701117208634692,-0.748779747607538,-3.2582965596066016,-7.341753485891347,1.9147279384659324,-3.33571698898262,-1.5679521137700145,-1.4468726490550394,1.5880181063553842,-2.062984542741174,-0.8547406425914296,0.2893188821885443,0.5133745098469582,-1.103100019401135,-0.768898528331976,-0.506673678748564,-3.2798022740506356,0.5048729349139611,-1.0780988520971608,-0.12831483895883933,-0.26063535217039424,-3.2089565622393383,-4.497391536352323,-0.3293603521181403,4.878962976700651,-1.0534806547296132,-2.2987095307374905,1.8025955529715627,0.7392879294536925,-2.126730429367271,-0.09375016474706688,-3.995181370615332,-1.9508361216107604,2.7721662235637003,-1.324120922162999,0.7657339449336673,-4.539226565531588,-0.5704917345879464,-1.321983057590918,-2.9446277020596927,2.368803641120536,-0.8337234775636093,-2.4949104061395366,-1.260631076747051,-0.8286186257077228,-1.9710089380810412,-2.370038488195449,1.1183165682314993,0.5292283345975584,-2.142043524042885,-1.9545533114345148,0.6472456833925362,1.9548470497775494,-1.138878307166625,0.35857795139917537,-1.8745754546611242,-0.0482256354414739,-6.371599573513364,-4.405095657441006,-2.7192205888514946,-0.41462523869035445,2.2215195350354024,1.7825776409898137,2.1562535669272824,0.9623442278849728,-1.1465870540351897,-0.6275405397477022,3.474629965791448,-0.6539689575099119,-1.28448076021782
-1.4624094097376679,7.86111940893604,-0.37358073185663043,2.4944207313150724,-2.2101004976865086,-4.1617542802879885,-3.0413699568419057,-0.30698173868861794,-0.6272873258010098,-0.29125462792068924,-1.8872558180919128,-2.6989720248148243,4.241799923868053,-1.9909555414511864,-1.5538992363024422,-3.9817944918440995,0.15371621770468258,-3.3433742529121764,-0.9032232493950427,0.27373822063346065,1.037372624259711,-1.0364188280408868,-2.58945069870844,-2.315397455839479,-2.2902396975517987,-2.6893617849901856,-3.961217507957837,-1.6322659063582967,3.1421571835591084,-2.67164648222019,-2.6983467767207436,-3.109042620725919,0.9811749886873817,-0.8291611664590184,-3.3304895266343646,-7.403454542620191,1.8265452823844683,-3.402436157194308,-1.6397102009902886,-1.5229339756912605,1.499669074512722,-2.136665992088751,-0.9349243417755753,0.20522880880116723,0.42895459555097226,-1.179664393051226,-0.8448708872577307,-0.5848640371722472,-3.351179189961539,0.4182871703057759,-1.1567200612255424,-0.20589762456870808,-0.3405648424830722,-3.279396283013572,-4.56617337889496,-0.4083796861699197,4.779643869549073,-1.131422023755141,-2.372461049931723,1.7140754097188384,0.6549744309607759,-2.200846596489783,-0.17304064046985856,-4.0605686747968255,-2.027619271455334,2.6837237887959438,-1.4037176426675444,0.6827761750406554,-4.608243558282181,-0.6519704119213984,-1.3989008531911389,-3.016542285215383,2.279895191801148,-0.9133267910548087,-2.567246071382719,-1.3357260632881585,-0.910323712071227,-2.0451739251412486,-2.4459021164992034,1.032676061904717,0.45012634789724426,-2.2158557783337716,-2.028985089109714,0.5622509302588774,1.8680926283960082,-1.2163298714339974,0.2750679706218061,-1.952249448210981,-0.1290476924379026,-6.43032213883008,-4.468799508098595,-2.791122563767235,-0.49505427272269126,2.132359799061919,1.6930180712090441,2.0672850128415723,0.8769945217146315,-1.2244285174718403,-0.7091950326342928,3.3803943419735374,-0.7351100440462077,-1.3612800648125387
-1.4580471828598431,7.02012002388552,-0.4548539768192833,2.4023699988759244,-2.2880307468105148,-4.226810209536721,-3.116702127137253,-0.38775333045991345,-0.7074759504219387,-0.3744958141566832,-1.9598466299113142,-2.7691165918690928,4.146840739072173,-2.067836515366318,-1.6304828412049792,-4.053345488560145,0.07195692898050554,-3.413458618331508,-0.9814403547113612,0.19056599406229335,0.9507876816041387,-1.115861571096272,-2.6624766510102154,-2.388636391375322,-2.3655585414079345,-2.762067371386471,-4.031684079312856,-1.7067516786431598,3.051426606765699,-2.744727127753384,-2.7688301772225996,-3.1834591777425363,0.892238256511307,-0.9095425853105115,-3.4026824936621143,-7.465155599348986,1.738362626303067,-3.4691553254059837,-1.7114682882105128,-1.5989953023274317,1.41132004267016,-2.2103474414363777,-1.0151080409596833,0.12113873541381515,0.3445346812549738,-1.256228766701292,-0.9208432461835105,-0.6630543955959056,-3.4225561058724177,0.3317014056977031,-1.235341270353974,-0.2834804101785893,-0.42049433279571274,-3.349836003787769,-4.634955221437658,-0.4873990202216117,4.680324762397533,-1.2093633927806187,-2.4462125691260064,1.625555266466139,0.5706609324679341,-2.2749627636122955,-0.25233111619267523,-4.125955978978331,-2.1044024212999446,2.5952813540282618,-1.4833143631721395,0.599818405147631,-4.677260551032762,-0.7334490892548254,-1.4758186487912721,-3.088456868371087,2.1909867424818223,-0.9929301045459458,-2.639581736625889,-1.4108210498292784,-0.9920287984347561,-2.1193389122014814,-2.5217657448029325,0.9470355555780345,0.3710243611970051,-2.2896680326246335,-2.1034168667848885,0.4772561771251438,1.781338207014467,-1.293781435701432,0.191557989844362,-2.0299234417609497,-0.2098697494342564,-6.489044704146885,-4.532503358756246,-2.8630245386830397,-0.5754833067549906,2.043200063088423,1.6034585014282616,1.9783164587558744,0.7916448155442279,-1.3022699809084535,-0.7908495255209333,3.2861587181556766,-0.8162511305824661,-1.438079369407232
-1.4536849559820184,-8.98099111175608,-0.5361272217819736,2.3103192664367143,-2.3659609959345085,-4.291866138785428,-3.1920342974326132,-0.4685249222311839,-0.78766457504283,-0.45773700039271453,-2.032437441730803,-2.839261158923362,4.051881554276294,-2.144717489281462,-1.7070664461075162,-4.124896485276192,-0.009802359743621536,-3.483542983750728,-1.059657460027742,0.10739376749117602,0.8642027389485913,-1.1953043141516697,-2.7355026033120167,-2.4618753269112528,-2.440877385264158,-2.8347729577827687,-4.10215065066785,-1.781237450927998,2.9606960299722775,-2.8178077732865896,-2.839313577724406,-3.2578757347591276,0.8033015243352319,-0.9899240041619795,-3.4748754606898764,-7.526856656077804,1.6501799702217779,-3.5358744936175963,-1.7832263754307118,-1.6750566289636528,1.322971010827498,-2.284028890784005,-1.0952917401438165,0.037048662026438084,0.26011476695898783,-1.332793140351358,-0.9968156051091779,-0.7412447540195264,-3.4939330217833087,0.24511564108953032,-1.3139624794824178,-0.361063195788558,-0.5004238231083907,-3.420275724561991,-4.703737063980283,-0.566418354273416,4.581005655245919,-1.287304761806134,-2.5199640883202648,1.5370351232134019,0.4863474339751175,-2.34907893073482,-0.331621591915367,-4.1913432831597985,-2.1811855711445425,2.506838919260554,-1.5629110836767224,0.5168606352546938,-4.743438279507933,-0.8149277665883273,-1.5527364443914053,-3.1603714515268146,2.102078293162447,-1.0725334180371577,-2.711917401869096,-1.4859160363704484,-1.0737338847982354,-2.193503899261676,-2.5976293731066997,0.8613950492512399,0.29192237449667857,-2.3634802869155083,-2.1778486444600746,0.39226142399153485,1.6945837856329635,-1.371232999968929,0.10804800906695533,-2.1075974353108435,-0.2906918064306976,-6.5477672694636135,-4.596207209413835,-2.934926513598805,-0.6559123407873149,1.95404032711499,1.5138989316475044,1.8893479046701145,0.7062951093738619,-1.3801114443450917,-0.8725040184074742,3.191923094337815,-0.8973922171186995,-1.514878674001963
-1.4493227291041937,-8.06206966771477,-0.6093303537403324,2.2182685339975166,-2.44283589330605,-4.3569220680341605,-3.2629052312646847,-0.549296514002442,-0.8678531996637215,-0.5402442116699684,-2.105028253550229,-2.909405725977619,3.9619913347464184,-2.221598463196631,-1.7836500510100535,-4.196447481992263,-0.09152680225243676,-3.5536273491700605,-1.1378745653440854,0.024221540920021156,0.7841403932841446,-1.27474705720708,-2.808516861182274,-2.535114262447083,-2.516196229120319,-2.9074785441790914,-4.1726172220229065,-1.8557232232128487,2.8780036387236665,-2.8908884188197836,-2.9097969782262236,-3.3322922917757696,0.714364792159107,-1.0596692084258827,-3.534196896128087,-7.574697159297206,1.5638142490271816,-3.6025936618292596,-1.8459756886060787,-1.7467790075655785,1.2363453813409642,-2.357710340131619,-1.1754754393278994,-0.04704141136098894,0.17569485266302687,-1.409357514001399,-1.0675206823374996,-0.8115260817719951,-3.5653099376941872,0.15852987648142014,-1.392583688610812,-0.43864598139845173,-0.5799605695286204,-3.4907154453361757,-4.7635076432340595,-0.645437688325158,4.482314128554609,-1.3545073353211081,-2.5905446582896925,1.4516076323020264,0.4053836421833049,-2.423195097857332,-0.4109120676381711,-4.254741122526492,-2.257968720989129,2.428439170095957,-1.6390288701068918,0.4365522918509912,-4.798596744966461,-0.8964064439218042,-1.6229540283820931,-3.223947064462343,2.013169843843121,-1.1442351154933945,-2.7823284654221156,-1.5610110229115683,-1.1481394736836246,-2.2628262971665616,-2.672665854957902,0.7757545429245325,0.21331684586203126,-2.4339356894349873,-2.2522804221352617,0.3072666708578137,1.614258494366598,-1.4486845642363138,0.024538028289561087,-2.1852714288607755,-0.36922773328028957,-6.606489834780355,-4.659911060071437,-3.004143814277442,-0.7361953565493623,1.8697328627516117,1.4323287202992987,1.8003793505844163,0.6246055192852715,-1.4547883072768444,-0.9541585112940898,3.0976874705199045,-0.9785333036549955,-1.5916779785966442
-1.4449605022263692,-7.91058968056355,-0.6765090265903011,2.1388986006023325,-2.5074788263280308,-4.416267569652503,-3.3240459507516515,-0.6194032806363798,-0.938960420310285,-0.6091949784723024,-2.169304145090739,-2.967766507140767,3.881207360183722,-2.291400167103822,-1.847769232455204,-4.264680309010373,-0.15897722770743283,-3.6098357222266957,-1.2147329127760809,-0.046243057646285834,0.7116916945514735,-1.3460524978196666,-2.8672333400821257,-2.598513682792122,-2.5775733791294932,-2.9670286828301977,-4.228892486567225,-1.9210216529452082,2.8013684957791183,-2.9540821806631667,-2.9720719330554672,-3.3973210203705015,0.6346325991649493,-1.1260255930971872,-3.5924258578037813,-7.622461350929049,1.4898933685199809,-3.666953337671286,-1.9036645763255087,-1.8086456189906603,1.1622606025441289,-2.419781851459598,-1.2481409804429764,-0.1267343484969637,0.10546256568210566,-1.475689270038651,-1.131701103786545,-0.8756175212585682,-3.6253500102230634,0.08610412498460729,-1.4641827614038556,-0.514751959775597,-0.6455906336645723,-3.552228057145655,-4.81822035365914,-0.7137546060464189,4.397288250060381,-1.4184264614843047,-2.6500703430722963,1.3773154056909924,0.33529122241364107,-2.4957862356617087,-0.47757166943796403,-4.305871222852955,-2.322624515943576,2.354037902465209,-1.7044079514373596,0.36783421670005756,-4.853755210424939,-0.965062360813084,-1.685740352952879,-3.281774335421632,1.9372504570448654,-1.2097393100143272,-2.8404052077883915,-1.6244035598277053,-1.2157292121244305,-2.3228100210085723,-2.7342415246264817,0.6985506640938224,0.14851154876125439,-2.4935270551433586,-2.3199503580498018,0.22914438411489657,1.5416428275373433,-1.52173699369164,-0.05801001493268476,-2.2511421600975177,-0.4358004529030206,-6.65227523236083,-4.717030071013438,-3.0618070305472695,-0.8023184576654123,1.7947541311846982,1.3568659020697946,1.7149780433095858,0.5534686276853225,-1.5184037674457698,-1.0304632197943602,3.01095453427335,-1.0484181147685998,-1.6617050445671924
-1.4405982753485445,9.13489081450964,-0.7436876994402324,2.0612016293638886,-2.568393738969216,-4.466783939118494,-3.3851866702386797,-0.6857669812362892,-1.0046988649516746,-0.6781457452746363,-2.2274243769333903,-3.023533187392946,3.800423385621026,-2.353777770073461,-1.90999325067906,-4.321628839970611,-0.22642765316246638,-3.6655985732968848,-1.278296344178325,-0.11506224559706468,0.6392429958187398,-1.4110199401158652,-2.92594981898194,-2.657322660734226,-2.6385724846811716,-3.025393300306628,-4.285046070399755,-1.9810600684187785,2.724733352834532,-3.0127341336435016,-3.028081923371274,-3.4572955657517657,0.5601427654424131,-1.192381977768504,-3.6506548194795494,-7.670225542560891,1.415972488012843,-3.719044950459714,-1.9613534640449135,-1.8705122304157795,1.0881758237473311,-2.4790807457853283,-1.3138329421495338,-0.19625027525408967,0.0353557384578268,-1.5378341898015961,-1.1959244081544338,-0.9397089607452037,-3.682337042782293,0.013832194518232921,-1.528299086250907,-0.5776841486828131,-0.7112206978005491,-3.6082134876873093,-4.872933064084246,-0.7783670552935618,4.312262371566177,-1.482345587647539,-2.709596027854901,1.3030231790799582,0.2651988026439521,-2.555253063385802,-0.5425070394895515,-4.357001323179455,-2.385039011763785,2.2796366348344117,-1.7697870327677647,0.2991161415490988,-4.908913675883419,-1.0321911010345006,-1.7485266775235897,-3.3396016063809206,1.8626874629882029,-1.2752435045352097,-2.8984819501545287,-1.6851184751965427,-1.2833189505653362,-2.3827937448506322,-2.795817194295161,0.6273775015571275,0.08370625166046508,-2.5531184208517423,-2.379870360021913,0.15865847847902392,1.469027160708101,-1.5846144638645163,-0.12685598522743763,-2.3144387899839245,-0.5023731725257765,-6.696650943606411,-4.76621746271611,-3.1194702468171593,-0.8684415587815248,1.71977539961781,1.2814030838403156,1.640605425248576,0.4823317360853483,-1.5820192276147573,-1.0975686420616482,2.931211058256604,-1.115167157101731,-1.723992848621181
-1.4362360484707197,4.64602379643326,-0.8108663722902135,1.983504658125508,-2.6293086516104003,-4.51730030858452,-3.4463273897256963,-0.7521306818361986,-1.0704373095930395,-0.7470965120769704,-2.285544608776066,-3.0792998676451626,3.7196394110583295,-2.416155373043038,-1.972217268902841,-4.378577370930924,-0.2938780786175249,-3.7213614243671476,-1.3418597755805695,-0.18388143354788095,0.5667942970860687,-1.475987382412101,-2.9846662978816916,-2.716131638676355,-2.6995715902328374,-3.0837579177830836,-4.341199654232259,-2.041098483892374,2.6480982098899215,-3.0713860866238623,-3.084091913687044,-3.517270111133068,0.48565293171986434,-1.258738362439871,-3.7088837811552677,-7.71798973419272,1.3420516075056548,-3.771136563248204,-2.019042351764381,-1.9323788418408738,1.0140910449504459,-2.5383796401110583,-1.3795249038560662,-0.26576620201119067,-0.03475108876643962,-1.5999791095644913,-1.2601477125224352,-1.0038004002318517,-3.7393240753415107,-0.05843973594817892,-1.5924154110979956,-0.6406163375900666,-0.7768507619365383,-3.664198918228939,-4.927645774509289,-0.8429795045407293,4.227236493071924,-1.5462647138107108,-2.769121712637493,1.2287309524689494,0.19510638287428816,-2.614719891109919,-0.6074424095411889,-4.408131423505918,-2.447453507583919,2.2052353672036773,-1.8351661140981825,0.2303980663981402,-4.964072141341984,-1.099319841255967,-1.811313002094388,-3.3974288773402472,1.788124468931603,-1.3407476990560552,-2.9565586925207423,-1.7458333905654548,-1.3509086890061919,-2.4427774686926553,-2.85739286396379,0.5562043390203202,0.01890095455966323,-2.6127097865601394,-2.439790361993974,0.08817257284303903,1.3964114938788708,-1.647491934037368,-0.19570195552217795,-2.377735419870369,-0.5689458921484826,-6.74102665485193,-4.8154048544186825,-3.177133463086987,-0.9345646598975248,1.6447966680509343,1.2059402656108242,1.566232807187616,0.41119484448541155,-1.6456346877836825,-1.1646740643290112,2.8514675822398825,-1.1819161994348373,-1.78628065267522
-1.431873821592895,7.56104207238511,-0.8780450451402197,1.9058076868870522,-2.6902235642515233,-4.56781667805051,-3.507468109212712,-0.818494382436058,-1.1361757542344417,-0.8160472788792794,-2.343664840618705,-3.1350665478973783,3.638855436495696,-2.4785329760126524,-2.034441287126572,-4.435525901891212,-0.3613285040726084,-3.777124275437324,-1.4054232069828139,-0.25270062149872224,0.49434559835334757,-1.5409548247083371,-3.0433827767815806,-2.7749406166184967,-2.7605706957845033,-3.1421225352594764,-4.397353238064752,-2.1011368993660193,2.5714630669453475,-3.1300380396041607,-3.140101904002827,-3.5772446565143694,0.41116309799731576,-1.3250947471111627,-3.7671127428309745,-7.76575392582455,1.2681307269984543,-3.8232281760366824,-2.07673123948381,-1.9942454532659808,0.9400062661536357,-2.597678534436814,-1.445216865562636,-0.33528212876831665,-0.104857915990681,-1.662124029327474,-1.3243710168904115,-1.0678918397184374,-3.7963111079008156,-0.13071166641452825,-1.6565317359450717,-0.7035485264972827,-0.8424808260724778,-3.720184348770556,-4.982358484934457,-0.9075919537878472,4.1422106145777455,-1.610183839973945,-2.8286473974201227,1.1544387258579527,0.1250139631045618,-2.6741867188339876,-0.6723777795927638,-4.459261523832406,-2.509868003404078,2.130834099572854,-1.9005451954286376,0.161679991247194,-5.0192306068005,-1.1664485814773837,-1.874099326665136,-3.4552561482995365,1.7135614748749155,-1.4062518935769628,-3.0146354348869924,-1.806548305934292,-1.4184984274470351,-2.502761192534753,-2.918968533632495,0.48503117648365013,-0.04590434254110104,-2.6723011522685605,-2.499710363966048,0.01768666720712897,1.323795827049616,-1.7103694042103317,-0.26454792581695574,-2.4410320497567506,-0.635518611771226,-6.785402366097536,-4.864592246121292,-3.2347966793568146,-1.00068776101355,1.5698179364840332,1.1304774473813202,1.4918601891266305,0.34005795288542484,-1.7092501479527076,-1.2317794865963365,2.7717241062231244,-1.2486652417679185,-1.8485684567292338
-1.4275115947150705,-6.11837601484355,-0.9452237179901384,1.8281107156486336,-2.751138476892658,-4.618333047516536,-3.568608828699741,-0.8848580830359549,-1.2019141988758564,-0.8849980456815758,-2.401785072461343,-3.190833228149595,3.5580714619329745,-2.5409105789822917,-2.0966653053504407,-4.492474432851488,-0.428778929527617,-3.8328871265075124,-1.4689866383850207,-0.3215198094495136,0.4218968996206015,-1.6059222670045605,-3.1020992556813693,-2.8337495945606017,-2.8215698013361443,-3.2004871527359064,-4.453506821897293,-2.1611753148395896,2.4948279240007745,-3.188689992584509,-3.1961118943186095,-3.6372192018956584,0.33667326427479205,-1.3914511317824922,-3.8253417045067053,-7.813518117456379,1.1942098464912787,-3.8753197888251476,-2.1344201272032652,-2.0561120646911,0.8659214873567755,-2.6569774287625565,-1.510908827269181,-0.40479805552541764,-0.17496474321493488,-1.7242689490903815,-1.3885943212583378,-1.1319832792050604,-3.8532981404600584,-0.20298359688090262,-1.720648060792123,-0.7664807154045737,-0.9081108902084296,-3.776169779312198,-5.0370711953595375,-0.9722044030349899,4.05718473608353,-1.6741029661371667,-2.8881730822027016,1.0801464992469436,0.05492154333487298,-2.733653546558105,-0.7373131496443388,-4.5103916241589435,-2.5722824992242126,2.056432831942069,-1.9659242767590552,0.09296191609624793,-5.074389072259017,-1.2335773216987753,-1.9368856512359218,-3.5130834192588,1.6389984808182654,-1.4717560880978455,-3.0727121772531802,-1.8672632213031168,-1.486088165887916,-2.5627449163767517,-2.980544203301112,0.41385801394694277,-0.11070963964182795,-2.731892517976907,-2.5596303659381583,-0.0527992384287686,1.2511801602203234,-1.7732468743832206,-0.3333938961117086,-2.5043286796431827,-0.7020913313939695,-6.829778077343067,-4.913779637823903,-3.292459895626692,-1.06681086212965,1.4948392049171575,1.055014629151816,1.4174875710656456,0.26892106128541315,-1.7728656081216578,-1.2988849088637369,2.6919806302064027,-1.3154142841010497,-1.9108562607832225
-1.4231493678372458,-8.30114301594969,-1.0124023908401072,1.7504137444102026,-2.812053389533806,-4.668849416982476,-3.6297495481867443,-0.9512217836358018,-1.2676526435172835,-0.9539488124839224,-2.459905304303994,-3.2465999084018238,3.4772874873703286,-2.6032881819518563,-2.158889323574209,-4.549422963811764,-0.4962293549827005,-3.8886499775777006,-1.5325500697872652,-0.39033899740029243,0.3494482008879054,-1.6708897093007966,-3.160815734581221,-2.8925585725027307,-2.882568906887861,-3.2588517702123747,-4.509660405729823,-2.221213730313235,2.418192781056188,-3.2473419455648074,-3.252121884634354,-3.69719374727691,0.26218343055228077,-1.4578075164538467,-3.8835706661823863,-7.861282309088171,1.1202889659840907,-3.9274114016136386,-2.1921090149226576,-2.1179786761161568,0.7918367085599027,-2.716276323088275,-1.5766007889757636,-0.47431398228251864,-0.24507157043921374,-1.7864138688533016,-1.4528176256262766,-1.1960747186917082,-3.910285173019288,-0.2752555273472894,-1.7847643856392117,-0.8294129043117899,-0.973740954344419,-3.8321552098538403,-5.091783905784581,-1.03681685228212,3.972158857589326,-1.7380220923003635,-2.947698766985331,1.0058542726359097,-0.01517087643481596,-2.793120374282198,-0.8022485196960136,-4.561521724485382,-2.6346969950444086,1.9820315643113344,-2.0313033580894855,0.024243840945351702,-5.12954753771752,-1.3007060619202417,-1.9996719758066825,-3.5709106902181142,1.564435486761578,-1.5372602826187034,-3.1307889196193432,-1.927978136672029,-1.5536779043287716,-2.6227286402187744,-3.042119872969704,0.34268485141018545,-0.17551493674262975,-2.7914838836853164,-2.6195503679102075,-0.1232851440646911,1.178564493391056,-1.8361243445560844,-0.4022398664064864,-2.5676253095296016,-0.7686640510167005,-6.874153788588673,-4.9629670295265,-3.3501231118964823,-1.132933963245675,1.419860473350244,0.9795518109223247,1.3431149530046105,0.19778416968546397,-1.836481068290558,-1.3659903311310746,2.6122371541896943,-1.382163326434156,-1.9731440648372613
-1.418787140959421,-6.83555967547375,-1.0795810636900507,1.6727167731717467,-2.8729683021749777,-4.71936578644849,-3.690890267673711,-1.017585484235711,-1.3333910881586608,-1.0228995792862314,-2.5180255361466948,-3.302366588654027,3.3965035128075955,-2.6656657849214698,-2.221113341798065,-4.606371494772051,-0.563679780437734,-3.944412828647902,-1.596113501189472,-0.4591581853511337,0.2769995021552468,-1.73585715159702,-3.2195322134809725,-2.95136755044481,-2.9435680124395267,-3.317216387688817,-4.565813989562353,-2.281252145786805,2.3415576381116026,-3.305993898545168,-3.308131874950112,-3.7571682926582124,0.18978995180570357,-1.5241639011251509,-3.9417996278581047,-7.909046500720039,1.0463680854769275,-3.979503014402116,-2.2497979026421,-2.1798452875413137,0.7177519297630925,-2.7755752174140174,-1.6422927506822709,-0.5438299090396196,-0.3151783976635175,-1.8485587886162342,-1.5170409299942529,-1.260166158178294,-3.967272205578518,-0.3475274578136513,-1.848880710486288,-0.8923450932190184,-1.0393710184803333,-3.888140640395495,-5.146496616209661,-1.1014293015292753,3.8871329790950977,-1.8019412184636228,-3.007224451767911,0.9315620460249006,-0.08526329620449236,-2.852587202006278,-0.8671838897476385,-4.612651824811869,-2.6971114908645806,1.9076302966805867,-2.096682439419941,-0.04447423420559449,-5.184706003176011,-1.3678348021416458,-2.062458300377468,-3.6287379611774035,1.4898724927049154,-1.602764477139636,-3.1888656619855436,-1.988693052040866,-1.62126764276964,-2.6827123640608974,-3.103695542638383,0.27151168887340316,-0.24032023384340662,-2.851075249393725,-2.6794703698823055,-0.1937710497006636,1.105948826561826,-1.8990018147290233,-0.4710858367012143,-2.6309219394160213,-0.835236770639419,-6.918529499834205,-5.012154421229147,-3.4077863281663596,-1.19905706436175,1.3448817417833558,0.9040889926928206,1.2687423349436378,0.12664727808552723,-1.9000965284595581,-1.4330957533984126,2.5324936781729486,-1.4489123687672996,-2.03543186889125
-1.4144249140815963,-7.94561714893489,-1.146759736540007,1.5950198019333033,-2.933883214816163,-4.769882155914504,-3.752030987160727,-1.0839491848355955,-1.3984506040861282,-1.0918503460885405,-2.5761457679892956,-3.3581332689062187,3.3157195382449114,-2.728043387891109,-2.283337360021833,-4.6633200257323395,-0.6311302058927176,-4.000175679718103,-1.6596769325917164,-0.527977373301925,0.2045508034225506,-1.800824593893231,-3.2782486923808367,-3.0101765283869764,-3.0045671179911926,-3.375581005165235,-4.621967573394833,-2.341290561260463,2.2649224951670535,-3.3646458515254913,-3.3641418652659194,-3.817142838039514,0.11796045869341076,-1.5905202857964678,-4.0000285895338115,-7.956810692351881,0.9724472049697643,-4.031594627190581,-2.30748679036153,-2.2417118989663956,0.6436671509662324,-2.8348741117397607,-1.7079847123888534,-0.6133458357967331,-0.38528522488775896,-1.9107037083791918,-1.5812642343622167,-1.3242575976649045,-4.024259238137761,-0.41979938828003815,-1.9129970353333767,-0.9552772821262595,-1.1050010826162977,-3.9441260709370995,-5.201209326634804,-1.1660417507764054,3.8021071006009075,-1.8658603446268194,-3.066750136550466,0.8572698194139039,-0.15535571597415626,-2.9120540297303457,-0.9321192597992259,-4.66378192513837,-2.7595259866847517,1.8332290290497515,-2.1620615207503957,-0.1131923093565656,-5.239864468634552,-1.434963542363075,-2.1252446249482166,-3.6865652321367044,1.4153094986482777,-1.6682686716605186,-3.2469424043517687,-2.0494079674097536,-1.6888573812104708,-2.7426960879029325,-3.1652712123070126,0.2003385263367332,-0.30512553094415845,-2.910297361942135,-2.7393903718544044,-0.2642569553365861,1.033333159732571,-1.9618792849019497,-0.5399318069959671,-2.694218569302415,-0.9018094902621625,-6.962905211079773,-5.061341812931732,-3.4654495444361872,-1.2651801654777999,1.2699030102164675,0.828626174463329,1.1943697168826652,0.05551038648549067,-1.9637119886285208,-1.500201175665738,2.4527502021562144,-1.5156614111004183,-2.097719672945289
-1.4100626872037718,-8.63780850409653,-1.2139384093899632,1.5173228306948727,-2.9947981274572975,-4.8203985253805195,-3.8131717066477053,-1.1503128854354423,-1.4632865607699874,-1.1608011128908744,-2.634265999831947,-3.4138999491584103,3.234935563682228,-2.7904209908606985,-2.3455613782456144,-4.720268556692627,-0.6985806313478136,-4.055938530788254,-1.7232403639939358,-0.5967965612527288,0.1321021046898171,-1.8657920361894544,-3.3369651712806254,-3.0689855063290814,-3.065566223542846,-3.433945622641666,-4.678121157227375,-2.401328976734046,2.1882873522224555,-3.423297804505814,-3.420151855581702,-3.877117383420778,0.04613096558105545,-1.6568766704678597,-4.0582575512095795,-8.004574883983684,0.8985263244626263,-4.083686239979072,-2.365175678080947,-2.303578510391527,0.569582372169422,-2.894173006065466,-1.7736766740954357,-0.6828617625537967,-0.45539205211200035,-1.9728486281420745,-1.6454875387301306,-1.3883490371515648,-4.081246270697041,-0.49207131874642496,-1.977113360180453,-1.0193487668415284,-1.170631146752287,-4.000111501478742,-5.25592203705991,-1.2306542000235732,3.7170812221066534,-1.9297794707900537,-3.126275821333082,0.7829775928028699,-0.22544813574384515,-2.971520857454526,-0.9970546298508384,-4.7149120254648444,-2.8219404825049237,1.7588277614190166,-2.227440602080838,-0.1819103845074868,-5.295022934093105,-1.5020922825845415,-2.1880309495189647,-3.744392503096006,1.3407465045916276,-1.7337728661814014,-3.3050191467179566,-2.110122882778603,-1.756447119651364,-2.8026798117449054,-3.2268468819756544,0.12916536380000088,-0.3699308280449478,-2.9689850974215197,-2.799310373826491,-0.33474286097252115,0.9607174929033162,-2.0247567550748133,-0.6087777772907199,-2.7575151991887976,-0.9683822098848686,-7.007280922325317,-5.110529204634305,-3.5231127607060397,-1.3313032665938374,1.194924278649579,0.7531633562338624,1.11999709882168,-0.01562650511448349,-2.0273274487974584,-1.567306597933101,2.373006726139506,-1.582410453433537,-2.160007476999315
-1.405700460325947,-7.10707861836647,-1.2811170822399194,1.4396258594564666,-3.0557130400984205,-4.870914894846509,-3.8743124261347095,-1.2166765860353268,-1.5281225174537971,-1.2297518796932208,-2.692386231674573,-3.4696666294106384,3.154151589119569,-2.852798593830313,-2.4077853964694453,-4.777217087652878,-0.7660310568028721,-4.111701381858517,-1.7868037953962175,-0.6656157492035576,0.05965340595713342,-1.9307594784856905,-3.3956816501804648,-3.1277944842711856,-3.126565329094512,-3.49060611358144,-4.734274741059868,-2.461367392207641,2.111652209277807,-3.481949757486162,-3.476161845897484,-3.937091928802105,-0.02569852753127483,-1.7232330551391266,-4.116486512885323,-8.052339075615489,0.8246054439554256,-4.135777852767525,-2.4228645658003645,-2.365445121816597,0.49549759337259935,-2.953471900391259,-1.8393686358019683,-0.75237768931096,-0.5254988793362417,-2.034993547905007,-1.7097108430980945,-1.4524404766381753,-4.138233303256283,-0.5643432492127869,-2.0412296850275666,-1.0847743913342232,-1.2362612108882138,-4.056096932020384,-5.31063474748504,-1.2952666492706908,3.6320553436124756,-1.9936985969532255,-3.1858015061156992,0.7086853661918981,-0.29554055551355907,-3.030987685178582,-1.0619899999024507,-4.766042125791345,-2.884354978325095,1.6844264937882316,-2.2928196834112438,-0.25062845965842045,-5.3501813995515715,-1.5692210228059331,-2.250817274089738,-3.802219774055308,1.266183510534965,-1.7992770607022717,-3.363095889084157,-2.1708377981474527,-1.8240368580921948,-2.8626635355870036,-3.2884225516443095,0.05799220126326843,-0.4347361251457371,-3.0276728329009055,-2.8592303757985515,-0.40522876660844365,0.8881018260740488,-2.087634225247715,-0.6776237475854853,-2.8208118290752164,-1.0349549295076619,-7.051656633570886,-5.159716596336927,-3.58077597697588,-1.3974263677099001,1.1199455470827033,0.6777005380043211,1.045624480760695,-0.0867633967144702,-2.0909429089664213,-1.6344120202004389,2.2932632501227594,-1.6491594957666182,-2.2222952810533165
-1.4013382334481224,-6.70854753545135,-1.3482957550898382,1.3619288882179983,-3.11662795273958,-4.921431264312473,-3.9354531456217376,-1.2830402866352113,-1.5929584741376066,-1.298702646495555,-2.7505064635172367,-3.52543330966288,3.073367614556835,-2.9151761967999024,-2.4700094146931892,-4.834165618613166,-0.8334814822578932,-4.167464232928693,-1.8503672267984494,-0.7344349371543615,-0.012795292775575229,-1.995726920781914,-3.4543981290802535,-3.1866034622133146,-3.1875644346461653,-3.5462846158785277,-4.790428324892397,-2.5214058076812114,2.0350170663332836,-3.5406017104664853,-3.5321718362132293,-3.9970664741833195,-0.0975280206436176,-1.7895894398104435,-4.174715474561054,-8.10010326724737,0.7506845634482,-4.187869465556016,-2.4805534535198444,-2.427311733241716,0.4214128145757391,-3.012770794716989,-1.9050605975085382,-0.8218936160680486,-0.595605706560508,-2.097138467667952,-1.7739341474660208,-1.5165319161248358,-4.195220335815501,-0.6366151796791861,-2.1053460098745678,-1.1502000158268806,-1.3018912750242033,-4.112082362562051,-5.365347457910134,-1.3598790985178337,3.547029465118272,-2.057617723116497,-3.245327190898279,0.634393139580889,-0.3656329752832229,-3.0904545129026992,-1.1269253699540758,-4.817172226117808,-2.946769474145267,1.6100252261574715,-2.3581987647417115,-0.31934653480937913,-5.405339865010088,-1.636349763027387,-2.313603598660511,-3.860047045014597,1.191620516478315,-1.864781255223142,-3.421172631450382,-2.2315527135163027,-1.8916265965330505,-2.922647259429014,-3.3499982213129016,-0.01318096127343893,-0.49954142224648895,-3.0863605683803286,-2.9191503777706505,-0.4757146722443787,0.8154861592447813,-2.1505116954206414,-0.7464697178802256,-2.8841084589616983,-1.101527649130368,-7.09603234481643,-5.208903988039549,-3.63843919324572,-1.46354946882595,1.0449668155158274,0.6022377197748419,0.97125186269971,-0.1579002883144069,-2.1545583691354087,-1.7015174424677892,2.213519774106026,-1.7159085380997243,-2.2845830851073052
-1.3969760065702976,-7.26977770167428,-1.4154744279398193,1.28423191697958,-3.1775428653807776,-4.9719476337785125,-3.9965938651087294,-1.3494039872350956,-1.657794430821416,-1.3676534132978637,-2.8086266953599246,-3.581199989915059,2.9925836399941765,-2.977553799769529,-2.5322334329170078,-4.891114149573429,-0.9009319077129267,-4.22322708399887,-1.9139306582006688,-0.8032541251051777,-0.08524399150829631,-2.0606943630781624,-3.5131146079800795,-3.245412440155431,-3.2485635401978694,-3.6019631181756404,-4.846581908724939,-2.5814442231548442,1.9583819233887099,-3.5992536634468335,-3.5881818265290244,-4.057041019564658,-0.1693575137559104,-1.8559458244817977,-4.232944436236735,-8.1478674588792,0.6767636829410244,-4.239961078344494,-2.538242341239287,-2.489178344666823,0.34732803577887883,-3.072069689042669,-1.9707525592151456,-0.8914095428251496,-0.665712533784762,-2.1592833874308974,-1.8381574518339971,-1.5806233556114089,-4.252207368374768,-0.7088871101455355,-2.169462334721694,-1.2156256403196006,-1.3675213391601426,-4.168067793103655,-5.420060168335189,-1.4244915477649513,3.4620035866240313,-2.1215368492796562,-3.3048528756808837,0.5601009129698427,-0.4357253950529618,-3.14992134062678,-1.1918607400057004,-4.868302326444345,-3.009183969965438,1.5356239585267113,-2.4235778460721416,-0.38806460996030034,-5.460498330468604,-1.7034785032488038,-2.376389923231285,-3.917874315973898,1.117057522421665,-1.9302854497440496,-3.479249373816608,-2.2922676288851274,-1.9592163349738938,-2.982630983271049,-3.4115738909815434,-0.0843541238101963,-0.5643467193472533,-3.145048303859764,-2.9790703797427236,-0.5462005778802888,0.7428704924155762,-2.213389165593518,-0.815315688174991,-2.9474050888480807,-1.1681003687531115,-7.140408056062011,-5.258091379742134,-3.6961024095155848,-1.529672569942025,0.969988083948939,0.5267749015453753,0.8968792446387748,-0.2290371799143811,-2.2181738293043587,-1.768622864735152,2.133776298089318,-1.7826575804328555,-2.3468708891613566
-1.3926137796924731,6.51321384501296,-1.4826531007897632,1.2065349457411616,-3.2384577780219255,-5.022464003244489,-4.057734584595745,-1.4157676878350176,-1.7226303875052507,-1.4366041801001854,-2.8667469272025388,-3.636966670167288,2.9117996654314933,-3.039931402739068,-2.5944574511408636,-4.948062680533742,-0.9683823331679853,-4.27898993506907,-1.977494089602938,-0.8720733130559815,-0.15769269024097993,-2.1256618053743734,-3.571831086879869,-3.3042214180975735,-3.3095626457495477,-3.6576416204726536,-4.902735492557406,-2.641482638628477,1.8817467804440489,-3.6579056164272066,-3.644191816844832,-4.117015564945935,-0.24118700686825317,-1.9223022091531272,-4.291173397912441,-8.195631650510991,0.6028428024338739,-4.292052691132972,-2.5959312289586913,-2.551044956091955,0.2732432569820311,-3.1313685833684497,-2.036444520921653,-0.9609254695822631,-0.7358193610090034,-2.2214283071937677,-1.9023807562019734,-1.6447147950980694,-4.30919440093401,-0.7811590406119349,-2.2335786595687703,-1.2810512648122454,-1.433151403296107,-4.224053223645322,-5.4747728787602945,-1.4891039970121067,3.3769777081298153,-2.1854559754428653,-3.3643785604634884,0.48580868635885843,-0.5058178148226257,-3.2093881683508974,-1.2567961100572755,-4.919432426770784,-3.07159846578561,1.4612226908959263,-2.4889569274025964,-0.45678268511130893,-5.51565679592712,-1.7706072434702702,-2.4391762478020578,-3.9757015869331997,1.0424945283650149,-1.99578964426492,-3.5373261161827205,-2.352982544254014,-2.0268060734147495,-3.0426147071131098,-3.473149560650235,-0.15552728634691615,-0.6291520164480302,-3.2037360393391126,-3.038990381714785,-0.6166864835162112,0.6702548255862837,-2.276266635766419,-0.8841616584697187,-3.0107017187344747,-1.234673088375805,-7.184783767307593,-5.307278771444781,-3.7537656257854124,-1.595795671058075,0.8950093523820508,0.45131208331583395,0.8225066265777521,-0.30017407151431785,-2.2817892894733216,-1.8357282870024774,2.054032822072596,-1.8494066227659742,-2.4091586932153577
-1.3882515528146484,7.47653909558152,-1.5498317736397194,1.1288379745027057,-3.2993726906630476,-5.072980372710479,-4.118875304082762,-1.4821313884348393,-1.78746634418911,-1.5055549469025193,-2.924867159045202,-3.6927333504195285,2.831015690868834,-3.1023090057087197,-2.656681469364594,-5.00501121149403,-1.0358327586230063,-4.334752786139246,-2.0410575210051327,-0.9408925010067979,-0.23014138897365105,-2.190629247670597,-3.6305475657797075,-3.36303039603969,-3.3705617513012136,-3.7133201227697663,-4.958889076389974,-2.701521054102048,1.8051116374995007,-3.7165575694074677,-3.700201807160589,-4.176990110327237,-0.31301649998055847,-1.988658593824469,-4.349402359588223,-8.243395842142858,0.5289219219267607,-4.3441443039214125,-2.6536201166781215,-2.6129115675170365,0.19915847818520838,-3.1906674776941673,-2.1021364826282105,-1.030441396339389,-0.8059261882333322,-2.2835732269567997,-1.9666040605699122,-1.7088062345846549,-4.3661814334932405,-0.8534309710782841,-2.297694984415834,-1.3464768893049404,-1.4987814674320838,-4.280038654186927,-5.5294855891853505,-1.5537164462592494,3.291951829635612,-2.2493751016061125,-3.4239042452460673,0.4115164597478619,-0.5759102345923022,-3.268854996075003,-1.3217314801089004,-4.970562527097258,-3.134012961605806,1.3868214232651288,-2.5543360087330393,-0.5255007602622426,-5.570815261385623,-1.8377359836916618,-2.501962572372806,-4.033528857892526,0.9679315343083523,-2.0612938387858524,-3.5954028585489466,-2.4136974596228766,-2.0943958118556427,-3.10259843095512,-3.5347252303188643,-0.22670044888362356,-0.6939573135487945,-3.2624237748185356,-3.0989103836868956,-0.6871723891521587,0.5976391587570538,-2.3391441059393454,-0.9530076287645091,-3.073998348620882,-1.3012458079985736,-7.229159478553137,-5.356466163147341,-3.811428842055265,-1.6619187721741,0.8200306208151624,0.3758492650863924,0.748134008516792,-0.3713109631143544,-2.3454047496422845,-1.9028337092698153,1.9742893460558755,-1.916155665099043,-2.4714464972693593
-1.3838893259368237,6.79679308065588,-1.617010446489713,1.0511410032642248,-3.360287603304233,-5.123496742176493,-4.18001602356974,-1.5484950890347238,-1.8523023008729695,-1.5745057137048033,-2.982987390887815,-3.7485000306716953,2.7502317163061383,-3.164686608678334,-2.7189054875884375,-5.061959742454318,-1.1032831840780775,-4.3905156372094725,-2.1046209524073767,-1.0097116889575641,-0.3025900877063722,-2.255596689966783,-3.689264044679547,-3.4218393739817694,-3.431560856852892,-3.768998625066879,-5.015042660222466,-2.761559469575655,1.728476494554952,-3.775209522387841,-3.756211797476384,-4.2369646557085385,-0.3848459930928388,-2.0550149784957856,-4.407631321263891,-8.291160033774675,0.4550010414195601,-4.396235916709878,-2.7113090043975383,-2.6747781789421436,0.12507369938836066,-3.24996637201986,-2.167828444334743,-1.0999573230965025,-0.8760330154575735,-2.3457181467196824,-2.0308273649378883,-1.7728976740712779,-4.423168466052471,-0.9257029015446836,-2.361811309262923,-1.411902513797635,-1.5644115315679983,-4.336024084728582,-5.584198299610469,-1.6183288955064046,3.206925951141371,-2.313294227769334,-3.4834299300286595,0.3372242331368529,-0.6460026543619786,-3.328321823799058,-1.3866668501605253,-5.021692627423809,-3.1964274574260028,1.3124201556343686,-2.6197150900634574,-0.5942188354131512,-5.625973726844127,-1.9048647239130658,-2.5647488969436045,-4.09135612885179,0.8933685402517273,-2.126798033306698,-3.653479600915147,-2.4744123749917515,-2.1619855502964613,-3.1625821547971933,-3.5963008999874946,-0.29787361142039337,-0.7587626106495713,-3.3211115102979587,-3.158830385658945,-0.7576582947880438,0.5250234919277863,-2.4020215761122348,-1.0218535990592619,-3.1372949785072883,-1.367818527621317,-7.27353518979873,-5.405653554849951,-3.8690920583250668,-1.728041873290175,0.7450518892482489,0.30038644685690086,0.6737613904558444,-0.4424478547142662,-2.409020209811234,-1.9699391315371533,1.8945458700391418,-1.9829047074321369,-2.533734301323361
-1.3795270990589992,-8.02051760332106,-1.6841891193396192,0.973444032025844,-3.4212025159453425,-5.174013111642482,-4.241156743056731,-1.6148587896345956,-1.9171382575567417,-1.6434564805071499,-3.0411076227304665,-3.8042667109239243,2.669447741743417,-3.2270642116479484,-2.781129505812256,-5.1189082734145686,-1.1707336095330736,-4.446278488279698,-2.1681843838096087,-1.078530876908443,-0.3750387864390808,-2.3205641322630437,-3.747980523579349,-3.4806483519238984,-3.4925599624045454,-3.824677127363916,-5.071196244054958,-2.8215978850492505,1.6518413516103412,-3.8338614753681384,-3.8122217877921667,-4.296939201089778,-0.45667548620518156,-2.121371363167115,-4.4658602829396346,-8.338924225406505,0.3810801609123846,-4.448327529498344,-2.7689978921169685,-2.736644790367225,0.05098892059158788,-3.309265266345628,-2.2335204060413503,-1.169473249853616,-0.9461398426818275,-2.4078630664826277,-2.0950506693058273,-1.8369891135578884,-4.4801554986117,-0.9979748320110579,-2.4259276341100113,-1.4773281382902925,-1.630041595703975,-4.392009515270236,-5.6389110100355735,-1.6829413447535349,3.121900072647205,-2.3772133539325933,-3.542955614811289,0.2629320065258688,-0.7160950741316674,-3.387788651523164,-1.4516022202121253,-5.072822727750272,-3.2588419532461117,1.2380188880036587,-2.6850941713938745,-0.66293691056411,-5.681132192302655,-1.9719934641345325,-2.6275352215143277,-4.149183399811079,0.8188055461950521,-2.1923022278276054,-3.7115563432813223,-2.5351272903606015,-2.2295752887373297,-3.222565878639216,-3.657876569656149,-0.36904677395712576,-0.8235679077503606,-3.3797992457773445,-3.2187503876310677,-0.8281442004240163,0.4524078250985438,-2.4648990462851605,-1.0906995693540273,-3.2005916083937453,-1.4343912472440354,-7.317910901044236,-5.454840946552573,-3.9267552745949192,-1.7941649744062251,0.6700731576813608,0.2249236286273968,0.5993887723948217,-0.5135847463143278,-2.4726356699802094,-2.0370445538044786,1.814802394022408,-2.0496537497652927,-2.5960221053773997
-1.3751648721811744,-7.59801956026581,-1.7513677921896253,0.8957470607873881,-3.4821174285864904,-5.2245294811085214,-4.30229746254376,-1.681222490234505,-1.9819742142405887,-1.7124072473095213,-3.099227854573117,-3.8600333911761027,2.5886637671807957,-3.289441814617563,-2.8433535240360497,-5.175856804374857,-1.2381840349881568,-4.50204133934985,-2.231747815211853,-1.1473500648592092,-0.4474874851717894,-2.385531574559267,-3.8066970024791127,-3.539457329866016,-3.5535590679561864,-3.8803556296610164,-5.127349827887488,-2.881636300522871,1.5752062086657428,-3.8925134283484866,-3.868231778107937,-4.356913746471092,-0.5285049793175118,-2.1877277478384944,-4.524089244615341,-8.386688417038359,0.30715928040522145,-4.500419142286846,-2.826686779836411,-2.7985114017923447,-0.0230958582052474,-3.3685641606713457,-2.2992123677479075,-1.238989176610692,-1.016246669906094,-2.4700079862455477,-2.1592739736737414,-1.9010805530445114,-4.537142531170918,-1.0702467624773948,-2.4900439589570507,-1.5427537627829873,-1.695671659839927,-4.447994945811929,-5.693623720460667,-1.7475537940006776,3.0368741941529516,-2.4411324800957526,-3.6024812995938555,0.18863977991483472,-0.7861874939013813,-3.4472554792472687,-1.5165375902637752,-5.123952828076747,-3.3212564490663334,1.1636176203728485,-2.7504732527243174,-0.731654985715081,-5.736290657761146,-2.039122204355924,-2.690321546085113,-4.207010670770406,0.7442425521384022,-2.2578064223484757,-3.7696330856475475,-2.5958422057294754,-2.2971650271781727,-3.282549602481252,-3.7194522393247906,-0.4402199364938332,-0.8883732048511125,-3.4384869812567667,-3.2786703896031293,-0.8986301060599389,0.37979215826926394,-2.5277765164580375,-1.159545539648755,-3.2638882382801278,-1.5009639668667538,-7.362286612289806,-5.5040283382551705,-3.9844184908647975,-1.8602880755222753,0.5950944261144724,0.14946081039789283,0.5250161543338241,-0.584721637914277,-2.5362511301491226,-2.104149976071854,1.7350589180056868,-2.116402792098362,-2.658309909431388
-1.3708026453033497,-8.81970230076839,-1.8185464650395566,0.8180500895489822,-3.543032341227687,-5.275045850574511,-4.3634381820307135,-1.747586190834327,-2.046810170924423,-1.7813580141118304,-3.157348086415781,-3.9158000714283814,2.507879792618062,-3.3518194175871523,-2.905577542259868,-5.23280533533517,-1.305634460443228,-4.557804190420038,-2.295311246614072,-1.216169252810038,-0.519936183904498,-2.4504990168554532,-3.8654134813789893,-3.598266307808145,-3.614558173507878,-3.9360341319580794,-5.1835034117200305,-2.9416747159964665,1.4985710657211693,-3.95116538132881,-3.9242417684237063,-4.416888291852394,-0.6003344724298296,-2.254084132509799,-4.582318206291097,-8.442395270538068,0.23323839989800843,-4.552510755075325,-2.8843756675558403,-2.860378013217514,-0.0971806370021201,-3.4278630549970766,-2.364904329454465,-1.3085051033678181,-1.086353497130335,-2.5321529060084806,-2.2234972780417177,-1.9651719925311344,-4.594129563730223,-1.1425186929437565,-2.5541602838041513,-1.6081793872756198,-1.7613017239758912,-4.5039803763535335,-5.748336430885735,-1.8121662432478327,2.9518483156587862,-2.5050516062589745,-3.6620069843764975,0.11434755330382562,-0.8562799136710827,-3.5067223069714117,-1.581472960315375,-5.175082928403235,-3.3836709448864672,1.089216352742076,-2.8158523340547603,-0.8003730608660022,-5.791449123219663,-2.106250944577428,-2.7531078706558736,-4.264837941729707,0.669679558081727,-2.323310616869371,-3.8277098280137727,-2.656557121098313,-2.3647547656190158,-3.342533326323287,-3.78102790899342,-0.5113930990305781,-0.9531785019519143,-3.497174716736115,-3.338590391575215,-0.9691160116958613,0.30717649144004644,-2.590653986630951,-1.2283915099434954,-3.3271848681665466,-1.5675366864894975,-7.406662323535387,-5.553215729957755,-4.042081707134599,-1.9264111766383252,0.5201156945476091,0.07399799216835135,0.4506435362728516,-0.6558585295142012,-2.599866590318123,-2.1712553983392042,1.655315441988953,-2.1831518344315057,-2.7205977134854145
-1.366440418425525,-7.27252406519234,-1.8857251378895252,0.7403531183104763,-3.6039472538688226,-5.325562220040526,-4.424578901517755,-1.8139498914342365,-2.111646127608295,-1.8503087809141143,-3.21874293030952,-3.971566751680548,2.427095818055391,-3.4141970205567658,-2.9678015604836743,-5.28975386629542,-1.3730848858981866,-4.613567041490264,-2.358874678016292,-1.2849884407608543,-0.592816654519628,-2.5154664591517015,-3.92412996027884,-3.662587869884562,-3.685778021547577,-3.991712634255167,-5.239656995552535,-3.0063471762089815,1.4190168037689508,-4.0098173343091705,-3.9802517587395396,-4.4768628372336705,-0.6721639655421724,-2.3204405171811158,-4.640547167966828,-8.503075726537142,0.15931751939083283,-4.605495652526523,-2.94206455527532,-2.922244624642583,-0.1712654157989803,-3.487161949322844,-2.430596291161023,-1.3858248967768032,-1.1564603243546265,-2.594297825771438,-2.287720582409719,-2.0292634320177703,-4.651116596289503,-1.2147906234101433,-2.6182766086511906,-1.6747004270500472,-1.826931788111868,-4.559965806895176,-5.803049141310866,-1.876778692494938,2.866822437164533,-2.5708029929017613,-3.7215326691590773,0.03841966736317315,-0.9276534940543468,-3.566189134695505,-1.64640833036695,-5.226213028729735,-3.446085440706626,1.0148150851112785,-2.881231415385228,-0.8690911360169484,-5.846607588678179,-2.1787903368486523,-2.815894195226635,-4.322665212689033,0.5951165640250644,-2.3888148113902785,-3.885786570379911,-2.7172720364672003,-2.4341903113702035,-3.402517050165347,-3.8499353841143655,-0.5825662615672854,-1.019768553233988,-3.5558624522155506,-3.4101958541184194,-1.0396019173317839,0.2345608246108164,-2.65353145680384,-1.2978301921633122,-3.390481498052929,-1.634109406112216,-7.451038034780943,-5.602403121660378,-4.099744923404464,-1.9952621091337406,0.44283205498284184,-0.0014648260611402897,0.37627091821184144,-0.7339428129243766,-2.66348205048706,-2.238360820606542,1.5755719659722198,-2.2499008767646367,-2.7839345014609007
-1.3620781915477005,6.34865678190606,-1.9533586690495628,0.662656147072108,-3.664862166509957,-5.376078589506528,-4.485719621004796,-1.8803135920341458,-2.176482084292105,-1.9275213472058974,-3.2883487653950603,-4.027333431932764,2.3463118434927317,-3.4765746235263926,-3.039220139516493,-5.346702397255721,-1.440535311353295,-4.6693298925604525,-2.422438109418536,-1.3553134340154511,-0.6764829198718129,-2.581155605433941,-3.9828464391785916,-3.733084633676052,-3.7588684062501905,-4.0473911365522675,-5.29581057938504,-3.0779948741858103,1.330928859994202,-4.068469287289469,-4.0362617490552966,-4.536837382614973,-0.7439934586544902,-2.38679690185242,-4.700209461716127,-8.563756182536205,0.08539663888368221,-4.6688492653757905,-2.9997534429947628,-2.9935534990971266,-0.2453501945958655,-3.5473523137045335,-2.496288252867555,-1.4672284346547242,-1.2265671515789305,-2.6564427455343456,-2.35194388677762,-2.0933548715043555,-4.708103628848696,-1.2870625538765552,-2.682392933498291,-1.7514073958121337,-1.8925618522478076,-4.615951237436805,-5.857761851735959,-1.9413911417421057,2.7817965586703295,-2.6460733941427215,-3.787719995910029,-0.0472052646342449,-1.0090449725630906,-3.6344912498765902,-1.7113437004185623,-5.277343129056235,-3.5127721166728545,0.9404138174805308,-2.9466104967156452,-0.9378092111678821,-5.901766054136657,-2.2575978101118332,-2.881166496773937,-4.38049248364831,0.520444907805353,-2.454319005911149,-3.943863312746111,-2.7857203866215627,-2.5131326020841582,-3.462500774007383,-3.923358054532878,-0.6537394241039803,-1.0959206441279628,-3.6145501876949364,-3.482327301933635,-1.1100878229677065,0.16194515778152396,-2.7205770358429175,-1.3779092664109696,-3.4537781279393727,-1.705822427834831,-7.495413746026512,-5.651590513363,-4.157408139674367,-2.0728202790067374,0.35645766438344983,-0.07692764429060678,0.3018983001508688,-0.8168934252991191,-2.730477199003273,-2.3054662428738677,1.495828489955511,-2.323720600476353,-2.857499212442553
-1.3577159646698758,5.58286962201847,-2.030666283850075,0.5763326840584753,-3.725777079151155,-5.433489811616351,-4.555832127974953,-1.9507497250881374,-2.243411829695416,-2.0073829209515335,-3.357954600480613,-4.089690356514171,2.2603395463737197,-3.5426334812940166,-3.1124411124719797,-5.403650928215984,-1.512548205933609,-4.725092743630628,-2.4898544497144677,-1.4343741046434728,-0.7601491852240227,-2.656280813389385,-4.044519394258577,-3.803581397467542,-3.831958790952755,-4.103069638849318,-5.360276271136122,-3.149642572162601,1.242840916219403,-4.127121240269817,-4.092271739371079,-4.596811927996287,-0.8228109583964731,-2.4609670959162697,-4.768672228226905,-8.624436638535329,0.007787468748641668,-4.732202878225058,-3.059513323902454,-3.0664397203530935,-0.3290738071019589,-3.6168272220061652,-2.570294810188823,-1.5486319725326574,-1.3009299438939117,-2.724452081618515,-2.4164258290865357,-2.157446310990991,-4.768547371348056,-1.3645805595788938,-2.7465092583453554,-1.8281143645741953,-1.9664912104386159,-4.671936667978447,-5.912474562161027,-2.0072193431896825,2.6967706801761135,-2.72134379538367,-3.8580054782812168,-0.13283019663172546,-1.0904364510718092,-3.7049220086788424,-1.7762790704702247,-5.329342234510947,-3.5857126680427944,0.8660125498497584,-3.0146068846326424,-1.0065272863188532,-5.961451704744775,-2.3364052833750515,-2.954296987128969,-4.443226871281957,0.4357906264785236,-2.520503141126036,-4.00603114458695,-2.857296707448236,-2.592074892798175,-3.5224844978494056,-3.9967807249514795,-0.7249125866407502,-1.172072735022,-3.6822514597117166,-3.5544587497489006,-1.1823828680229498,0.08302792630853062,-2.7939701398620924,-1.4579883406585643,-3.517074757825805,-1.783007330476086,-7.544304201688935,-5.707089952300317,-4.215417702318885,-2.1503784488797093,0.27008327378400787,-0.16167228025806124,0.21873225775987692,-0.8998440376738617,-2.804528645683779,-2.377219321612877,1.4160850139387773,-2.4012684432422446,-2.931063923424256
-1.353353737792051,5.41233106079378,-2.1079738986505876,0.48870166201870924,-3.786981080576595,-5.493761439722454,-4.626941813013484,-2.0265626569035047,-2.317470017619213,-2.087244494697157,-3.4275604355661793,-4.155180176279229,2.1699830224044065,-3.6144163132248384,-3.185662085427529,-5.460599459176272,-1.5895024110551235,-4.788561454538972,-2.5628424697940098,-1.5134347752714694,-0.8438154505761827,-2.7314060213448546,-4.1125584576070855,-3.874078161258982,-3.905049175655331,-4.166528730352805,-5.426331909380133,-3.2212902701393427,1.1547529724446293,-4.186603102751417,-4.155113782506465,-4.661502582512067,-0.9044054914344569,-2.5371744067843123,-4.837134994737621,-8.685117094534379,-0.07553943571035499,-4.7955564910743,-3.126421760728693,-3.1393259416090986,-0.41319434187525994,-3.6863021303077597,-2.645889080277356,-1.6300355104105657,-1.3805065060772668,-2.7962427544328117,-2.489650064653965,-2.2217919139152706,-4.834914185974755,-1.446431336008687,-2.8160577709331935,-1.9048213333362818,-2.042022020610982,-4.735989273833342,-5.975227392670835,-2.080949530659655,2.61174480168191,-2.7966141966246436,-3.928290960652367,-0.21845512862916855,-1.171827929580503,-3.775352767481145,-1.8441974303348423,-5.387844240860175,-3.6586532194127344,0.7881221028726861,-3.0892693599813628,-1.0800844514638475,-6.0261100431534045,-2.415212756638195,-3.027427477483963,-4.510595914486647,0.3511363451516941,-2.595060070432389,-4.073559206557326,-2.9288730282748707,-2.671017183512105,-3.590998495335562,-4.07020339536998,-0.8012480915441111,-1.2482248259160371,-3.7509123662817485,-3.6265901975641412,-1.2620573973216653,0.000719752887221925,-2.867363243881355,-1.538067414906222,-3.5862415477698555,-1.8601922331173408,-7.598178407654076,-5.765970966275962,-4.282092685888768,-2.2279366187526684,0.18370888318457834,-0.24713521352314433,0.13440867993816097,-0.9827946500486167,-2.8785800923643476,-2.4538379424630365,1.3277888543100018,-2.478816286008099,-3.0046286344059085
-1.3489915109142263,-11.1977839934251,-2.185281513451,0.40107063997895576,-3.8557811781148548,-5.554033067828533,-4.698051498052039,-2.1023755887188473,-2.3915282055430227,-2.1671060684427426,-3.4971662706517073,-4.220669996044325,2.079626498435106,-3.6861991451557232,-3.2588830583830655,-5.52465554960088,-1.6664566161766379,-4.853151054248915,-2.6358304898734763,-1.592495445899416,-0.92748171592838,-2.8065312293003117,-4.180597520955607,-3.9445749250504845,-3.978139560357957,-4.231042507858457,-5.492387547624194,-3.2929379681161093,1.0666650286698427,-4.253216699605052,-4.219849638852883,-4.729948956598015,-0.9860000244724281,-2.613381717652392,-4.9055977612483375,-8.745797550533467,-0.15886634016928924,-4.8589101039235425,-3.193330197554907,-3.212212162865079,-0.4973148766485985,-3.755777038609329,-2.7214833503658626,-1.7114390482885116,-1.460083068260572,-2.868033427247121,-2.5628743002214076,-2.2937635476028606,-4.901281000601479,-1.5282821124385049,-2.888733532584026,-1.9815283020983183,-2.1175528307834233,-4.800842535528387,-6.038804870440626,-2.1546797181296773,2.5214871686411016,-2.871884597865617,-3.9985764430235546,-0.3040800606265991,-1.2532194080892343,-3.845783526283385,-1.9173848879238058,-5.449666100180693,-3.7315937707826734,0.7054033769846142,-3.1639318353300325,-1.157289526852934,-6.090768381562034,-2.4940202299014134,-3.10055796783897,-4.5779649576913375,0.26648206382483963,-2.6696169997387678,-4.1410872685276905,-3.000449349101494,-2.7499594742260847,-3.6599021865464048,-4.143626065788543,-0.880947882271218,-1.324376916810087,-3.819573272851917,-3.6987216453794067,-1.3417319266203562,-0.08158842053411164,-2.9407563479004795,-1.618146489153879,-3.6581503517869907,-1.9373771357585583,-7.652052613619178,-5.824851980251619,-4.3487676694586,-2.3054947886256403,0.09733449258518634,-0.3325981467882649,0.0500851021164076,-1.0657452624233716,-2.9526315390448907,-2.5304565633132077,1.239122902490198,-2.556364128773991,-3.078193345387624
-1.3446292840364018,-10.1264075842684,-2.2625891282515003,0.3134396179392023,-3.9245812756532006,-5.614304695934648,-4.769161183090557,-2.1781885205342393,-2.465586393466807,-2.2469676421883786,-3.566772105737286,-4.286159815809421,1.9892699744657676,-3.7579819770865326,-3.33210403133854,-5.589353856840771,-1.743410821298152,-4.9177406539588455,-2.7088185099530184,-1.671556116527425,-1.0111479812806023,-2.8816564372557814,-4.248636584304066,-4.0150716888419495,-4.051229945060497,-4.295556285364097,-5.558443185868242,-3.3645856660929008,0.9785770848951063,-4.319830296458738,-4.284585495199262,-4.798395330683926,-1.0675945575103993,-2.6895890285203974,-4.974060527759141,-8.80647800653253,-0.24219324462824843,-4.92226371677281,-3.2602386343811833,-3.285098384121084,-0.581435411421912,-3.825251946910961,-2.7970776204544068,-1.792842586166395,-1.5396596304439023,-2.9398241000614673,-2.636098535788837,-2.3657351812904754,-4.967647815228128,-1.6101328888683104,-2.961409294234871,-2.0582352708604423,-2.1930836409558268,-4.865695797223394,-6.102382348210368,-2.228409905599662,2.428960840144078,-2.9471549991065658,-4.068861925394668,-0.3897049926240922,-1.3346108865979778,-3.9162142850856876,-1.9905723455127817,-5.511487959501199,-3.8045343221526506,0.6226846510965793,-3.2385943106787156,-1.2344946022420702,-6.155426719970701,-2.572827703164557,-3.1736884581939275,-4.645334000896065,0.18182778249807252,-2.7441739290451963,-4.20861533049803,-3.0720256699281547,-2.828901764940052,-3.7288058777572983,-4.217048736207081,-0.9606476729983497,-1.400529007704099,-3.888234179421974,-3.7708530931946225,-1.4214064559190467,-0.16389659395539535,-3.0141494519196925,-1.698225563401549,-3.7300591558041143,-2.014562038399788,-7.705926819584269,-5.883732994227239,-4.415442653028458,-2.383052958498612,0.01096010198580688,-0.4180610800533105,-0.03423847570535837,-1.1486958747980767,-3.0266829857254347,-2.6070751841633673,1.1504569506704068,-2.6339119715398827,-3.1517580563692515
-1.340267057158577,-8.6945176334401,-2.339896743051975,0.22580859589943625,-3.9933813731914727,-5.674576324040739,-4.840270868129139,-2.254001452349569,-2.539644581390629,-2.3268292159340023,-3.636377940822789,-4.35164963557453,1.8989134504964544,-3.8297648090173926,-3.40538634810933,-5.654052164080698,-1.820365026419629,-4.982330253668739,-2.7818065300325356,-1.7506167871554092,-1.0948142466328,-2.956781645211163,-4.316675647652588,-4.08556845263344,-4.12432032976311,-4.360070062869799,-5.6244988241122655,-3.436233364069704,0.8904891411203324,-4.386443893312362,-4.349321351545692,-4.866841704769824,-1.1491890905483706,-2.7657963393884026,-5.0425232942698575,-8.867158462531654,-0.32552014908727,-4.986147220422098,-3.32714707120741,-3.357984605377026,-0.6655559461952006,-3.894726855212543,-2.8726718905429633,-1.8742461240443034,-1.61923619262727,-3.011614772875789,-2.709322771356266,-2.437706814978065,-5.034014629854827,-1.6919836652981035,-3.034085055885715,-2.134942239622579,-2.2686144511282302,-4.930549058918413,-6.16595982598016,-2.302140093069659,2.3364345116469805,-3.0224254003475393,-4.139147407765818,-0.4753299246215477,-1.4160023651067215,-3.986645043887928,-2.063759803101733,-5.573309818821705,-3.877474873522603,0.5399659252085571,-3.3132567860274103,-1.3116996776311693,-6.220085058379318,-2.6516351764277752,-3.2468189485489214,-4.712703044100793,0.0971735011712056,-2.8187308583515254,-4.276143392468369,-3.1436019907547523,-2.9078440556540315,-3.7977095689681786,-4.290471406625632,-1.0403474637255066,-1.4766810985981111,-3.9568950859920546,-3.842984541009913,-1.5010809852177998,-0.2462047673766915,-3.0875425559389296,-1.7783046376492062,-3.8019679598213125,-2.0917469410410803,-7.759801025549434,-5.942614008202897,-4.482117636598303,-2.4606111283715837,-0.07541428861362265,-0.5035240133184435,-0.11856205352709931,-1.2316464871728316,-3.1007344324059902,-2.6836938050135632,1.0617909988505778,-2.7114598143057362,-3.2253227673509297
-1.3359048302807524,-7.99436976816167,-2.41720435785245,0.1381775738596953,-4.062181470729831,-5.734847952146867,-4.911380553167694,-2.3319164565563,-2.613702769314439,-2.406690789679638,-3.7059837759083676,-4.417139455339613,1.8085569265271413,-3.9015476409482526,-3.4812534970891447,-5.718750471320652,-1.8973192315411558,-5.04691985337872,-2.8547945501120022,-1.8296774577833934,-1.178480511984997,-3.031906853166645,-4.384714711001108,-4.156065216424918,-4.1974107144657,-4.424583840375476,-5.690554462356326,-3.5078810620464704,0.8024011973455585,-4.4530574901659845,-4.414057207892084,-4.935288078855735,-1.2307836235863543,-2.8420036502564576,-5.111673381952624,-8.927838918530716,-0.40884705354621675,-5.0521452642335625,-3.394055508033661,-3.430870826633056,-0.7496764809685768,-3.964201763514187,-2.9482661606315324,-1.9556496619222241,-1.6988127548106127,-3.0834054456900857,-2.782547006923683,-2.5096784486656425,-5.100381444481526,-1.7738344417278842,-3.106760817536485,-2.2116492083846406,-2.344145261300671,-4.995402320613421,-6.2295373037499635,-2.3758702805396315,2.2439081831499577,-3.097695801588525,-4.209432890137018,-0.5609548566190532,-1.497393843615403,-4.057075802690193,-2.1369472606907087,-5.635131678142199,-3.9504154248925047,0.45724719932047264,-3.3879192613761306,-1.3889047530203182,-6.2847433967879605,-2.730442649690919,-3.3199494389039783,-4.780072087305507,0.012519219844401075,-2.893287787657928,-4.343671454438671,-3.215178311581388,-2.9867863463680484,-3.8666132601790597,-4.363894077044169,-1.120047254452651,-1.5528331894921485,-4.025555992562174,-3.9151159888251525,-1.5807555145164904,-0.32851294079802507,-3.160935659958092,-1.8583837118968012,-3.8738767638384477,-2.1689318436823104,-7.813675231514586,-6.001495022178579,-4.5487926201681725,-2.5381692982445685,-0.1617886792130771,-0.5889869465835267,-0.20288563134887772,-1.314597099547599,-3.1747858790865333,-2.760312425863723,0.973125047030849,-2.7890076570716653,-3.2988874783325945
-1.3315426034029276,3.52414989114767,-2.4945119726529126,0.0505465518199667,-4.13098156826814,-5.795119580252946,-4.982490238206225,-2.4103778277069168,-2.6877609572382113,-2.486552363425261,-3.7755896109939204,-4.482629275104672,1.7182004025578281,-3.973330472879062,-3.5571206460690092,-5.78344877856063,-1.9742734366626953,-5.11150945308865,-2.9277825701915567,-1.9087381284113651,-1.262146777337207,-3.10703206112209,-4.4527537743495795,-4.226561980216395,-4.270501099168276,-4.489097617881115,-5.756610100600387,-3.5795287600232744,0.7143132535707721,-4.519671087019607,-4.478793064238476,-5.003734452941683,-1.312378156624288,-2.918210961124463,-5.182789876244782,-8.988519374529792,-0.49217395800518837,-5.1181433080449015,-3.460963944859862,-3.5037570478890485,-0.8337970157418778,-4.033676671815831,-3.023860430720039,-2.03705319980017,-1.7783893169939553,-3.1551961185044073,-2.8557712424911124,-2.5816500823532946,-5.1667482591081875,-1.8556852181577148,-3.179436579187355,-2.2883561771467766,-2.4196760714730994,-5.060255582308503,-6.293114781519705,-2.4496004680096037,2.151381854652847,-3.172966202829511,-4.2797183725081425,-0.6465797886164714,-1.5787853221241466,-4.127506561492483,-2.210134718279735,-5.696953537462717,-4.023355976262457,0.3745284734324379,-3.4625817367248253,-1.4661098284094045,-6.349401735196603,-2.809250122954137,-3.3930799292589606,-4.847441130510197,-0.07213506148244092,-2.967844716964282,-4.411199516409085,-3.286754632408061,-3.065728637082003,-3.935516951389915,-4.437316747462733,-1.1997470451797827,-1.6289852803861606,-4.094216899132243,-3.9872474366403807,-1.6604300438152062,-0.4108211142192838,-3.2343287639773166,-1.9384627861444461,-3.9457855678555953,-2.2461167463235276,-7.867549437479714,-6.060376036154199,-4.61546760373803,-2.6157274681175524,-0.2481630698124816,-0.6744498798486347,-0.28720920917060616,-1.3975477119223416,-3.248837325767065,-2.836931046713894,0.8844590952111078,-2.866555499837532,-3.3724521893143224
-1.3271803765251031,4.98724582304758,-2.571819587453362,-0.03708447021979927,-4.199781665806462,-5.855391208359062,-5.05359992324478,-2.488839198857533,-2.761819145162046,-2.56641393717086,-3.845195446079474,-4.54811909486978,1.6278438785885274,-4.0451133048099095,-3.6329877950488108,-5.848147085800521,-2.0512276417841973,-5.176099052798568,-3.000770590271099,-1.9877987990393866,-1.3458130426893917,-3.1821572690775595,-4.520792837698101,-4.297058744007898,-4.343591483870877,-4.55361139538678,-5.822665738844422,-3.6511764580000534,0.6262253097960606,-4.586284683873256,-4.543528920584906,-5.072180827027556,-1.3939726896622844,-2.9944182719925303,-5.25390637053694,-9.049199830528854,-0.5755008624641725,-5.1841413518563275,-3.527872381686138,-3.576643269145041,-0.9179175505151789,-4.103151580117413,-3.0994547008085966,-2.1184567376780783,-1.8579658791772604,-3.226986791318729,-2.928995478058554,-2.653621716040897,-5.233115073734874,-1.9375359945874953,-3.252112340838174,-2.365063145908826,-2.4952068816454656,-5.125108844003523,-6.356692259289534,-2.5233306554796133,2.0588555261558117,-3.2482366040704216,-4.350003854879305,-0.732204720613902,-1.6601768006328903,-4.19793732029471,-2.2833221758686983,-5.758775396783198,-4.096296527632409,0.2918097475443908,-3.537244212073495,-1.5433149037985536,-6.414060073605257,-2.888057596217343,-3.466210419613943,-4.914810173714938,-0.1567893428092454,-3.042401646270661,-4.478727578379463,-3.3583309532346712,-3.144670927795958,-4.004420642600734,-4.510739417881271,-1.2794468359069395,-1.7051373712802353,-4.162877805702324,-4.059378884455621,-1.7401045731139093,-0.49312928764057995,-3.307721867996479,-2.018541860392066,-4.017694371872769,-2.3233016489647698,-7.921423643444866,-6.119257050129832,-4.682142587307825,-2.6932856379905497,-0.3345374604118861,-0.7599128131137053,-0.37153278699238457,-1.480498324297109,-3.3228887724476204,-2.9135496675641033,0.7957931433912915,-2.9441033426033867,-3.4460169002959633
-1.3228181496472784,-7.2468410980934,-2.6491272022538377,-0.12471549225956524,-4.268581763344746,-5.915662836465139,-5.124709608283311,-2.567300570008187,-2.835877333085855,-2.646275510916521,-3.914801281165002,-4.613608914634889,1.5374873546192391,-4.116896136740744,-3.7088549440286505,-5.912845393040437,-2.1281818469057363,-5.240688652508487,-3.073758610350615,-2.066859469667321,-1.4294793080415769,-3.257282477032967,-4.588831901046586,-4.36755550779935,-4.4166818685734786,-4.618125172892395,-5.888721377088458,-3.722824155976845,0.5381373660212367,-4.652898280726917,-4.608264776931335,-5.140627201113443,-1.475567222700243,-3.0706255828605347,-5.325022864829124,-9.109880286527966,-0.6588277669231193,-5.250139395667692,-3.5947808185123646,-3.6495294904010205,-1.002038085288505,-4.172626488419046,-3.1750489708971408,-2.199860275555974,-1.937542441360603,-3.298777464133064,-3.002219713626009,-2.725593349728462,-5.299481888361548,-2.0193867710173508,-3.324788102489019,-2.441770114670925,-2.570737691817869,-5.18996210569853,-6.420269737059275,-2.5970608429495865,1.9663291976587638,-3.3235070053114324,-4.420289337250468,-0.817829652611395,-1.741568279141634,-4.2683680790970255,-2.356509633457662,-5.820597256103716,-4.169237079002336,0.20909102165631865,-3.611906687422203,-1.6205199791877025,-6.4787184120139365,-2.966865069480499,-3.5393409099689626,-4.982179216919603,-0.24144362413604992,-3.1169585755770264,-4.546255640349752,-3.4299072740613816,-3.223613218509924,-4.073324333811664,-4.584162088299797,-1.3591466266340837,-1.7812894621742477,-4.231538712272381,-4.1315103322708495,-1.8197791024125876,-0.5754374610618886,-3.381114972015679,-2.098620934639711,-4.089603175889879,-2.4004865516060123,-7.975297849409969,-6.1781380641054895,-4.7488175708777325,-2.7708438078634963,-0.4209118510112656,-0.8453757463788134,-0.45585636481408803,-1.5634489366718267,-3.396940219128177,-2.9901682884142744,0.7071271915715125,-3.021651185369266,-3.5195816112776157
-1.3184559227694537,-9.48818824461956,-2.7264348170543373,-0.21234651429929374,-4.337381860883042,-5.975934464571255,-5.195819293321855,-2.645761941158754,-2.90993552100964,-2.7261370846621196,-3.98440711625053,-4.679098734399972,1.447130830649926,-4.188678968671591,-3.78472209300849,-5.976897191010536,-2.205136052027238,-5.305278252218467,-3.1467466304301324,-2.1459201402953427,-1.5131455733938117,-3.332407684988449,-4.656870964395094,-4.438052271590853,-4.489772253276042,-4.682638950398096,-5.954777015332531,-3.794471853953623,0.4500494222464628,-4.719511877580552,-4.673000633277716,-5.209073575199378,-1.5571617557381643,-3.1468328937285897,-5.396139359121219,-9.17056074252709,-0.7421546713821409,-5.316137439479056,-3.661689255338641,-3.722415711657038,-1.0861586200618685,-4.242101396720665,-3.2506432409856725,-2.281263813433895,-2.0171190035439706,-3.3705681369473854,-3.0754439491934136,-2.797564983416077,-5.365848702988273,-2.101237547447181,-3.3979004935018198,-2.5184770834330363,-2.646268501990285,-5.25481536739355,-6.48384721482908,-2.670791030419559,1.8738028691617157,-3.3987774065523686,-4.490574819621643,-0.9034545846088256,-1.8229597576503278,-4.338798837899279,-2.4296970910466253,-5.882419115424209,-4.24217763037225,0.12637229576827147,-3.686569162770936,-1.6977250545768263,-6.543376750422579,-3.045672542743705,-3.612471400323944,-5.04954826012433,-0.3260979054628919,-3.1915155048833928,-4.613783702320104,-3.501483594888005,-3.302555509223904,-4.14222802502252,-4.65758475871831,-1.4388464173612405,-1.8574415530682973,-4.300199618842537,-4.203641780086115,-1.8994536317113406,-0.6577456344832098,-3.4545080760349034,-2.1787000088874056,-4.161511979907065,-2.4776714542472673,-8.029172055375108,-6.237019078081122,-4.8154925544475775,-2.8484019777364926,-0.5072862416106702,-0.930838679643909,-0.5401799426358664,-1.6463995490465817,-3.4709916658087447,-3.0667869092644464,0.6184612397517837,-3.099199028135158,-3.593146322259294
-1.314093695891629,-8.59058514164884,-2.8037424318547997,-0.29921672355076523,-4.4061819584214135,-6.036206092677371,-5.266928978360386,-2.724223312309408,-2.9839937089334247,-2.8059986584077423,-4.054012951336134,-4.74458855416508,1.3567743066805626,-4.2604618006024255,-3.8605892419883165,-6.038729698090863,-2.2820902571487025,-5.369867851928385,-3.219734650509637,-2.2249808109233267,-1.596811838746009,-3.4075328929438937,-4.7249100277435785,-4.508549035382293,-4.5628626379786565,-4.747152727903724,-6.020832653576554,-3.866119551930427,0.36196147847172644,-4.786125474434188,-4.737736489624145,-5.2775199492852884,-1.6387562887761606,-3.223040204596595,-5.467255853413414,-9.231241198526142,-0.8254815758410625,-5.382135483290445,-3.7285976921648922,-3.7953019329130306,-1.170279154835182,-4.311576305022222,-3.3262375110742415,-2.3626673513118286,-2.0966955657273134,-3.4423588097617195,-3.1486681847608553,-2.8695366171036545,-5.432215517614972,-2.1830883238769623,-3.472801287588716,-2.5951840521951226,-2.7217993121626884,-5.31966862908857,-6.547424692598846,-2.7445212178895932,1.781276540664668,-3.4740478077933297,-4.560860301992843,-0.9890795166062936,-1.904351236159059,-4.409229596701531,-2.5028845486356137,-5.944240974744716,-4.315118181742178,0.043653569880174325,-3.761231638119618,-1.7749301299659128,-6.608035088831208,-3.1244800160068733,-3.6856018906789263,-5.116917303329057,-0.4107521867897464,-3.266072434189784,-4.681311764290468,-3.5730599157146523,-3.381497799937896,-4.211131716233363,-4.7310074291368736,-1.518546208088385,-1.9335936439623345,-4.3688605254126065,-4.275773227901368,-1.9791281610100313,-0.7400538079044934,-3.527901180054103,-2.258779083135038,-4.233420783924175,-2.5548563568885347,-8.084170723397447,-6.295900092056767,-4.88216753801741,-2.925960147609465,-0.5936606322101246,-1.016301612909017,-0.6245035204576199,-1.7293501614212867,-3.5450431124892754,-3.1434055301146424,0.5297952879319674,-3.1767468709010362,-3.666711033240971
-1.3097314690138044,3.3620534091909,-2.8810500466552496,-0.383972890521998,-4.474982055959735,-6.096477720783449,-5.338038663398929,-2.8026846834600114,-3.0580518968572346,-2.885860232153391,-4.123618786421637,-4.810078373930164,1.2664177827112995,-4.332244632533273,-3.9364563909681314,-6.100562205171165,-2.3590444622702673,-5.434457451638341,-3.292722670589116,-2.3040414815513355,-1.6804781040982064,-3.4826581008993127,-4.79294909109205,-4.57904579917382,-4.6359530226812575,-4.8116665054093755,-6.08688829182059,-3.9377672499071688,0.27387353469694,-4.852739071287823,-4.802472345970512,-5.3459663233712,-1.7203508218140944,-3.299247515464625,-5.538372347705523,-9.291921654525229,-0.9088084803000467,-5.448133527101846,-3.795506128991069,-3.868188154169011,-1.2543996896084706,-4.381051213323817,-3.4018317811627865,-2.444070889189762,-2.176272127910644,-3.514149482576004,-3.221892420328272,-2.9415082507913066,-5.498582332241621,-2.264939100306755,-3.547702081675549,-2.671891020957222,-2.7973301223350795,-5.3845218907835894,-6.6110021703686,-2.818251405359553,1.688750212167595,-3.549318209034328,-4.631145784363981,-1.074704448603724,-1.9857427146678277,-4.479660355503796,-2.5760720062245897,-6.006062834065246,-4.388058733112143,-0.03906515600786031,-3.8358941134682754,-1.8521352053550368,-6.672693427239863,-3.203287489270079,-3.758732381033971,-5.1842863465337725,-0.4954064681165634,-3.340629363496137,-4.74883982626082,-3.644241845907457,-3.460440090651826,-4.280035407444232,-4.804430099555448,-1.5982459988155042,-2.0097457348563346,-4.437521431982725,-4.34790467571662,-2.0588026903087346,-0.8223619813258269,-3.6012942840732904,-2.3388581573826452,-4.305329587941361,-2.6320412595297515,-8.140747519635209,-6.3547811060323625,-4.94884252158728,-3.0035183174824365,-0.6800350228095291,-1.101764546174075,-0.7088270982793733,-1.8123007737960541,-3.619094559169807,-3.220024150964802,0.44112933611222604,-3.2542947136668907,-3.7402757442226617
-1.3053692421359797,4.21252760536082,-2.9583576614556994,-0.46872905749320576,-4.543782153497994,-6.1567493488895275,-5.409148348437472,-2.8811460546106655,-3.1299114875608804,-2.965721805899002,-4.193224621507228,-4.875568193695223,1.1760612587419987,-4.404027464464132,-4.012323539947971,-6.162394712251493,-2.435998667391769,-5.499047051348296,-3.365710690668683,-2.3831021521792826,-1.7641443694504162,-3.55778330885477,-4.860988154440558,-4.64954256296531,-4.70904340738381,-4.87618028291504,-6.1529439300647,-4.00941494788396,0.1857855909221411,-4.919352668141509,-4.867208202316929,-5.414412697457123,-1.8019453548520905,-3.37545482633268,-5.609488841997668,-9.352602110524266,-0.9921353847590184,-5.514131570913248,-3.862414565817333,-3.9410743754250035,-1.3385202243818093,-4.4505261216254235,-3.4774260512513555,-2.52547442706767,-2.2558486900939614,-3.583369619446148,-3.2951166558957263,-3.0134798844788717,-5.56494914686832,-2.3467898767365734,-3.622602875762407,-2.7485979897193085,-2.872860932507521,-5.449375152478622,-6.674579648138391,-2.8919815928295503,1.5962238836705345,-3.6245886102752642,-4.701431266735156,-1.1603293806011798,-2.0671341931764964,-4.550091114306074,-2.649259463813541,-6.067884693385715,-4.460999284482069,-0.12178388189587003,-3.9105565888169957,-1.9293402807441857,-6.737351765648467,-3.2820949625332974,-3.8318628713889273,-5.251655389738462,-0.5800607494433929,-3.4151862928025283,-4.816367888231147,-3.714827119170735,-3.5393823813658303,-4.348939098655137,-4.877852769973949,-1.6779457895426486,-2.0858978257503464,-4.506182338552781,-4.420036123531873,-2.138477219607425,-0.9046701547471232,-3.6746873880924404,-2.418937231630328,-4.3772383919585085,-2.7092261621710065,-8.197324315872907,-6.4136621200080075,-5.015517505157162,-3.0810764873553955,-0.7664094134089585,-1.1872274794392084,-0.7931506761011267,-1.8952513861707967,-3.6931460058503625,-3.296642771814998,0.35246338429243473,-3.33184255643277,-3.813840455204314
-1.301007015258155,3.52705598018935,-3.035665276256175,-0.5534852244644884,-4.612582251036328,-6.217020976995681,-5.480258033476041,-2.9596074257612823,-3.2010805362797505,-3.0455833796446257,-4.262830456592768,-4.941058013460318,1.0857047347726356,-4.475810296394967,-4.088190688927773,-6.224227219331783,-2.5129528725132584,-5.563636651058189,-3.4386987107481755,-2.462162822807292,-1.8478106348025762,-3.632908516810252,-4.929027217789067,-4.720039326756738,-4.782133792086423,-4.94069406042068,-6.218999568308724,-4.081062645860726,0.09769764714737972,-4.985966264995132,-4.931944058663359,-5.4828590715430465,-1.8835398878900493,-3.45166213720071,-5.6806053362898385,-9.413282566523378,-1.0754622892180152,-5.580129614724649,-3.929323002643546,-4.013960596680958,-1.4226407591551478,-4.520001029927043,-3.5530203213398748,-2.606877964945591,-2.335425252277304,-3.6522723851782644,-3.3683408914631805,-3.085451518166474,-5.631315961495031,-2.428640653166391,-3.6975036698493033,-2.8253049584813574,-2.948391742679912,-5.514228414173654,-6.7381571259081205,-2.965711780299535,1.5036975551734864,-3.699859011516213,-4.771716749106294,-1.2459543125986479,-2.1485256716852152,-4.6205218731083635,-2.722446921402529,-6.129706552706233,-4.5339398358520215,-0.20450260778395463,-3.9852190641657153,-2.0065453561332847,-6.802010104057121,-3.3609024357964286,-3.9049933617439594,-5.3190244329431895,-0.6647150307702099,-3.489743222108882,-4.883895950201511,-3.7854123924340257,-3.618324672079785,-4.417842789865993,-4.9512754403925126,-1.7576455802698054,-2.162049916644384,-4.574843245122876,-4.492167571347077,-2.218151748906178,-0.9869783281684193,-3.7480804921117032,-2.4990163058779724,-4.449147195975645,-2.786411064812249,-8.253901112110654,-6.4725431339836526,-5.082192488726995,-3.1586346572283555,-0.8527838040083755,-1.2726904127042789,-0.8774742539228427,-1.9782019985455392,-3.767197452530893,-3.3732613926651576,0.263797432472631,-3.4093903991986494,-3.8874051661860047
-1.2966447883803303,4.15829669804964,-3.1129728910566623,-0.6382413914357337,-4.681382348574675,-6.2772926051017714,-5.551367718514584,-3.0380687969119613,-3.272249584998683,-3.1254449533902484,-4.3324362916783095,-5.006547833225427,0.9953482108033598,-4.54759312832579,-4.164057837907612,-6.286059726412136,-2.58990707763481,-5.628226250768133,-3.511686730827692,-2.5412234934352753,-1.9314769001548235,-3.7080337247656967,-4.997066281137589,-4.7905360905482155,-4.855224176789,-5.005207837926319,-6.285055206552772,-4.152710343837505,0.009609703372618239,-5.052579861848756,-4.996679915009776,-5.55130544562892,-1.9651344209280455,-3.5278694480687403,-5.751721830581935,-9.47396302252248,-1.1587891936770118,-5.646127658536013,-3.9962314394698097,-4.086846817936951,-1.506761293928499,-4.589475938228687,-3.628614591428394,-2.6882815028234743,-2.415001814460659,-3.7211751509104554,-3.4415651270305974,-3.157423151854064,-5.69768277612173,-2.510491429596197,-3.7724044639361622,-2.9020119272434943,-3.0239225528523654,-5.579081675868661,-6.801734603677937,-3.039441967769532,1.4111712266764511,-3.7751294127572113,-4.842002231477457,-1.3315792445961534,-2.229917150193959,-4.6909526319106165,-2.795634378991468,-6.191528412026765,-4.606880387221949,-0.2872213336719893,-4.059881539514398,-2.0837504315223834,-6.866668442465763,-3.439709909059647,-3.9781238520989914,-5.386393476147892,-0.7493693120970394,-3.5643001514152353,-4.951424012171875,-3.855997665697278,-3.6972669627937895,-4.486746481076886,-5.024698110811076,-1.8373453709969496,-2.238202007538471,-4.643504151692982,-4.5642990191623545,-2.2978262782048935,-1.069286501589703,-3.821473596130903,-2.579095380125567,-4.521055999992792,-2.863595967453479,-8.310477908348377,-6.531424147959335,-5.14886747229684,-3.236192827101352,-0.9391581946077551,-1.358153345969412,-0.9617978317446212,-2.0611526109203195,-3.841248899211437,-3.4498800135153163,0.17513148065288953,-3.486938241964566,-3.960969877167683
-1.2922825615025058,-9.4851022644833,-3.1902805058571495,-0.7229975584069789,-4.750182446112959,-6.337564233207862,-5.622477403553152,-3.1165301680625648,-3.3434186337175156,-3.2053065271358845,-4.402042126763862,-5.072037652990498,0.9049916868340715,-4.619375960256637,-4.239924986887439,-6.34789223349245,-2.6668612827563116,-5.692815850478101,-3.584674750907184,-2.6202841640632473,-2.0151431655070082,-3.7831589327211788,-5.065105344486035,-4.8610328543397054,-4.928314561491589,-5.069721615432021,-6.351110844796795,-4.2243580418142965,-0.07847824040218065,-5.119193458702391,-5.061415771356156,-5.61975181971488,-2.046728953965979,-3.6040767589367455,-5.82283832487413,-9.534643478521529,-1.2421160981359585,-5.712125702347427,-4.063139876296024,-4.159733039192956,-1.590881828701825,-4.658950846530281,-3.704208861516963,-2.769685040701445,-2.4945783766439646,-3.7900779166425336,-3.514789362598015,-3.229394785541679,-5.764049590748404,-2.5923422060259895,-3.8473052580230576,-2.9787188960055806,-3.0994533630247316,-5.643934937563681,-6.865312081447716,-3.1131721552395044,1.3186448981793781,-3.8503998139981714,-4.912287713848632,-1.417204176593584,-2.311308628702715,-4.7613833907128935,-2.8688218365804685,-6.253350271347258,-4.6798209385919005,-0.36994005956002396,-4.134544014863093,-2.160955506911508,-6.931326780874393,-3.51851738232284,-4.051254342453961,-5.453762519352607,-0.8340235934238439,-3.6388570807216265,-5.01895207414219,-3.926582938960556,-3.7762092535077443,-4.555650172287742,-5.0981207812296265,-1.9170451617241189,-2.314354098432433,-4.712165058263051,-4.636430466977583,-2.377500807503572,-1.1515946750110242,-3.8948667001501027,-2.659174454373237,-4.592964804009953,-2.9407808700947333,-8.367054704586087,-6.590305161934992,-5.2155424558666725,-3.313750996974311,-1.0255325852071595,-1.443616279234495,-1.0461214095663371,-2.1441032232950117,-3.9153003458919553,-3.5264986343655007,0.08646552883309822,-3.5644860847304196,-4.034534588149286
-1.287920334624681,-9.79881739547677,-3.267588120657612,-0.8077537253783116,-4.8189825436512805,-6.397835861313953,-5.69358708859167,-3.1949915392131567,-3.414587682436448,-3.285168100881446,-4.4716479618494285,-5.137527472755581,0.8146351628647459,-4.691158792187484,-4.315792135867291,-6.409724740572803,-2.743815487877839,-5.757405450188044,-3.6576627709867138,-2.699344834691219,-2.0988094308591805,-3.8582841406765853,-5.133144407834556,-4.931529618131221,-5.001404946194203,-5.134235392937673,-6.417166483040893,-4.296005739791076,-0.16656618417695457,-5.185807055556014,-5.126151627702585,-5.688198193800754,-2.1283234870039505,-3.680284069804763,-5.893954819166263,-9.595323934520653,-1.3254430025949426,-5.7781237461587915,-4.13004831312225,-4.23261926044891,-1.675002363475126,-4.728425754831876,-3.7798031316054947,-2.851088578579353,-2.5741549388273324,-3.858980682374675,-3.5880135981654817,-3.3013664192293186,-5.830416405375115,-2.674192982455808,-3.922206052109929,-3.055425864767642,-3.1749841731971475,-5.708788199258713,-6.928889559217495,-3.1869023427095025,1.2261185696822927,-3.9256702152391325,-4.982573196219782,-1.502829108591027,-2.392700107211409,-4.831814149515171,-2.942009294169445,-6.315172130667814,-4.752761489961865,-0.4526587854481086,-4.209206490211813,-2.238160582300644,-6.995985119283048,-3.5973248555860087,-4.12438483280893,-5.52113156255726,-0.918677874750661,-3.713414010027993,-5.086480136112566,-3.9971682122238335,-3.8551515442217115,-4.624553863498623,-5.171543451648164,-1.9967449524512633,-2.390506189326458,-4.780825964833145,-4.708561914792848,-2.4571753368022877,-1.2339028484323453,-3.9682598041693025,-2.739253528620882,-4.664873608027088,-3.017965772736013,-8.423631500823861,-6.649186175910613,-5.282217439436555,-3.391309166847308,-1.1119069758066265,-1.5290792124995904,-1.1304449873880906,-2.2270538356697545,-3.989351792572524,-3.6031172552156967,-0.0022004229866681158,-3.642033927496299,-4.108099299131
-1.2835581077468563,-12.4124277627067,-3.3386839697218313,-0.8877684262522053,-4.880281324542335,-6.4511093854143065,-5.759548480626664,-3.266004631109749,-3.4778906424869804,-3.357818818118032,-4.534202864767731,-5.19448872883732,0.7302926518517143,-4.755198042104166,-4.384028286803386,-6.462814373277216,-2.8126256472808624,-5.815038574022118,-3.722838878396164,-2.771375803812619,-2.174812482753513,-3.92479862085922,-5.194373830969339,-4.995266153898906,-5.070111316651271,-5.192988934654371,-6.475878026013829,-4.359483321630841,-0.2490087611339637,-5.245347481374425,-5.183480583684979,-5.750254966018889,-2.2027524379925003,-3.748828638077506,-5.957018425695426,-9.64893984741394,-1.4026976581335036,-5.837390525004482,-4.188653006461179,-4.298506289702816,-1.7526391492775695,-4.792587816179982,-3.8489649905582626,-2.924153629162568,-2.6455634744841934,-3.9197181040285916,-3.6555434999209977,-3.3668822443997817,-5.89174027856938,-2.7484521686775887,-3.9908319193031527,-3.125074784946057,-3.2424589537456496,-5.767352458529172,-6.984051237604652,-3.253019728770764,1.1416074747813678,-3.9936373921025856,-5.04511901234698,-1.582462135162946,-2.4674018110730476,-4.894671252638543,-3.0075394365614914,-6.368053784943445,-4.8193608336150815,-0.5300703123200543,-4.275884013074979,-2.3094331004380324,-7.05279950957642,-3.6672347071876645,-4.191948594909016,-5.581619963325741,-0.998025962985692,-3.781125273693415,-5.146936726521273,-4.060991364693797,-3.9265019090615976,-4.687095721407826,-5.2382613338230595,-2.068905279598245,-2.4596414753648066,-4.841538724554233,-4.774818293950348,-2.5309292765898883,-1.3073006299968166,-4.035043681096528,-2.810916789065221,-4.728055416371628,-3.088388989843149,-8.472142781060464,-6.701174878323438,-5.343183605886575,-3.4629709948923733,-1.1915303369384693,-1.6090066592021024,-1.2078134558309301,-2.3021648953648883,-4.0561329768107,-3.674981228783742,-0.08123269687441892,-3.713217226565832,-4.175444991568104
-1.2791958808690318,3.71360646350777,-3.3748915903264685,-0.9314246566215842,-4.9079813783932,-6.470280989032092,-5.789558213002999,-3.3033659605895735,-3.5079596336920247,-3.39658035924044,-4.562708673342656,-5.218878466173302,0.6810361144042334,-4.7858808211561525,-4.41879538717155,-6.483546789922236,-2.848479784404076,-5.838528150838531,-3.754726843010528,-2.8093364487424735,-2.217378698272272,-3.9588237433129656,-5.221312877057518,-5.024662902328469,-5.102101778941596,-5.216402735519196,-6.500833626553329,-4.390030950628255,-0.29599673275257926,-5.2708610508665465,-5.207116399935122,-5.777601339027022,-2.2432469401362427,-3.7839358991299186,-5.987034855422865,-9.668520276381566,-1.4449245738084084,-5.862288554567358,-4.214461369285451,-4.330292486428868,-1.795659679337151,-4.8209627653502665,-3.883459257915111,-2.9644570917342996,-2.6840399677667586,-3.947520800960886,-3.687667761419555,-3.3977538744522002,-5.917007144683655,-2.78920289799105,-4.024632716747849,-3.1606817269251843,-3.2768896992349337,-5.791105723037229,-7.006528637168533,-3.285649868319487,1.0901812094293613,-4.0278077571965705,-5.074304441987617,-1.6269870814978735,-2.5076932769290776,-4.924001965005348,-3.0396268445407184,-6.3887755464800815,-4.851201385778234,-0.5716890792985572,-4.309446426420921,-2.3455381924728442,-7.0763577913082365,-3.7049420842508987,-4.22397911618236,-5.607888986544653,-1.0415802854424776,-3.814582184356177,-5.173364761195061,-4.090476622522391,-3.96434415264652,-4.714899412614345,-5.27058399101129,-2.1075050251884075,-2.4946935410544495,-4.869099570510717,-4.805849760649084,-2.569503822999967,-1.3485087067430253,-4.067336775563959,-2.849895785106405,-4.758636549660795,-3.124473877066454,-8.487619512257515,-6.718955871865626,-5.368758614822118,-3.4994291828205073,-1.2368047125295258,-1.6533696246079976,-1.2510370108115165,-2.344015451229036,-4.089084388601135,-3.7104999125102003,-0.1287985252626796,-3.7496650692225355,-4.2079097080729575
-1.274833653991207,4.9589037909589,-3.411099210931142,-0.9750808869908882,-4.935681432244051,-6.48945259264994,-5.819567945379297,-3.3407272900694354,-3.5380286248970814,-3.435341900362861,-4.591214481917494,-5.243268203509285,0.6317795769567898,-4.816563600208139,-4.45356248753974,-6.504279206567281,-2.8843339215273023,-5.862017727654944,-3.786614807624879,-2.847297093672366,-2.2599449137910184,-3.9928488657667245,-5.24825192314561,-5.054059650758019,-5.134092241231907,-5.239816536383984,-6.525789227092792,-4.420578579625668,-0.34298470437114487,-5.296374620358605,-5.230752216185317,-5.804947712035193,-2.2837414422799345,-3.819043160182331,-6.017051285150281,-9.688100705349164,-1.4871514894833258,-5.887186584130234,-4.240269732109675,-4.3620786831548815,-1.8386802093967953,-4.8493377145205,-3.917953525271958,-3.0047605543059817,-2.722516461049362,-3.9753234978931804,-3.719792022918151,-3.428625504504619,-5.942274010797929,-2.829953627304562,-4.058433514192608,-3.1962886689042866,-3.311320444724167,-5.8148589875452865,-7.029006036732363,-3.31828000786816,1.0387549440773547,-4.061978122290618,-5.103489871628216,-1.6715120278327387,-2.5479847427851574,-4.953332677372141,-3.0717142525198584,-6.409497308016718,-4.883041937941411,-0.6133078462769976,-4.343008839766838,-2.381643284507619,-7.099916073040103,-3.7426494613141577,-4.256009637455729,-5.634420758535851,-1.0851346078992132,-3.8480390950190024,-5.199792795868899,-4.1199618803509965,-4.002186396231442,-4.742703103820839,-5.302906648199557,-2.146104770778596,-2.52974560674408,-4.896660416467151,-4.8368812273478206,-2.608078369410058,-1.3897167834893587,-4.099629870031316,-2.888874781147564,-4.786490873231684,-3.160558764289746,-8.503096243454605,-6.736736865407838,-5.394333623757674,-3.535887370748666,-1.2820790881205575,-1.6977325900139053,-1.2942605657921278,-2.3858660070931714,-4.122035800391633,-3.746018596236559,-0.17636435365092779,-3.786112911879239,-4.240374424577749
-1.2704714271133823,-10.566654059351,-3.4473068315357542,-1.0187371173602173,-4.963381486094903,-6.5086241962677756,-5.849577677755557,-3.378088619549297,-3.568097616102163,-3.4741034414852683,-4.619720290492382,-5.2676579408452415,0.5825230395092589,-4.8472463792601745,-4.488329587907879,-6.525011623212263,-2.9201880586505657,-5.885507304471382,-3.8185027722392055,-2.8852577386022578,-2.3025111293097646,-4.026873988220471,-5.27519096923379,-5.083456399187568,-5.1660827035222825,-5.263230337248821,-6.5507448276322675,-4.451126208623044,-0.3899726759897355,-5.321888189850712,-5.254388032435486,-5.832294085043364,-2.324235944423677,-3.854150421234806,-6.0470677148777074,-9.70768113431679,-1.5293784051582184,-5.912084613693098,-4.266078094933947,-4.3938648798809705,-1.881700739456377,-4.877712663690784,-3.9524477926288064,-3.045064016877676,-2.760992954331928,-4.003126194825525,-3.7519162844167457,-3.4594971345570498,-5.967540876912154,-2.870704356618048,-4.092234311637342,-3.2318956108834387,-3.3457511902134387,-5.838612252053294,-7.051483436296269,-3.350910147416845,0.9873286787253481,-4.096148487384617,-5.132675301268842,-1.7160369741677035,-2.5882762086411253,-4.982663389738897,-3.103801660499048,-6.430219069553379,-4.914882490104564,-0.6549266132555006,-4.3765712531127665,-2.4177483765424186,-7.123474354771969,-3.7803568383773785,-4.288040158729123,-5.660526251797368,-1.1286889303559988,-3.8814960056818153,-5.2262208305427,-4.149447138179603,-4.040028639816352,-4.770506795027333,-5.335229305387838,-2.184704516368759,-2.564797672433773,-4.924221262423573,-4.8679126940465185,-2.6466529158200984,-1.4309248602355797,-4.131922964498772,-2.9278537771887985,-4.814345196802498,-3.1966436515130257,-8.518572974651658,-6.754517858949989,-5.419908632693216,-3.572345558676875,-1.3273534637115767,-1.7420955554198378,-1.337484120772739,-2.427716562957319,-4.1549872121821565,-3.781537279963006,-0.2239301820391884,-3.8225607545360045,-4.272839141082578
-1.2661092002355576,-9.66545961754493,-3.4835144521403905,-1.0623933477295713,-4.991081539945742,-6.527795799885561,-5.879587410131879,-3.4154499490291723,-3.598166607307194,-3.512864982607664,-4.64822609906727,-5.292047678181224,0.5332665020618028,-4.877929158312148,-4.523096688276018,-6.545744039857321,-2.9560421957737413,-5.908996881287832,-3.8503907368536066,-2.923218383532137,-2.3450773448285114,-4.060899110674205,-5.3021300153219695,-5.112853147617093,-5.198073165812607,-5.2866441381136084,-6.5757004281717055,-4.481673837620445,-0.43696064760835107,-5.347401759342846,-5.278023848685593,-5.859640458051485,-2.364730446567406,-3.889257682287231,-6.077084144605122,-9.727261563284376,-1.5716053208331608,-5.936982643255937,-4.291886457758208,-4.425651076607035,-1.9247212695159712,-4.906087612861055,-3.9869420599857044,-3.0853674794493706,-2.7994694476144932,-4.030928891757793,-3.7840405459153033,-3.49036876460943,-5.992807743026478,-2.9114550859315464,-4.126035109082063,-3.2675025528625286,-3.3801819357027227,-5.862365516561364,-7.073960835860198,-3.383540286965518,0.9359024133733289,-4.13031885247864,-5.161860730909454,-1.7605619205026186,-2.628567674497205,-5.011994102105702,-3.1358890684782503,-6.450940831090016,-4.946723042267728,-0.6965453802339535,-4.410133666458721,-2.453853468577206,-7.147032636503822,-3.8180642154406126,-4.320070680002492,-5.686631745058922,-1.1722432528127595,-3.9149529163446157,-5.252648865216513,-4.178932396008134,-4.077870883401249,-4.7983104862338894,-5.367551962576155,-2.223304261958922,-2.599849738123429,-4.951782108380007,-4.898944160745242,-2.6852274622302144,-1.4721329369818132,-4.164216058966204,-2.9668327732300197,-4.8421995203733745,-3.232728538736356,-8.534049705848721,-6.7722988524921774,-5.445483641628734,-3.608803746604984,-1.3726278393026208,-1.786458520825733,-1.3807076757533254,-2.4695671188215043,-4.187938623972654,-3.817055963689427,-0.27149601042747407,-3.8590085971927204,-4.305303857587407
-1.2617469733577331,3.86133802873179,-3.5197220727450516,-1.1060495780989128,-5.018781593796581,-6.546967403503421,-5.909597142508176,-3.4519646768691885,-3.6282355985122763,-3.551626523730122,-4.67673190764212,-5.316437415517207,0.4840099646143343,-4.908611937364172,-4.557863788644146,-6.566476456502329,-2.9918963328970047,-5.932486458104257,-3.882278701467933,-2.961179028462042,-2.3876435603472954,-4.094924233127951,-5.329069061410099,-5.142249896046643,-5.230063628102944,-5.310057938978433,-6.600656028711243,-4.51222146661782,-0.48394861922692917,-5.372915328834892,-5.3016596649357615,-5.8869868310596445,-2.4052249487111608,-3.92436494333963,-6.107100574332562,-9.746841992252026,-1.6138322365080284,-5.961880672818838,-4.317694820582443,-4.457437273333061,-1.9677417995755655,-4.934462562031301,-4.021436327342528,-3.1256709420210527,-2.8379459408970718,-4.0587315886901125,-3.816164807413899,-3.521240394661861,-6.018074609140777,-2.9522058152450326,-4.159835906526822,-3.303109494841631,-3.414612681191957,-5.8861187810693965,-7.096438235424041,-3.416170426514215,0.8844761480213224,-4.164489217572662,-5.191046160550078,-1.8050868668375335,-2.6688591403532476,-5.041324814472507,-3.1679764764574028,-6.47166259262664,-4.978563594430805,-0.7381641472124689,-4.44369607980465,-2.4899585606120054,-7.170590918235664,-3.8557715925038467,-4.3521012012758735,-5.712737238320439,-1.2157975752695076,-3.9484098270074037,-5.279076899890302,-4.208417653836765,-4.115713126986184,-4.82611417744037,-5.3998746197644225,-2.2619040075491226,-2.6349018038130723,-4.979342954336478,-4.929975627443991,-2.7238020086402797,-1.5133410137280467,-4.196509153433648,-3.0058117692712534,-4.870053843944164,-3.2688134259596104,-8.549526437045774,-6.790079846034378,-5.47105865056429,-3.6452619345331554,-1.4179022148936773,-1.830821486231628,-1.4239312307339116,-2.511417674685677,-4.220890035763165,-3.852574647415823,-0.3190618388157347,-3.8954564398494496,-4.33776857409221
-1.2573847464799084,2.89141477139939,-3.5559296933496887,-1.1497058084682292,-5.046481647647457,-6.566139007121232,-5.9396068748844355,-3.4882910155005344,-3.658304589717332,-3.5903880648525055,-4.705237716217034,-5.340827152853176,0.4347534271668785,-4.93929471641617,-4.5926308890123595,-6.587208873147324,-3.027750470020206,-5.95597603492062,-3.9141666660822585,-2.9991396733919338,-2.4302097758660297,-4.128949355581735,-5.356008107498191,-5.171646644476217,-5.262054090393306,-5.333471739843233,-6.6256116292506935,-4.542769095615246,-0.5309365908454947,-5.398428898326988,-5.3252954811858935,-5.914333204067828,-2.44571945085484,-3.9594722043921298,-6.137117004059964,-9.766422421219652,-1.6560591521829457,-5.986778702381702,-4.343503183406703,-4.4892234700591,-2.0107623296351846,-4.962837511201573,-4.055930594699413,-3.1659744045927845,-2.876422434179675,-4.086534285622419,-3.848289068912444,-3.5521120247142797,-6.043341475255102,-2.992956544558531,-4.19363670397158,-3.3387164368207465,-3.449043426681216,-5.909872045577466,-7.118915634987909,-3.4488005660629257,0.8330498826692909,-4.19865958266666,-5.22023159019069,-1.8496118131724986,-2.7091506062092394,-5.07065552683925,-3.2000638844365543,-6.492384354163301,-5.010404146593995,-0.7797829141909218,-4.477258493150604,-2.52606365264678,-7.19414919996753,-3.8934789695670675,-4.384131722549193,-5.738842731582006,-1.259351897726268,-3.9818667376702166,-5.30550493456414,-4.2379029116653335,-4.153555370571056,-4.853917868646851,-5.432197276952715,-2.3005037531392354,-2.669953869502727,-5.006903800292899,-4.9610070941427145,-2.762376555050383,-1.5545490904743178,-4.228802247901005,-3.0447907653124373,-4.897908167515003,-3.304898313182928,-8.565003168242827,-6.807860839576565,-5.49663365949982,-3.6817201224612646,-1.463176590484709,-1.8751844516375233,-1.4671547857145228,-2.5532682305498247,-4.253841447553675,-3.8880933311422314,-0.3666276672039579,-3.931904282506178,-4.370233290597051
-1.2530225196020837,-8.31037920969091,-3.5921373139543373,-1.1933620388375208,-5.0741817014983095,-6.58531061073908,-5.969616607260771,-3.524617354131917,-3.6883735809224136,-3.629149605974951,-4.733743524791909,-5.365216890189159,0.38549688971936,-4.969977495468232,-4.6273979893805235,-6.6079412897923815,-3.0636046071434313,-5.979465611737083,-3.9460546306966098,-3.037100318321788,-2.4727759913847507,-4.162974478035482,-5.38294715358637,-5.20104339290573,-5.294044552683618,-5.356885540708033,-6.650567229790181,-4.5733167246126225,-0.5779245624640853,-5.423942467819096,-5.348931297436075,-5.941679577075999,-2.486213952998557,-3.9945794654445175,-6.167133433787416,-9.786002850187225,-1.6982860678578509,-6.011676731944541,-4.369311546230939,-4.521009666785188,-2.053782859694804,-4.991212460371819,-4.090424862056298,-3.2062778671644914,-2.914898927462228,-4.114336982554738,-3.880413330411052,-3.5829836547666982,-6.068608341369351,-3.0337072738720305,-4.227437501416277,-3.374323378799861,-3.4834741721705127,-5.933625310085474,-7.141393034551815,-3.4814307056116105,0.7816236173172841,-4.232829947760671,-5.249417019831327,-1.894136759507401,-2.749442072065319,-5.099986239206055,-3.2321512924157316,-6.513106115699925,-5.042244698757161,-0.8214016811693998,-4.510820906496509,-2.5621687446815793,-7.217707481699422,-3.9311863466303265,-4.416162243822561,-5.764948224843535,-1.3029062201830288,-4.0153236483330295,-5.331932969237953,-4.267388169493989,-4.1913976141560285,-4.881721559853395,-5.464519934140983,-2.3391034987294486,-2.705005935192408,-5.0344646462493206,-4.992038560841426,-2.8009511014604485,-1.595757167220564,-4.261095342368448,-3.083769761353622,-4.925762491085854,-3.3409832004062077,-8.580479899439904,-6.825641833118741,-5.522208668435351,-3.718178310389436,-1.5084509660757783,-1.9195474170434434,-1.510378340695134,-2.59511878641396,-4.286792859344148,-3.9236120148686657,-0.41419349559223106,-3.9683521251628937,-4.402698007101892
-1.248660292724259,-10.6866904987628,-3.628344934558987,-1.2370182692069123,-5.101881755349136,-6.60448221435689,-5.9996263396370555,-3.5609436927632254,-3.7184425721274703,-3.667911147097384,-4.762249333366797,-5.389606627525167,0.3362403522718791,-5.000660274520181,-4.6621650897486635,-6.628673706437365,-3.0994587442666575,-6.00295518855347,-3.9779425953109993,-3.075060963251718,-2.5153422069035347,-4.196999600489203,-5.409886199674499,-5.230440141335268,-5.326035014973943,-5.380299341572833,-6.675522830329669,-4.603864353610035,-0.6249125340827009,-5.449456037311216,-5.372567113686232,-5.969025950084145,-2.526708455142299,-4.029686726496967,-6.197149863514844,-9.805583279154826,-1.7405129835327182,-6.036574761507454,-4.395119909055187,-4.55279586351124,-2.096803389754398,-5.019587409542066,-4.124919129413146,-3.2465813297361983,-2.953375420744819,-4.142139679487007,-3.9125375919096346,-3.6138552848190795,-6.093875207483613,-3.074458003185529,-4.261238298861086,-3.4099303207789635,-3.517904917659772,-5.957378574593557,-7.1638704341157196,-3.5140608451603086,0.7301973519652527,-4.267000312854706,-5.278602449471914,-1.938661705842316,-2.789733537921374,-5.12931695157281,-3.2642387003949214,-6.533827877236611,-5.07408525092025,-0.8630204481478903,-4.54438331984245,-2.5982738367164036,-7.241265763431238,-3.9688937236935358,-4.448192765095918,-5.79105371810509,-1.3464605426398144,-4.048780558995842,-5.3583610039117415,-4.296873427322533,-4.229239857740925,-4.909525251059902,-5.496842591329263,-2.377703244319649,-2.740058000882051,-5.0620254922057795,-5.0230700275401485,-2.8395256478705395,-1.6369652439667726,-4.29338843683588,-3.122748757394856,-4.953616814656681,-3.377068087629512,-8.59595663063697,-6.843422826660967,-5.547783677370906,-3.754636498317595,-1.5537253416668098,-1.9639103824493511,-1.553601895675733,-2.636969342278145,-4.319744271134659,-3.9591306985950743,-0.46175932398049174,-4.004799967819647,-4.435162723606684
-1.2442980658464344,-7.06467675022569,-3.664552555163648,-1.2806744995762038,-5.129581809199988,-6.623653817974701,-6.029636072013328,-3.597270031394584,-3.748511563332527,-3.706672688219755,-4.790755141941659,-5.413996364861124,0.2869838148244356,-5.031343053572192,-4.696932190116803,-6.649406123082422,-3.1353128813899085,-6.026444765369908,-4.009830559925337,-3.1130216081815725,-2.5579084224222814,-4.231024722942962,-5.436825245762667,-5.259836889764817,-5.358025477264317,-5.40371314243767,-6.700478430869144,-4.634411982607436,-0.671900505701304,-5.47496960680325,-5.396202929936388,-5.996372323092266,-2.5672029572860033,-4.064793987549417,-6.227166293242283,-9.825163708122462,-1.7827398992076482,-6.061472791070331,-4.42092827187946,-4.5845820602372545,-2.1398239198140043,-5.047962358712361,-4.159413396770007,-3.2868847923079176,-2.991851914027409,-4.169942376419327,-3.9446618534082054,-3.6447269148714856,-6.119142073597924,-3.115208732499015,-4.295039096305782,-3.4455372627580783,-3.552335663149031,-5.981131839101602,-7.186347833679587,-3.546690984708956,0.678771086613271,-4.301170677948691,-5.307787879112551,-1.9831866521772559,-2.830025003777367,-5.158647663939603,-3.296326108374111,-6.55454963877326,-5.10592580308344,-0.9046392151263807,-4.5779457331883675,-2.634378928751179,-7.264824045163128,-4.006601100756782,-4.480223286369312,-5.817159211366669,-1.3900148650965876,-4.082237469658617,-5.3847890385856045,-4.326358685151127,-4.26708210132586,-4.937328942266383,-5.529165248517531,-2.416302989909812,-2.775110066571707,-5.089586338162226,-5.0541014942389095,-2.87810019428058,-1.6781733207130185,-4.325681531303299,-3.161727753436052,-4.981471138227545,-3.4131529748527543,-8.611433361834008,-6.8612038202031425,-5.573358686306436,-3.791094686245729,-1.598999717257854,-2.008273347855259,-1.5968254506563317,-2.6788198981423053,-4.352695682925157,-3.994649382321483,-0.5093251523687649,-4.041247810476388,-4.4676274401114755
-1.2399358389686097,1.37012220968109,-3.700760175768284,-1.3243307299455576,-5.157281863050865,-6.642825421592562,-6.05964580438965,-3.633596370025904,-3.7785805545375837,-3.7454342293421883,-4.819260950516585,-5.438386102197081,0.23772727737699206,-5.062025832624215,-4.731699290484979,-6.670138539727405,-3.1711670185131346,-6.049934342186345,-4.041718524539676,-3.1509822531114393,-2.600474637941028,-4.26504984539672,-5.463764291850821,-5.289233638194379,-5.39001593955463,-5.427126943302495,-6.725434031408607,-4.664959611604849,-0.7188884773198946,-5.5004831762953454,-5.4198387461865325,-6.023718696100425,-2.6076974594297706,-4.099901248601842,-6.257182722969685,-9.844744137090075,-1.8249668148825409,-6.086370820633182,-4.446736634703695,-4.616368256963305,-2.1828444498735866,-5.07633730788262,-4.193907664126892,-3.3271882548795864,-3.03032840731,-4.197745073351633,-3.9767861149068002,-3.675598544923954,-6.144408939712224,-3.1559594618125013,-4.328839893750565,-3.4811442047371557,-3.586766408638315,-6.0048851036096345,-7.20882523324348,-3.5793211242576666,0.627344821261252,-4.3353410430427015,-5.336973308753151,-2.027711598512171,-2.870316469633422,-5.1879783763064085,-3.3284135163532635,-6.575271400309909,-5.137766355246592,-0.9462579821049211,-4.611508146534296,-2.670484020785991,-7.288382326894944,-4.044308477820028,-4.5122538076426935,-5.843264704628199,-1.4335691875532857,-4.11569438032143,-5.4112170732593805,-4.35584394297972,-4.3049243449107575,-4.96513263347289,-5.561487905705811,-2.4549027355,-2.8101621322613504,-5.117147184118672,-5.085132960937559,-2.9166747406906834,-1.7193813974593146,-4.357974625770756,-3.200706749477237,-5.009325461798396,-3.4492378620760844,-8.626910093031086,-6.8789848137452925,-5.598933695241992,-3.827552874173863,-1.6442740928489106,-2.0526363132611536,-1.6400490056369303,-2.720670454006478,-4.3856470947156545,-4.030168066047891,-0.5568909807570006,-4.077695653133091,-4.500092156616316
-1.235573612090785,2.55952490185922,-3.736967796372909,-1.3679869603148742,-5.184981916901691,-6.661997025210372,-6.089655536765934,-3.6699227086572748,-3.8086495457426155,-3.784195770464608,-4.847766759091448,-5.4627758395331005,0.18847073992944863,-5.092708611676226,-4.766466390853106,-6.690870956372475,-3.2070211556363475,-6.073423919002746,-4.07360648915404,-3.188942898041356,-2.6430408534597998,-4.299074967850454,-5.4907033379389505,-5.318630386623904,-5.422006401844992,-5.450540744167295,-6.75038963194807,-4.6955072406022875,-0.7658764489384852,-5.525996745787479,-5.443474562436714,-6.051065069108571,-2.648191961573488,-4.1350085096543046,-6.287199152697088,-9.864324566057673,-1.8671937305574333,-6.111268850196058,-4.472544997527943,-4.648154453689332,-2.225864979933193,-5.104712257052904,-4.228401931483727,-3.3674917174513554,-3.0688049005925784,-4.225547770283927,-4.0089103764053835,-3.7064701749763467,-6.169675805826498,-3.1967101911260123,-4.362640691195262,-3.5167511467162704,-3.6211971541275867,-6.028638368117717,-7.231302632807347,-3.6119512638063638,0.5759185559092328,-4.369511408136725,-5.366158738393825,-2.0722365448470983,-2.9106079354894767,-5.217309088673189,-3.3605009243324533,-6.595993161846533,-5.169606907409757,-0.9878767490834115,-4.645070559880275,-2.706589112820753,-7.311940608626785,-4.082015854883262,-4.544284328916063,-5.8693701978897534,-1.4771235100100713,-4.149151290984243,-5.437645107933194,-4.385329200808314,-4.34276658849568,-4.992936324679459,-5.593810562894078,-2.493502481090188,-2.845214197951031,-5.144708030075081,-5.116164427636307,-2.955249287100761,-1.7605894742055481,-4.390267720238162,-3.2396857455184707,-5.037179785369248,-3.4853227492993764,-8.642386824228138,-6.89676580728753,-5.624508704177496,-3.8640110621020343,-1.6895484684399422,-2.096999278667099,-1.6832725606175292,-2.7625210098706505,-4.418598506506128,-4.065686749774337,-0.6044568091452363,-4.114143495789844,-4.532556873121146
-1.2312113852129603,-9.57587722667493,-3.7731754169775202,-1.4116431906841909,-5.21268197075253,-6.681168628828208,-6.119665269142194,-3.7062490472886074,-3.8387185369477095,-3.822957311587029,-4.876272567666324,-5.487165576869058,0.1392142024819677,-5.123391390728225,-4.801233491221333,-6.711603373017457,-3.242875292759586,-6.096913495819184,-4.105494453768366,-3.226903542971235,-2.685607068978533,-4.333100090304225,-5.517642384027117,-5.348027135053429,-5.453996864135304,-5.473954545032157,-6.775345232487571,-4.726054869599651,-0.8128644205571132,-5.5515103152795495,-5.467110378686833,-6.078411442116729,-2.6886864637172048,-4.170115770706742,-6.317215582424515,-9.883904995025299,-1.9094206462323133,-6.136166879758898,-4.498353360352204,-4.679940650415396,-2.268885509992825,-5.133087206223113,-4.2628961988406004,-3.4077951800230375,-3.1072813938751436,-4.253350467216234,-4.041034637903941,-3.7373418050287155,-6.194942671940785,-3.2374609204394984,-4.396441488640045,-3.552358088695436,-3.655627899616846,-6.052391632625762,-7.253780032371216,-3.6445814033550494,0.5244922905572138,-4.4036817732307725,-5.395344168034399,-2.1167614911820136,-2.9508994013454943,-5.246639801039982,-3.3925883323115684,-6.616714923383169,-5.201447459572909,-1.029495516061877,-4.678632973226192,-2.74269420485554,-7.335498890358664,-4.119723231946471,-4.576314850189394,-5.895475691151333,-1.5206778324668568,-4.182608201647018,-5.4640731426070195,-4.414814458636919,-4.380608832080577,-5.020740015885927,-5.626133220082371,-2.5321022266803634,-2.8802662636406735,-5.172268876031502,-5.147195894335042,-2.9938238335108274,-1.801797550951794,-4.422560814705569,-3.2786647415596297,-5.065034108940061,-3.521407636522669,-8.657863555425216,-6.914546800829681,-5.650083713113064,-3.900469250030156,-1.734822844030999,-2.141362244072969,-1.7264961155981156,-2.8043715657347983,-4.4515499182966005,-4.101205433500747,-0.6520226375335219,-4.15059133844656,-4.565021589625949
-1.2268491583351357,-10.1439928099506,-3.809383037582232,-1.4552994210535697,-5.240382024603394,-6.700340232445994,-6.149675001518505,-3.7425753859199533,-3.868787528152766,-3.8617188527094495,-4.904778376241212,-5.511555314205066,0.0899576650345616,-5.154074169780186,-4.836000591589447,-6.732335789662527,-3.2787294298828,-6.120403072635609,-4.137382418382742,-3.264864187901103,-2.7281732844972924,-4.367125212757972,-5.544581430115234,-5.377423883482966,-5.4859873264256285,-5.497368345896945,-6.800300833027033,-4.756602498597014,-0.8598523921756789,-5.577023884771657,-5.490746194936977,-6.105757815124888,-2.729180965860909,-4.205223031759155,-6.347232012151967,-9.903485423992873,-1.9516475619072557,-6.161064909321774,-4.524161723176465,-4.711726847141447,-2.311906040052431,-5.1614621553934095,-4.297390466197424,-3.4480986425947195,-3.145757887157697,-4.281153164148541,-4.073158899402524,-3.7682134350811465,-6.220209538055046,-3.278211649752998,-4.430242286084767,-3.587965030674538,-3.6900586451060926,-6.076144897133757,-7.276257431935096,-3.6772115429037466,0.4730660252052197,-4.437852138324745,-5.424529597675011,-2.1612864375169534,-2.991190867201574,-5.275970513406774,-3.424675740290808,-6.637436684919805,-5.233288011736049,-1.0711142830403424,-4.712195386572134,-2.7787992968903517,-7.359057172090505,-4.157430609009705,-4.608345371462801,-5.9215811844128625,-1.564232154923605,-4.216065112309844,-5.490501177280858,-4.444299716465488,-4.418451075665474,-5.048543707092434,-5.658455877270664,-2.5707019722705766,-2.915318329330354,-5.199829721987949,-5.178227361033766,-3.0323983799209175,-1.8430056276980278,-4.4548539091729875,-3.317643737600889,-5.0928884325109,-3.557492523745961,-8.673340286622281,-6.932327794371844,-5.675658722048595,-3.9369274379583024,-1.780097219622043,-2.185725209478889,-1.7697196705787392,-2.846222121598972,-4.484501330087136,-4.13672411722718,-0.6995884659217826,-4.187039181103288,-4.597486306130765
-1.222486931457311,3.2633592755952,-3.8455906581868557,-1.4989556514229112,-5.268082078454234,-6.719511836063842,-6.179684733894814,-3.7789017245513614,-3.898856519357823,-3.9004803938318453,-4.933284184816125,-5.535945051541035,0.04070112758704325,-5.184756948832209,-4.870767691957611,-6.753068206307535,-3.3145835670060633,-6.143892649452021,-4.169270382997106,-3.302824832831032,-2.7707395000160515,-4.401150335211718,-5.571520476203402,-5.406820631912553,-5.517977788716016,-5.520782146761745,-6.825256433566534,-4.787150127594465,-0.9068403637942695,-5.602537454263729,-5.514382011187159,-6.133104188133046,-2.7696754680046265,-4.240330292811617,-6.377248441879369,-9.923065852960523,-1.993874477582123,-6.18596293888465,-4.549970086000737,-4.7435130438675115,-2.354926570111988,-5.189837104563669,-4.331884733554309,-3.4884021051664513,-3.184234380440275,-4.308955861080847,-4.105283160901119,-3.7990850651335775,-6.245476404169309,-3.318962379066484,-4.464043083529526,-3.6235719726536404,-3.7244893905953766,-6.099898161641827,-7.298734831499001,-3.7098416824524323,0.42163975985318813,-4.472022503418768,-5.453715027315636,-2.2058113838518807,-3.0314823330575917,-5.305301225773567,-3.456763148269985,-6.658158446456454,-5.265128563899177,-1.1127330500188326,-4.745757799918063,-2.8149043889251137,-7.382615453822334,-4.195137986072976,-4.640375892736144,-5.947686677674405,-1.607786477380353,-4.249522022972644,-5.516929211954609,-4.474212883336562,-4.456293319250421,-5.076347398298952,-5.690778534458931,-2.6093017178607774,-2.95037039502001,-5.227390567944408,-5.209258827732502,-3.0709729263310086,-1.8842137044442737,-4.4871470036403815,-3.3566227336420607,-5.120742756081739,-3.593577410969253,-8.68881701781937,-6.950108787914007,-5.7012337309841,-3.9733856258864746,-1.8253715952130498,-2.2300881748847843,-1.812943225559338,-2.8880726774631196,-4.517452741877622,-4.172242800953589,-0.7471542943100432,-4.223487023760029,-4.629951022635582
-1.2181247045794863,-10.7750135983503,-3.881798278791492,-1.5426118817922152,-5.29578213230511,-6.738683439681677,-6.2096944662710865,-3.815228063182632,-3.9289255105629044,-3.939241934954291,-4.961789993390975,-5.560334788877018,-0.00855540986046277,-5.21543972788422,-4.905534792325751,-6.7738006229525425,-3.3504377041292637,-6.167382226268459,-4.201158347611457,-3.340785477760874,-2.813305715534786,-4.43517545766544,-5.5984595222915186,-5.436217380342116,-5.549968251006316,-5.544195947626569,-6.850212034105984,-4.817697756591854,-0.95382833541291,-5.628051023755812,-5.538017827437265,-6.16045056114123,-2.810169970148406,-4.275437553864054,-6.407264871606797,-9.942646281928134,-2.0361013932570655,-6.210860968447539,-4.57577844882496,-4.775299240593576,-2.397947100171595,-5.2182120537339145,-4.366379000911194,-3.528705567738121,-3.2227108737228782,-4.336758558013129,-4.137407422399702,-3.829956695185996,-6.270743270283633,-3.3597131083799576,-4.497843880974259,-3.65917891463278,-3.758920136084673,-6.123651426149896,-7.3212122310628684,-3.7424718220011304,0.3702134945011565,-4.506192868512766,-5.482900456956273,-2.2503363301868085,-3.071773798913684,-5.334631938140385,-3.4888505562491128,-6.678880207993103,-5.296969116062342,-1.1543518169973357,-4.77932021326398,-2.8510094809599256,-7.406173735554225,-4.232845363136185,-4.6724064140094885,-5.973792170935947,-1.6513407998371261,-4.282978933635469,-5.543357246628459,-4.506638080413906,-4.494135562835331,-5.104151089505484,-5.7231011916472365,-2.64790146345094,-2.985422460709641,-5.254951413900829,-5.2402902944312135,-3.109547472741074,-1.9254217811905199,-4.5194400981078005,-3.395601729683319,-5.148597079652616,-3.629662298192546,-8.704293749016385,-6.967889781456233,-5.726808739919668,-4.009843813814646,-1.8706459708041063,-2.274451140290692,-1.8561667805399493,-2.929923233327317,-4.55040415366812,-4.2077614846800095,-0.7947201226982914,-4.2599348664167325,-4.662415739140398
-1.2137624777016616,-8.18115766563218,-3.9180058993961415,-1.5862681121615567,-5.323482186155962,-6.757855043299513,-6.239704198647396,-3.8515544018139902,-3.9589945017679486,-3.978003476076699,-4.990295801965851,-5.584724526213001,-0.05781194730791872,-5.2461225069362065,-4.940301892693915,-6.794533039597526,-3.38629184125249,-6.190871803084847,-4.233046312225796,-3.378746122690753,-2.8558719310535565,-4.469200580119186,-5.625398568379698,-5.465614128771678,-5.581958713296678,-5.567609748491357,-6.875167634645485,-4.848245385589267,-1.0008163070314255,-5.653564593247932,-5.561653643687435,-6.187796934149376,-2.8506644722921353,-4.310544814916479,-6.437281301334224,-9.962226710895772,-2.078328308931958,-6.235758998010403,-4.601586811649233,-4.807085437319602,-2.4409676302312264,-5.246587002904223,-4.400873268268055,-3.5690090303098527,-3.2611873670054816,-4.36456125494541,-4.169531683898272,-3.8608283252383515,-6.296010136397895,-3.4004638376934935,-4.531644678419018,-3.6947858566118574,-3.7933508815739323,-6.147404690657941,-7.343689630626761,-3.7751019615497903,0.3187872291491499,-4.540363233606814,-5.512085886596847,-2.293763516664926,-3.112065264769689,-5.3639626505071405,-3.52093796422834,-6.699601969529764,-5.328809668225482,-1.1959705839757886,-4.812882626609946,-2.8871145729947,-7.429732017286091,-4.270552740199394,-4.704436935282833,-5.999897664197489,-1.6948951222938868,-4.316435844298282,-5.569785281302273,-4.53906327749125,-4.531977806420216,-5.131954780711977,-5.755423848835467,-2.686501209041116,-3.020474526399334,-5.282512259857288,-5.271321761129962,-3.1481220191511525,-1.9666298579367534,-4.55173319257522,-3.434580725724503,-5.17645140322343,-3.665747185415838,-8.719770480213487,-6.985670774998446,-5.752383748855186,-4.0463020017427676,-1.9159203463951504,-2.3188141056966245,-1.8993903355205606,-2.971773789191465,-4.58335556545863,-4.243280168406394,-0.8422859510865521,-4.296382709073473,-4.694880455645252
-1.209400250823837,-9.73352453561957,-3.95421352000079,-1.6299243425309107,-5.3511822400067635,-6.777026646917336,-6.2697139310237056,-3.887880740445385,-3.989063492972993,-4.016765017199095,-5.018801610540739,-5.60911426354892,-0.10706848475537473,-5.276805285988242,-4.975068993062054,-6.815265456242608,-3.4221459783757036,-6.214361379901322,-4.264934276840135,-3.4167067676206706,-2.8984381465723033,-4.503225702572945,-5.652337614467827,-5.495010877201215,-5.613949175587003,-5.591023549356169,-6.900123235184948,-4.878793014586643,-1.0478042786500288,-5.679078162740041,-5.585289459937579,-6.214046086745077,-2.891158974435852,-4.345652075968942,-6.467297731061664,-9.981807139863347,-2.1205552246068757,-6.260657027573254,-4.627395174473444,-4.8388716340456535,-2.4839881602908456,-5.274961952074457,-4.435367535624915,-3.6093124928815348,-3.299663860288084,-4.3923639518777415,-4.201655945396856,-3.8916999552908074,-6.321277002512194,-3.441214567006992,-4.565445475863777,-3.7303927985909597,-3.8277816270631915,-6.171157955165961,-7.366167030190654,-3.8077321010985132,0.2673609637971558,-4.574533598700799,-5.543042471589791,-2.3351793901742814,-3.1523567306257068,-5.39329336287392,-3.55302537220748,-6.720323731066388,-5.360650220388609,-1.2375893509543165,-4.84644503995585,-2.923219665029513,-7.453290299017907,-4.308260117262665,-4.7364674565562765,-6.026003157459068,-1.7384494447506473,-4.34989275496107,-5.596213315976073,-4.571488474568607,-4.569820050005151,-5.159758471918496,-5.787746506023747,-2.7251009546312783,-3.055526592088989,-5.310073105813709,-5.30235322782866,-3.1866965655612303,-2.0078379346829993,-4.584026287042652,-3.473559721765713,-5.204305726794269,-3.7018320726391307,-8.73524721141054,-7.003451768540646,-5.777958757790729,-4.082760189670914,-1.9611947219862196,-2.3631770711025197,-1.9426138905011343,-3.013624345055625,-4.616306977249091,-4.278798852132852,-0.8898517794748128,-4.332830551730177,-4.727345172150067
-1.2050380239460123,-9.58205782057077,-3.9904211406054273,-1.673580572900227,-5.378882293857678,-6.796198250535146,-6.299723663400016,-3.924207079076756,-4.0191324841780744,-4.055526558321528,-5.047307419115601,-5.63350400088494,-0.15632502220289313,-5.307488065040241,-5.009836093430243,-6.835997872887578,-3.455800654335965,-6.237850956717723,-4.296822241454499,-3.4546674125505747,-2.941004362091025,-4.537250825026729,-5.679276660556019,-5.524407625630753,-5.645939637877327,-5.614437350220969,-6.925078835724411,-4.909340643584043,-1.094792250268657,-5.704591732232086,-5.608925276187736,-6.23827227608547,-2.931653476579532,-4.380759337021378,-6.497314160789066,-10.001387568830946,-2.1627821402817307,-6.285555057136143,-4.653203537297742,-4.870657830771754,-2.5270086903504394,-5.3033369012447285,-4.469861802981776,-3.649615955453279,-3.3381403535706005,-4.420166648810036,-4.233780206895413,-3.9225715853432135,-6.346543868626456,-3.481965296320479,-4.599246273308474,-3.7659997405701002,-3.862212372552425,-6.194911219674031,-7.388644429754497,-3.8403622406471483,0.21593469844513669,-4.6087039637948095,-5.574649909805953,-2.3765952636836873,-3.192648196481774,-5.422624075240738,-3.5851127801866562,-6.741045492603012,-5.3924907725517865,-1.279208117932807,-4.880007453301754,-2.9593247570642998,-7.476848580749786,-4.345967494325899,-4.768497977829596,-6.05210865072056,-1.782003767207433,-4.383349665623845,-5.622641350649899,-4.603913671645989,-4.607662293590098,-5.187562163124991,-5.820069163212077,-2.7637007002214418,-3.0905786577786323,-5.337633951770143,-5.333384694527346,-3.225271111971309,-2.0490460114292333,-4.6163193815100705,-3.512538717806934,-5.232160050365096,-3.7379169598624227,-8.75072394260758,-7.021232762082809,-5.803533766726309,-4.1192183775990605,-2.006469097577239,-2.4075400365084523,-1.9858374454817207,-3.055474900919773,-4.649258389039639,-4.3143175358592485,-0.9374176078630485,-4.369278394386917,-4.759809888654834
-1.2006757970681876,1.26210853739988,-4.026628761210076,-1.717236803269581,-5.4065823477084916,-6.815369854153007,-6.329733395776301,-3.9605334177080893,-4.049201475383144,-4.094288099443911,-5.075813227690476,-5.657893738220922,-0.20558155965036162,-5.338170844092227,-5.044603193798408,-6.856730289532623,-3.488527371702042,-6.261340533534122,-4.32871020606885,-3.4926280574804416,-2.9835705776098465,-4.571275947480463,-5.706215706644124,-5.553804374060302,-5.677930100167689,-5.637851151085831,-6.950034436263911,-4.939888272581444,-1.1417802218872224,-5.730105301724195,-5.632561092437918,-6.262498465425889,-2.9721479787232736,-4.415866598073766,-6.527330590516518,-10.020967997798572,-2.2050090559566606,-6.310453086699032,-4.679011900121977,-4.902444027497731,-2.570029220409997,-5.331711850414988,-4.504356070338611,-3.6899194180250108,-3.3766168468531657,-4.4479693457423055,-4.265904468394009,-3.9534432153956196,-6.37181073474078,-3.5227160256339527,-4.63304707075322,-3.8016066825491652,-3.896643118041709,-6.2186644841820895,-7.411121829318365,-3.8729923801958455,0.1645084330931177,-4.64287432888887,-5.606257348022165,-2.418011137193056,-3.2329396623378033,-5.451954787607506,-3.6172001881658584,-6.761767254139686,-5.424331324714914,-1.320826884911285,-4.913569866647734,-2.9954298490990743,-7.500406862481627,-4.383674871389133,-4.800528499102977,-6.0782141439821515,-1.8255580896641561,-4.416806576286683,-5.649069385323712,-4.636338868723321,-4.645504537174983,-5.2153658543314965,-5.852391820400308,-2.8023004458116167,-3.1256307234682756,-5.3651947977265895,-5.364416161226107,-3.2638456583814115,-2.0902540881755165,-4.648612475977514,-3.551517713848118,-5.260014373935972,-3.7740018470857652,-8.766200673804668,-7.039013755625009,-5.829108775661802,-4.155676565527244,-2.0517434731682953,-2.451903001914335,-2.0290610004623195,-3.097325456783933,-4.682209800830137,-4.3498362195856695,-0.9849834362512966,-4.405726237043633,-4.7922746051597125
-1.1963135701903629,-10.2499684521495,-4.0628363818147,-1.7608930336389101,-5.434282401559356,-6.8345414577708175,-6.3597431281525605,-3.9968597563393846,-4.079270466588225,-4.133049640566331,-5.104319036265377,-5.68228347555688,-0.25483809709786753,-5.368853623144238,-5.079370294166535,-6.877462706177644,-3.5212540890681066,-6.284830110350548,-4.360598170683201,-3.5305887024103217,-3.0261367931285807,-4.605301069934184,-5.733154752732215,-5.583201122489815,-5.709920562458026,-5.661264951950631,-6.974990036803386,-4.970435901578858,-1.1887681935058505,-5.75561887121629,-5.656196908688061,-6.2867246547663695,-3.0126424808670036,-4.450973859126228,-6.55734702024397,-10.040548426766208,-2.2472359716315653,-6.335351116261909,-4.704820262946238,-4.934230224223782,-2.613049750469653,-5.360086799585246,-4.538850337695484,-3.7302228805966804,-3.4150933401357815,-4.475772042674649,-4.298028729892566,-3.9843148454480133,-6.397077600855042,-3.563466754947439,-4.666847868197966,-3.8372136245283297,-3.9310738635309805,-6.242417748690109,-7.43359922888227,-3.905622519744556,0.11308216774111102,-4.677044693982843,-5.637864786238341,-2.4594270107024245,-3.2732311281938333,-5.481285499974274,-3.649287596145011,-6.7824890156763225,-5.456171876878091,-1.3624456518897627,-4.947132279993663,-3.031534941133886,-7.523965144213518,-4.421382248452367,-4.832559020376346,-6.104319637243681,-1.8691124121209417,-4.450263486949483,-5.675497419997488,-4.668764065800702,-4.68334678075993,-5.243169545537991,-5.884714477588638,-2.8409001914018175,-3.1606827891579314,-5.392755643683011,-5.395447627924793,-3.3024202047914653,-2.13146216492175,-4.680905570444908,-3.590496709889302,-5.2878686975067986,-3.8100867343090323,-8.781677405001734,-7.056794749167173,-5.854683784597357,-4.192134753455378,-2.096075460836042,-2.4962659673202676,-2.0722845554429554,-3.139176012648093,-4.715161212620623,-4.385354903312104,-1.0325492646395573,-4.4421740797003615,-4.824739321664504
-1.1919513433125384,-11.0240995145794,-4.099044002419311,-1.8045492640082514,-5.461982455410195,-6.85371306138864,-6.38975286052887,-4.033186094970755,-4.109339457793256,-4.171811181688764,-5.132824844840266,-5.706673212892875,-0.304094634545361,-5.399536402196274,-5.114137394534699,-6.8981951228226634,-3.553980806434196,-6.308319687166948,-4.392486135297553,-3.568549347340226,-3.068703008647314,-4.6393261923879425,-5.760093798820457,-5.612597870919377,-5.741911024748351,-5.684678752815431,-6.9999456373428615,-5.000983530576246,-1.2357561651244287,-5.781132440708411,-5.679832724938206,-6.31095084410675,-3.053136983010708,-4.486081120178628,-6.5873634499713605,-10.060128855733808,-2.2894628873064455,-6.360249145824747,-4.7306286257704855,-4.966016420949859,-2.6560702805292724,-5.3884617487555175,-4.573344605052357,-3.7705263431683873,-3.4535698334183094,-4.503574739606943,-4.33015299139115,-4.015186475500431,-6.422344466969316,-3.6042174842609622,-4.700648665642699,-3.872820566507407,-3.9655046090202024,-6.266171013198167,-7.456076628446137,-3.938252659293254,0.06165590238909202,-4.711215059076878,-5.669472224454515,-2.50084288421183,-3.313522594049851,-5.510616212341067,-3.6813750041242006,-6.803210777212971,-5.488012429041219,-1.4040644188682532,-4.980694693339605,-3.067640033168698,-7.547523425945335,-4.459089625515588,-4.86458954164969,-6.130425130505211,-1.9126667345777022,-4.483720397612296,-5.701925454671314,-4.701189262878059,-4.721189024344877,-5.270973236744534,-5.91703713477688,-2.8794999369919685,-3.1957348548475872,-5.420316489639458,-5.4264790946235415,-3.340994751201543,-2.1726702416679835,-4.713198664912315,-3.6294757059305365,-5.315723021077613,-3.846171621532312,-8.797154136198786,-7.07457574270936,-5.880258793532938,-4.228592941383537,-2.1402458412431518,-2.540628932726138,-2.1155081104235545,-3.181026568512266,-4.74811262441112,-4.420873587038487,-1.0801150930278054,-4.4786219223571155,-4.857204038169358
-1.1875891164347137,1.74467742414531,-4.135251623024023,-1.848205494377568,-5.489682509261059,-6.872884665006451,-6.419762592905155,-4.069512433602076,-4.139408448998325,-4.210572722811123,-5.16133065341514,-5.73106295022882,-0.353351171992792,-5.43021918124826,-5.1489044949028635,-6.918927539467696,-3.586707523800298,-6.331809263983411,-4.424374099911916,-3.6065099922700927,-3.1112692241660858,-4.673351314841739,-5.787032844908562,-5.641994619348927,-5.773901487038713,-5.708092553680244,-7.024901237882337,-5.031531159573697,-1.2827441367430068,-5.806646010200457,-5.703468541188387,-6.335177033447193,-3.0936314851544626,-4.521188381231091,-6.617379879698812,-10.079709284701432,-2.331689802981388,-6.385147175387648,-4.756436988594746,-4.99780261767586,-2.6990908105888414,-5.416836697925814,-4.607838872409243,-3.8108298057400436,-3.492046326700925,-4.53137743653925,-4.362277252889744,-4.046058105552837,-6.447611333083616,-3.644968213574473,-4.734449463087445,-3.908427508486522,-3.999935354509499,-6.289924277706224,-7.478554028010031,-3.9708827988419264,0.010229637037097894,-4.745385424170876,-5.701079662670727,-2.5422587577211857,-3.3538140599059183,-5.539946924707884,-3.7134624121033655,-6.82393253874962,-5.519852981204384,-1.4456831858467436,-5.014257106685534,-3.10374512520346,-7.571081707677201,-4.496797002578847,-4.896620062923034,-6.15653062376679,-1.9562210570344878,-4.5171773082750715,-5.728353489345141,-4.733614459955391,-4.759031267929775,-5.298776927951041,-5.949359791965185,-2.9180996825821808,-3.2307869205372546,-5.447877335595904,-5.45751056132229,-3.379569297611634,-2.2138783184142046,-4.745491759379784,-3.6684547019717453,-5.3435773446485015,-3.8822565087556047,-8.812630867395876,-7.092356736251523,-5.905833802468417,-4.265051129311684,-2.184416221650236,-2.5849918981320457,-2.1587316654041535,-3.2228771243764136,-4.7810640362015935,-4.456392270764908,-1.1276809214160786,-4.515069765013869,-4.889668754674148
-1.183226889556889,1.94570751840977,-4.171459243628647,-1.8918617247469096,-5.517382563111898,-6.892056268624274,-6.449772325281465,-4.105838772233446,-4.169477440203357,-4.249334263933606,-5.189836461990016,-5.75545268756484,-0.40260770944031044,-5.460901960300259,-5.183671595271015,-6.939659956112704,-3.6194342411663873,-6.355298840799836,-4.45626206452628,-3.644470637199972,-3.1538354396848076,-4.707376437295473,-5.8139718909967035,-5.671391367778489,-5.805891949329063,-5.731506354545081,-7.0498568384218,-5.06207878857106,-1.3297321083616098,-5.832159579692565,-5.7271043574385185,-6.359403222787649,-3.1341259872981544,-4.556295642283541,-6.647396309426227,-10.09928971366902,-2.373916718656293,-6.410045204950513,-4.782245351418994,-5.029588814401912,-2.7421113406484485,-5.445211647096023,-4.642333139766091,-3.851133268311788,-3.5305228199835037,-4.55918013347152,-4.394401514388314,-4.076929735605243,-6.472878199197915,-3.68571894288796,-4.768250260532205,-3.944034450465675,-4.034366099998758,-6.313677542214244,-7.50103142757386,-4.003512938390649,-0.0411966283149337,-4.779555789264899,-5.732687100886914,-2.5836746312305667,-3.3941055257619483,-5.56927763707464,-3.7455498200825303,-6.844654300286269,-5.551693533367511,-1.4873019528252467,-5.047819520031438,-3.1398502172382976,-7.594639989409054,-4.5345043796420565,-4.928650584196428,-6.18263611702832,-1.9997753794912234,-4.550634218937897,-5.754781524018954,-4.766039657032786,-4.796873511514672,-5.326580619157522,-5.9816824491534275,-2.9566994281723566,-3.265838986226923,-5.475438181552325,-5.488542028021014,-3.4181438440217367,-2.2550863951604883,-4.7777848538471535,-3.7074336980129416,-5.371431668219315,-3.918341395978909,-8.828107598592954,-7.110137729793724,-5.931408811403948,-4.301509317239818,-2.2285866020573204,-2.6293548635379658,-2.201955220384752,-3.2647276802406235,-4.8140154479921415,-4.491910954491292,-1.1752467498043517,-4.5515176076705846,-4.922133471178977
-1.1788646626790642,2.49912944262966,-4.207666864233309,-1.935517955116226,-5.545082616962775,-6.911227872242122,-6.479782057657762,-4.142165110864779,-4.199546431408451,-4.288095805056002,-5.218342270564904,-5.779842424900797,-0.45186424688772897,-5.491584739352257,-5.2184386956391915,-6.960392372757736,-3.6521609585324395,-6.378788417616248,-4.488150029140619,-3.6824312821298895,-3.196401655203567,-4.741401559749219,-5.8409109370848205,-5.700788116208051,-5.8378824116193755,-5.754920155409893,-7.074812438961325,-5.092626417568473,-1.3767200799802128,-5.85767314918466,-5.750740173688675,-6.383629412128055,-3.1746204894418844,-4.591402903336003,-6.677412739153654,-10.11887014263668,-2.4161436343311604,-6.434943234513327,-4.808053714243229,-5.061375011127988,-2.785131870708055,-5.473586596266294,-4.676827407122938,-3.891436730883507,-3.5689993132660813,-4.586982830403851,-4.4265257758869225,-4.107801365657674,-6.498145065312177,-3.7264696722014463,-4.802051057976938,-3.9796413924447522,-4.0687968454880545,-6.337430806722314,-7.523508827137778,-4.036143077939297,-0.09262289366695281,-4.8137261543589345,-5.764294539103127,-2.62509050473996,-3.4343969916180157,-5.598608349441458,-3.777637228061683,-6.865376061822918,-5.583534085530701,-1.5289207198037245,-5.081381933377405,-3.175955309273072,-7.618198271140946,-4.572211756705291,-4.960681105469797,-6.2087416102898745,-2.0433297019479717,-4.584091129600697,-5.78120955869278,-4.7984648541101045,-4.834715755099594,-5.354384310364066,-6.0140051063416955,-2.995299173762545,-3.300891051916566,-5.502999027508759,-5.519573494719675,-3.4567183904318153,-2.296294471906747,-4.810077948314597,-3.7464126940541265,-5.399285991790166,-3.954426283202176,-8.84358432978998,-7.127918723335937,-5.956983820339528,-4.33796750516799,-2.2727569824644425,-2.6737178289438734,-2.2451787753653756,-3.3065782361047713,-4.846966859782614,-4.525130119844575,-1.2228125781926125,-4.587965450327288,-4.954598187683794
-1.1745024358012397,0.986463754856092,-4.243874484837957,-1.9791741854855425,-5.572782670813639,-6.930399475859945,-6.509791790034022,-4.17849144949615,-4.2296154226135325,-4.326857346178422,-5.246848079139792,-5.804232162236767,-0.5011207843352349,-5.522267518404256,-5.253205796007318,-6.981124789402757,-3.684887675898554,-6.402277994432661,-4.52003799375497,-3.7203919270597563,-3.238967870722326,-4.775426682202978,-5.867849983173013,-5.730184864637576,-5.86987287390975,-5.778333956274692,-7.099768039500788,-5.123174046565887,-1.4237080515988034,-5.883186718676744,-5.774375989938832,-6.407855601468536,-3.215114991585626,-4.626510164388428,-6.707429168881069,-10.138450571604293,-2.4583705500060655,-6.459841264076277,-4.833862077067527,-5.093161207854027,-2.828152400767687,-5.5019615454365525,-4.711321674479824,-3.931740193455152,-3.60747580654866,-4.614785527336157,-4.45865003738548,-4.138672995710105,-6.523411931426476,-3.7672204015149076,-4.83585185542166,-4.015248334423879,-4.103227590977301,-6.361184071230347,-7.5459862267016335,-4.0687732174879825,-0.14404915901895937,-4.847896519452907,-5.7959019773193265,-2.6665063782493412,-3.474688457474058,-5.627939061808201,-3.8097246360408725,-6.886097823359579,-5.615374637693791,-1.57053948678224,-5.114944346723346,-3.2120604013078466,-7.641756552872762,-4.609919133768524,-4.992711626743141,-6.234847103551392,-2.086884024404732,-4.617548040263485,-5.807637593366593,-4.830890051187449,-4.872557998684516,-5.382188001570585,-6.046327763530026,-3.03389891935272,-3.335943117606222,-5.530559873465218,-5.5506049614184105,-3.4952929368418806,-2.3375025486530054,-4.842371042782004,-3.78539169009536,-5.427140315361018,-3.990511170425494,-8.859061060987058,-7.145699716878112,-5.982558829275034,-4.3744256930961365,-2.316927362871515,-2.718080794349781,-2.288402330345937,-3.3484287919689315,-4.879918271573075,-4.557452983912484,-1.270378406580848,-4.624413292984016,-4.98706290418861
-1.1701402089234152,1.17876398292356,-4.280082105442582,-2.0228304158548713,-5.600482724664428,-6.9495710794777805,-6.539801522410332,-4.214817788127508,-4.259684413818577,-4.365618887300817,-5.275353887714667,-5.8286218995727745,-0.5503773217827284,-5.55295029745628,-5.287972896375458,-7.001857206047764,-3.7176143932646184,-6.425767571249099,-4.551925958369297,-3.758352571989648,-3.2815340862410842,-4.8094518046567,-5.894789029261142,-5.759581613067126,-5.9018633362000745,-5.80174775713948,-7.1247236400402505,-5.153721675563262,-1.4706960232174189,-5.908700288168852,-5.798011806188976,-6.432081790808967,-3.255609493729356,-4.661617425440878,-6.737445598608484,-10.15803100057188,-2.5005974656809453,-6.4847392936391035,-4.859670439891725,-5.124947404580103,-2.871172930827231,-5.530336494606849,-4.74581594183666,-3.972043656026896,-3.645952299831226,-4.642588224268452,-4.4907742988840385,-4.169544625762499,-6.5486787975407506,-3.807971130828431,-4.869652652866406,-4.050855276402994,-4.137658336466573,-6.384937335738379,-7.568463626265526,-4.101403357036667,-0.195475424370966,-4.882066884546942,-5.827509415535476,-2.707922251758684,-3.5149799233300882,-5.657269774175031,-3.84181204402005,-6.906819584896203,-5.6472151898569685,-1.6121582537606929,-5.148506760069288,-3.2481654933426585,-7.66531483460464,-4.647626510831783,-5.024742148016522,-6.260952596812971,-2.1304383468615056,-4.651004950926286,-5.834065628040394,-4.863315248264843,-4.9104002422694135,-5.409991692777066,-6.078650420718268,-3.072498664942871,-3.37099518329589,-5.558120719421639,-5.581636428117184,-3.5338674832519716,-2.3787106253992265,-4.8746641372494475,-3.8243706861365814,-5.454994638931844,-4.026596057648773,-8.874537792184086,-7.163480710420288,-6.008133838210564,-4.410883881024258,-2.361097743278637,-2.7624437597557137,-2.3316258853265484,-3.3902793478330917,-4.912869683363597,-4.589775847980356,-1.3179442349690964,-4.660861135640757,-5.019527620693439
-1.1657779820455902,3.37092015904754,-4.316289726047218,-2.0664866462242504,-5.628182778515318,-6.968742683095579,-6.569811254786604,-4.251144126758816,-4.289753405023646,-4.404380428423263,-5.303859696289555,-5.853011636908707,-0.5996338592301843,-5.583633076508265,-5.3227399967436595,-7.022589622692809,-3.750341110630683,-6.449257148065537,-4.583813922983673,-3.7963132169195655,-3.324100301759831,-4.8434769271104585,-5.921728075349284,-5.788978361496663,-5.933853798490387,-5.825161558004305,-7.149679240579701,-5.184269304560701,-1.5176839948360095,-5.934213857660948,-5.82164762243912,-6.456307980149335,-3.2961039958730725,-4.696724686493278,-6.767462028335899,-10.17761142953948,-2.5428243813558753,-6.5096373232019555,-4.885478802715974,-5.156733601306143,-2.9141934608868247,-5.558711443777083,-4.780310209193558,-4.012347118598566,-3.684428793113841,-4.670390921200759,-4.522898560382658,-4.200416255814892,-6.573945663655012,-3.848721860141917,-4.903453450311139,-4.086462218382084,-4.172089081955857,-6.408690600246474,-7.590941025829431,-4.134033496585365,-0.24690168972299759,-4.916237249640953,-5.859116853751677,-2.74933812526809,-3.5552713891861183,-5.686600486541786,-3.873899451999252,-6.927541346432852,-5.679055742020121,-1.6537770207391709,-5.182069173415205,-3.284270585377433,-7.6888731163364685,-4.685333887895042,-5.0567726692898916,-6.2870580900745505,-2.1739926693182783,-4.684461861589148,-5.860493662714195,-4.895740445342175,-4.9482424858543235,-5.437795383983585,-6.110973077906573,-3.1110984105330584,-3.406047248985508,-5.585681565378061,-5.612667894815883,-3.5724420296620494,-2.419918702145485,-4.906957231716867,-3.863349682177753,-5.482848962502696,-4.062680944872078,-8.890014523381176,-7.181261703962476,-6.033708847146119,-4.4473420689524295,-2.4052681236857216,-2.806806725161609,-2.3748494403071847,-3.4321299036972643,-4.945821095154108,-4.622098712048326,-1.365510063357357,-4.697308978297485,-5.0519923371982545
-1.1614157551677657,1.21436926282364,-4.352497346651867,-2.110142876593542,-5.655882832366144,-6.987914286713426,-6.599820987162913,-4.287470465390162,-4.319822396228715,-4.443141969545634,-5.332365504864456,-5.877401374244714,-0.6488903966776653,-5.61431585556029,-5.357507097111774,-7.043322039337805,-3.783067827996785,-6.47274672488195,-4.6157018875980365,-3.8342738618494074,-3.3666665172785404,-4.877502049564205,-5.948667121437426,-5.818375109926238,-5.965844260780736,-5.8485753588691045,-7.174634841119189,-5.214816933558076,-1.5646719664545876,-5.959727427153056,-5.845283438689277,-6.480534169489766,-3.3365984980167767,-4.731831947545715,-6.797478458063363,-10.197191858507118,-2.5850512970307555,-6.534535352764869,-4.911287165540221,-5.1885197980321935,-2.9572139909464443,-5.587086392947366,-4.814804476550368,-4.0526505811702975,-3.722905286396382,-4.69819361813304,-4.555022821881229,-4.23128788586731,-6.599212529769312,-3.8894725894554414,-4.937254247755886,-4.122069160361236,-4.206519827445116,-6.432443864754519,-7.613418425393312,-4.16666363613405,-0.2983279550750416,-4.950407614734951,-5.8907242919679135,-2.790753998777471,-3.5955628550421608,-5.715931198908579,-3.905986859978417,-6.948263107969488,-5.710896294183273,-1.6953957877176238,-5.215631586761122,-3.3203756774122075,-7.71243139806831,-4.72304126495825,-5.088803190563236,-6.313163583336067,-2.217546991775014,-4.717918772251898,-5.886921697388033,-4.928165642419569,-4.986084729439245,-5.465599075190091,-6.143295735094829,-3.1496981561232094,-3.441099314675176,-5.613242411334557,-5.6436993615146065,-3.6110165760721156,-2.461126778891731,-4.939250326184286,-3.9023286782189874,-5.510703286073535,-4.098765832095383,-8.905491254578253,-7.199042697504676,-6.059283856081662,-4.483800256880601,-2.449438504092806,-2.851169690567504,-2.4180729952877584,-3.4739804595613997,-4.978772506944582,-4.654421576116222,-1.4130758917456177,-4.733756820954214,-5.084457053703071
-1.157053528289941,0.872293170540311,-4.388704967256541,-2.1537991069628957,-5.683582886217021,-7.00708589033125,-6.629830719539199,-4.323796804021507,-4.349891387433747,-4.4819035106680545,-5.360871313439306,-5.901791111580696,-0.6981469341251463,-5.644998634612288,-5.3922741974799635,-7.06405445598285,-3.815794545362862,-6.4962363016984,-4.647589852212375,-3.872234506779324,-3.4092327327973493,-4.911527172017964,-5.975606167525568,-5.847771858355725,-5.997834723071073,-5.871989159733942,-7.199590441658689,-5.245364562555465,-1.6116599380731658,-5.985240996645114,-5.868919254939459,-6.504760358830234,-3.377093000160519,-4.766939208598178,-6.827494887790791,-10.216772287474717,-2.627278212705698,-6.559433382327733,-4.937095528364507,-5.220305994758245,-3.0002345210060506,-5.615461342117626,-4.849298743907266,-4.09295404374198,-3.761381779678973,-4.725996315065347,-4.587147083379787,-4.262159515919741,-6.624479395883536,-3.9302233187688893,-4.971055045200657,-4.157676102340301,-4.240950572934388,-6.456197129262539,-7.635895824957155,-4.199293775682761,-0.34975422042704823,-4.984577979828961,-5.922331730184113,-2.8321698722868263,-3.6358543208982157,-5.745261911275359,-3.938074267957619,-6.968984869506112,-5.742736846346401,-1.7370145546961515,-5.2491940001070505,-3.356480769447007,-7.735989679800189,-4.760748642021484,-5.120833711836667,-6.339269076597647,-2.261101314231775,-4.751375682914723,-5.913349732061834,-4.960590839496864,-5.023926973024155,-5.493402766396622,-6.175618392283096,-3.188297901713435,-3.4761513803648567,-5.64080325729099,-5.674730828213318,-3.649591122482181,-2.502334855637989,-4.97154342065168,-3.941307674260184,-5.538557609644349,-4.1348507193186625,-8.920967985775317,-7.216823691046839,-6.084858865017205,-4.520258444808747,-2.4936088844999404,-2.8955326559734242,-2.4612965502683695,-3.51583101542556,-5.0117239187350915,-4.686744440184119,-1.4606417201338782,-4.770204663610942,-5.116921770207862
-1.1526913014121165,-0.758501691007648,-4.424912587861153,-2.1974553373322125,-5.711282940067872,-7.026257493949073,-6.659840451915484,-4.36012314265284,-4.379960378638841,-4.520665051790475,-5.3893771220141815,-5.926180848916679,-0.7474034715726148,-5.675681413664262,-5.427041297848115,-7.084786872627857,-3.8485212627289638,-6.519725878514775,-4.679477816826702,-3.9101951517091784,-3.451798948316095,-4.945552294471722,-6.002545213613748,-5.877168606785313,-6.029825185361423,-5.895402960598767,-7.224546042198127,-5.275912191552866,-1.658647909691769,-6.010754566137235,-5.8942721163183265,-6.528986548170665,-3.417587502304249,-4.802046469650603,-6.857511317518218,-10.23635271644233,-2.669505128380578,-6.5843314118905845,-4.962903891188742,-5.252092191484296,-3.0432550510656453,-5.6438362912878715,-4.883793011264126,-4.133257506313699,-3.799858272961538,-4.753799011997678,-4.61927134487837,-4.293031145972147,-6.649746261997848,-3.970974048082401,-5.004855842645416,-4.193283044319429,-4.2753813184236344,-6.479950393770596,-7.6583732245210845,-4.231923915231458,-0.40118048577902987,-5.0187483449229715,-5.953939168400301,-2.873585745796232,-3.676145786754245,-5.774592623642139,-3.9701616759367715,-6.989706631042786,-5.774577398509553,-1.7786333216746046,-5.282756413453005,-3.392585861481807,-7.759547961532054,-4.7984560190847185,-5.152864233109986,-6.3653745698591635,-2.3046556366885476,-4.784832593577536,-5.939777766735622,-4.993016036574245,-5.06176921660909,-5.521206457603104,-6.207941049471376,-3.22689764730361,-3.5112034460545,-5.668364103247387,-5.705762294912053,-3.688165668892272,-2.543542932384198,-5.0038365151191115,-3.980286670301343,-5.566411933215188,-4.170935606541955,-8.936444716972394,-7.234604684589052,-6.11043387395276,-4.5567166327368565,-2.5377792649070248,-2.9398956213793195,-2.5045201052489556,-3.55768157128972,-5.044675330525602,-4.719067304252065,-1.5082075485221513,-4.806652506267645,-5.149386486712691
-1.1483290745342916,-9.08874117845115,-4.461120208465827,-2.2411115677015414,-5.738982993918687,-7.045429097566921,-6.689850184291781,-4.396449481284199,-4.4100293698438975,-4.559426592912921,-5.417882930589045,-5.950570586252661,-0.7966600090201081,-5.70636419271631,-5.461808398216279,-7.105519289272853,-3.8812479800950657,-6.543215455331175,-4.711365781441065,-3.9481557966390577,-3.494365163834842,-4.979577416925443,-6.02948425970184,-5.906565355214838,-6.061815647651723,-5.9188167614635665,-7.249501642737602,-5.306459820550266,-1.705635881310372,-6.036268135629318,-5.92045003723122,-6.553212737511096,-3.458082004447978,-4.83715373070304,-6.887527747245633,-10.255933145409953,-2.7117320440554957,-6.609229441453473,-4.988712254013015,-5.2838783882103355,-3.086275581125264,-5.672211240458131,-4.918287278620987,-4.172296836379595,-3.838334766244129,-4.7816017089299345,-4.651395606376927,-4.323902776024566,-6.675013128112135,-4.011724777395925,-5.038656640090149,-4.228889986298544,-4.309812063912894,-6.5037036582786545,-7.680850624084952,-4.2645540547801435,-0.4526067511310489,-5.052918710017019,-5.985546606616488,-2.915001619305613,-3.7164372526103,-5.803923336008957,-4.0022490839159355,-7.010428392579435,-5.806417950672706,-1.8202520886531075,-5.316318826798922,-3.4286909535166066,-7.783106243263896,-4.836163396147927,-5.184894754383342,-6.391480063120718,-2.3482099591453083,-4.818289504240299,-5.9662058014094725,-5.0254412336515895,-5.099611460194025,-5.549010148809585,-6.2402637066596816,-3.2654973928937983,-3.546255511744156,-5.695924949203858,-5.736793761610752,-3.726740215302363,-2.584751009130456,-5.03612960958653,-4.01926566634259,-5.594266256786077,-4.20702049376526,-8.951921448169447,-7.25238567813124,-6.136008882888291,-4.593174820665015,-2.5819496453141095,-2.984258586785227,-2.5477436602295676,-3.599532127153868,-5.077626742316101,-4.751390168319974,-1.5557733769103872,-4.843100348924386,-5.181851203217533
-1.143966847656467,-10.9821574876161,-4.497327829070426,-2.2847677980709076,-5.766683047769526,-7.064600701184731,-6.71985991666809,-4.4327758199155936,-4.440098361048917,-4.598188134035341,-5.44638873916397,-5.974960323588618,-0.8459165464675892,-5.737046971768284,-5.496575498584431,-7.126251705917885,-3.9139746974611054,-6.566705032147613,-4.743253746055417,-3.9852558477284283,-3.536931379353626,-5.01360253937919,-6.056423305790006,-5.93596210364435,-6.093806109942097,-5.942230562328366,-7.274457243277115,-5.33700744954768,-1.7526238529289375,-6.061781705121389,-5.9466279581441,-6.577438926851552,-3.498576506591707,-4.872260991755477,-6.917544176973047,-10.275513574377541,-2.7539589597304124,-6.634127471016325,-5.014520616837263,-5.3156645849364,-3.1292961111849085,-5.700586189628427,-4.9527815459778095,-4.209316444612496,-3.876811259526707,-4.809404405862266,-4.683519867875548,-4.3547744060769595,-6.700279994226446,-4.052475506709398,-5.072457437534895,-4.264496928277659,-4.344242809402178,-6.527456922786674,-7.70332802364882,-4.2971841943288664,-0.504033016483068,-5.08708907511103,-6.017154044832712,-2.956417492814982,-3.75672871846633,-5.833254048375737,-4.0343364918951,-7.031150154116085,-5.838258502835858,-1.8618708556316104,-5.349881240144888,-3.4647960455513935,-7.806664524995737,-4.8738707732111735,-5.216925275656687,-6.41758555638226,-2.391764281602069,-4.851746414903112,-5.992633836083286,-5.0578664307289465,-5.1374537037789345,-5.576813840016104,-6.272586363847936,-3.3040971384839866,-3.581307577433823,-5.723485795160305,-5.767825228309488,-3.7653147617124283,-2.625959085876703,-5.0684227040539245,-4.058244662383799,-5.622120580356904,-4.243105380988527,-8.9673981793665,-7.270166671673441,-6.161583891823833,-4.629633008593187,-2.6261200257212067,-3.0286215521911215,-2.590967215210166,-3.641382683018028,-5.110578154106586,-4.783713032387858,-1.6033392052986604,-4.879548191581114,-5.214315919722348
-1.1396046207786423,-10.0487647862033,-4.533535449675113,-2.3284240284402493,-5.794383101620378,-7.083772304802567,-6.7498696490443875,-4.469102158546915,-4.470167352254011,-4.636949675157737,-5.474894547738808,-5.999350060924564,-0.8951730839150451,-5.76772975082032,-5.531342598952583,-7.14698412256293,-3.946701414827195,-6.590194608964051,-4.775141710669767,-4.019918717047517,-3.57949759487236,-5.047627661832949,-6.083362351878198,-5.965358852073912,-6.12579657223246,-5.965644363193179,-7.299412843816578,-5.3675550785450925,-1.7996118245475656,-6.08729527461351,-5.972805879056969,-6.601665116191932,-3.539071008735437,-4.907368252807889,-6.947560606700475,-10.295094003345177,-2.79618587540528,-6.659025500579226,-5.040328979661473,-5.347450781662426,-3.17231664124449,-5.728961138798673,-4.9872758133347075,-4.246336052845399,-3.9152877528092853,-4.837207102794561,-4.715644129374105,-4.38564603612939,-6.725546860340721,-4.0932262360228595,-5.10625823497963,-4.300103870256773,-4.378673554891411,-6.551210187294732,-7.725805423212701,-4.3298143338775015,-0.5554592818350871,-5.12125944020504,-6.048761483048888,-2.997833366324363,-3.79702018432236,-5.862584760742481,-4.0664238998743025,-7.051871915652708,-5.867814942764088,-1.9034896226100884,-5.383443653490793,-3.500901137586193,-7.830222806727628,-4.911578150274408,-5.248955796930093,-6.4436910496438395,-2.435318604058817,-4.88520332556595,-6.019061870757074,-5.090291627806341,-5.175295947363856,-5.6046175312226225,-6.304909021036217,-3.342696884074174,-3.616359643123479,-5.751046641116739,-5.798856695008199,-3.803889308122506,-2.667167162622974,-5.100715798521369,-4.09722365842502,-5.649974903927743,-4.27919026821182,-8.982874910563526,-7.287947665215579,-6.187158900759351,-4.666091196521333,-2.670290406128304,-3.072984517597029,-2.6341907701907648,-3.6832332388822016,-5.143529565897071,-4.816035896455754,-1.6509050336869209,-4.915996034237818,-5.246780636227189
-1.1352423939008178,-9.17469499320393,-4.569743070279724,-2.3720802588095533,-5.822083155471254,-7.102943908420365,-6.779879381420673,-4.505428497178222,-4.5002363434590675,-4.675711216280158,-5.503400356313747,-6.023739798260595,-0.9444296213625636,-5.798412529872356,-5.566109699320747,-7.167716539207963,-3.9794281321932843,-6.613684185780476,-4.807029675284144,-4.054581586366669,-3.6220638103911442,-5.08165278428672,-6.110301397966302,-5.994755600503474,-6.157787034522759,-5.989058164058016,-7.324368444356053,-5.398102707542494,-1.8465997961661562,-6.112808844105593,-5.9989837999698485,-6.6258913055324005,-3.579565510879129,-4.942475513860327,-6.977577036427902,-10.31467443231279,-2.8384127910801977,-6.683923530142089,-5.066137342485759,-5.37923697838849,-3.215337171304097,-5.75733608796892,-5.021770080691581,-4.283355661078263,-3.9537642460918763,-4.8650097997268675,-4.747768390872701,-4.416517666181796,-6.750813726455007,-4.133976965336358,-5.140059032424376,-4.335710812235863,-4.413104300380683,-6.574963451802777,-7.745537713613917,-4.362444473426199,-0.6068855471870938,-5.155429805299063,-6.080368921265075,-3.0392492398337305,-3.83731165017839,-5.891915473109323,-4.098511307853455,-7.0725936771893565,-5.896350616491245,-1.9451083895886037,-5.417006066836747,-3.5370062296209426,-7.85378108845947,-4.949285527337654,-5.28098631820345,-6.469796542905369,-2.478872926515578,-4.91866023622875,-6.045489905430912,-5.12271682488366,-5.213138190948766,-5.632421222429154,-6.337231678224522,-3.3812966296643623,-3.651411708813135,-5.77860748707316,-5.829888161706947,-3.8424638545325847,-2.7083752393692073,-5.1330088929888005,-4.136202654466204,-5.677829227498582,-4.3152751554351365,-8.998351641760616,-7.3057286587578165,-6.212733909694894,-4.702549384449481,-2.714460786535401,-3.117347483002937,-2.677414325171351,-3.725083794746374,-5.176480977687582,-4.848358760523688,-1.6984708620751565,-4.952443876894584,-5.279245352732018
-1.1308801670229929,-10.2551556872608,-4.605950690884373,-2.41573648917892,-5.849783209322106,-7.1221155120382,-6.809889113796945,-4.541754835809593,-4.5303053346641615,-4.712302364286134,-5.531906164888609,-6.048129535596528,-0.9936861588100321,-5.8290953089243045,-5.600876799688886,-7.18844895585297,-4.012154849559349,-6.637173762596876,-4.838917639898482,-4.089244455685796,-3.664630025909865,-5.115677906740479,-6.1372404440544575,-6.024152348933074,-6.189777496813122,-6.012471964922816,-7.349324044895528,-5.42865033653987,-1.8935877677847344,-6.138322413597664,-6.025161720882754,-6.650117494872831,-3.620060013022859,-4.977582774912789,-7.007593466155354,-10.334254861280389,-2.8806397067550904,-6.708821559704941,-5.091945705310019,-5.411023175114542,-3.2583577013637157,-5.785711037139191,-5.056264348048441,-4.320375269311189,-3.9922407393744415,-4.8928124966591735,-4.7798926523712835,-4.447389296234227,-6.776080592569307,-4.17472769464987,-5.17385982986911,-4.371317754215041,-4.44753504586998,-6.598716716310847,-7.764699416363765,-4.395074612974884,-0.6583118125391003,-5.189600170393061,-6.111976359481262,-3.080665113343149,-3.8776031160344573,-5.9212461854760905,-4.13059871583262,-7.093315438725993,-5.924886290218388,-1.9867271565670566,-5.450568480182651,-3.573111321655804,-7.877339370191286,-4.986992904400901,-5.313016839476818,-6.495902036166924,-2.5224272489723383,-4.952117146891563,-6.071917940104726,-5.155142021961004,-5.250980434533688,-5.6602249136356475,-6.3695543354127775,-3.4198963752545133,-3.686463774502778,-5.806168333029606,-5.860919628405633,-3.8810384009426633,-2.7495833161154657,-5.1653019874561945,-4.1751816505074135,-5.705683551069383,-4.351360042658416,-9.013828372957681,-7.323509652300005,-6.238308918630412,-4.7390075723776395,-2.7586311669424974,-3.1617104484088694,-2.7206378801519744,-3.766934350610547,-5.209432389478092,-4.88068162459161,-1.7460366904634297,-4.988891719551325,-5.31171006923676
-1.1265179401451684,-10.2206716645266,-4.6421583114889975,-2.459392719548224,-5.87748326317297,-7.1412871156560485,-6.839898846173255,-4.578081174440939,-4.560374325869181,-4.74773335261634,-5.560411973463484,-6.072519272932573,-1.042942696257513,-5.85977808797634,-5.635643900057038,-7.209181372497991,-4.044881566925426,-6.660663339413314,-4.870805604512846,-4.123907325004897,-3.707196241428612,-5.1497030291942005,-6.164179490142599,-6.053549097362587,-6.221767959103446,-6.035885765787628,-7.374279645434991,-5.459197965537295,-1.940575739403325,-6.163835983089797,-6.0513396417956224,-6.674343684213262,-3.6605545151666004,-5.012690035965214,-7.037609895882756,-10.35383529024799,-2.9228666224300204,-6.73371958926783,-5.11775406813428,-5.44280937184058,-3.3013782314232856,-5.81408598630945,-5.090758615405289,-4.357394877544103,-4.030717232656995,-4.920615193591468,-4.812016913869854,-4.478260926286608,-6.801347458683619,-4.215478423963344,-5.207660627313843,-4.4069246961940935,-4.481965791359251,-6.622469980818867,-7.783861119113551,-4.4277047525235815,-0.7097380778911193,-5.223770535487109,-6.143583797697475,-3.1220809868524926,-3.917894581890475,-5.9505768978428835,-4.162686123811822,-7.114037200262655,-5.953421963945556,-2.028345923545547,-5.484130893528592,-3.6092164136905796,-7.899348209720324,-5.0247002814641215,-5.345047360750162,-6.522007529428491,-2.565981571429086,-4.985574057554376,-6.0983459747785265,-5.187567219038374,-5.288822678118598,-5.688028604842179,-6.401876992601082,-3.4584961208446634,-3.721515840192433,-5.833729178986028,-5.891951095104382,-3.919612947352741,-2.7907913928617116,-5.197595081923651,-4.214160646548622,-5.733537874640259,-4.387444929881709,-9.029305104154746,-7.34129064584213,-6.2638839275659794,-4.775465760305786,-2.8028015473495698,-3.206073413814777,-2.7638614351325614,-3.808784906474707,-5.242383801268578,-4.9130044886595305,-1.7936025188516904,-5.025339562208041,-5.344174785741626
-1.1221557132673436,-9.69160126822832,-4.678365932093659,-2.5030489499175657,-5.905183317023784,-7.160458719273847,-6.869908578549552,-4.614407513072309,-4.590443317074238,-4.783164340946546,-5.588917782038372,-6.096909010268543,-1.092199233704969,-5.8904608670283265,-5.670411000425215,-7.229913789143024,-4.077608284291553,-6.684152916229727,-4.9026935691272095,-4.158570194324023,-3.7497624569473587,-5.183728151647972,-6.191118536230729,-6.082945845792161,-6.253758421393808,-6.059299566652441,-7.3992352459744914,-5.489745594534696,-1.9875637110219155,-6.189349552581893,-6.077517562708491,-6.6985698735536685,-3.7010490173103303,-5.047797297017664,-7.067626325610184,-10.37341571921564,-2.9650935381049006,-6.758617618830669,-5.143562430958528,-5.474595568566619,-3.344398761482892,-5.842460935479734,-5.125252882762149,-4.394414485776992,-4.069193725939573,-4.9484178905238,-4.8441411753684624,-4.509132556338989,-6.82661432479788,-4.256229153276867,-5.241461424758589,-4.442531638173233,-4.5163965368484975,-6.646223245326924,-7.803022821863362,-4.460334892072267,-0.7611643432431385,-5.257940900581094,-6.175191235913687,-3.1634968603618985,-3.9581860477465174,-5.979907610209639,-4.1947735317909745,-7.134758961799304,-5.981957637672737,-2.069964690524025,-5.517693306874534,-3.645321505725379,-7.919560791572735,-5.062407658527343,-5.377077882023519,-6.54811302269002,-2.6095358938858473,-5.019030968217164,-6.124774009452315,-5.219992416115717,-5.326664921703508,-5.715832296048661,-6.434199649789362,-3.497095866434864,-3.756567905882089,-5.861290024942462,-5.922982561803118,-3.958187493762857,-2.8319994696079327,-5.22988817639107,-4.253139642589831,-5.761392198211086,-4.423529817105001,-9.044781835351824,-7.359071639384355,-6.289458936501535,-4.811923948233945,-2.846971927756667,-3.25043637922066,-2.8070849901132098,-3.850635462338892,-5.275335213059075,-4.945327352727427,-1.841168347239926,-5.061787404864757,-5.376639502246467
-1.1177934863895191,1.15222289076767,-4.714573552698283,-2.5467051802868816,-5.9328833708746735,-7.179630322891669,-6.8999183109258615,-4.650733851703655,-4.620512308279307,-4.818595329276739,-5.6174235906132735,-6.1212987476045,-1.14145577115245,-5.921143646080325,-5.705178100793379,-7.250646205788006,-4.11033500165763,-6.707642493046177,-4.934581533741561,-4.193233063643137,-3.7923286724661303,-5.217753274101718,-6.2180575823188455,-6.112342594221649,-6.28574888368412,-6.082713367517241,-7.424190846513954,-5.520293223532084,-2.0345516826405188,-6.214863122073939,-6.103695483621347,-6.722796062894086,-3.741543519454047,-5.082904558070101,-7.097642755337611,-10.39299614818325,-3.0073204537798306,-6.7835156483935455,-5.169370793782763,-5.506381765292695,-3.3874192915425114,-5.870835884650005,-5.159747150119022,-4.431434094009907,-4.107670219222164,-4.976220587456068,-4.8762654368670075,-4.54000418639142,-6.851881190912155,-4.296979882590366,-5.275262222203349,-4.4781385801523355,-4.550827282337795,-6.669976509834969,-7.822184524613134,-4.492965031620978,-0.8125906085951575,-5.2921112656750795,-6.206798674129886,-3.2049127338712413,-3.99847751360256,-6.009238322576457,-4.226860939770164,-7.15548072333594,-6.01049331139988,-2.1115834575025154,-5.5512557202204755,-3.6814265977601535,-7.939773373425172,-5.10011503559059,-5.409108403296913,-6.574218515951538,-2.65309021634262,-5.052487878879977,-6.151202044126153,-5.252417613193074,-5.364507165288442,-5.743635987255179,-6.466522306977618,-3.535695612025039,-3.791619971571782,-5.8888508708989455,-5.954014028501816,-3.9967620401728974,-2.873207546354191,-5.2621812708584885,-4.292118638631041,-5.7892465217819495,-4.459614704328306,-9.060258566548901,-7.376852632926556,-6.31503394543704,-4.848382136162054,-2.891142308163789,-3.2947993446265924,-2.850308545093796,-3.892486018203015,-5.308286624849574,-4.977650216795348,-1.8887341756281992,-5.0982352475214725,-5.409104218751271
-1.1134312595116942,0.733212642194789,-4.750781173302932,-2.590361410656211,-5.960583424725512,-7.198801926509518,-6.929928043302135,-4.687060190334988,-4.650581299484351,-4.853400489483641,-5.645929399188136,-6.145688484940482,-1.190712308599931,-5.951826425132336,-5.739945201161531,-7.271378622433076,-4.143061719023707,-6.731132069862615,-4.966469498355912,-4.227895932962263,-3.8348948879848894,-5.251778396555451,-6.2449966284070495,-6.141739342651248,-6.317739345974482,-6.10612716838209,-7.449146447053442,-5.55084085252946,-2.0815396542591342,-6.240376691566047,-6.12987340453424,-6.74702225223458,-3.7820380215977396,-5.118011819122551,-7.127659185065051,-10.412576577150864,-3.04954736945471,-6.808413677956459,-5.195179156607024,-5.5381679620187345,-3.4304398216021053,-5.899210833820264,-5.1942414174758955,-4.468453702242796,-4.146146712504741,-5.004023284388363,-4.9083896983655775,-4.570875816443851,-6.877148057026429,-4.337730611903852,-5.309063019648095,-4.51374552213145,-4.585258027827054,-6.693729774343039,-7.841346227362982,-4.525595171169638,-0.8640168739471392,-5.326281630769127,-6.238406112346111,-3.2463286073806223,-4.03876897945859,-6.038569034943262,-4.258948347749329,-7.176202484872589,-6.039028985127087,-2.1532022244810056,-5.584818133566418,-3.717531689794953,-7.959985955277621,-5.137822412653823,-5.44113892457027,-6.600324009213154,-2.6966445387993936,-5.0859447895427765,-6.177630078799966,-5.284842810270456,-5.402349408873327,-5.771439678461686,-6.49884496416591,-3.57429535761524,-3.826672037261413,-5.916411716855355,-5.985045495200552,-4.035336586582988,-2.914415623100438,-5.294474365325896,-4.331097634672237,-5.817100845352801,-4.495699591551598,-9.075735297745952,-7.394633626468719,-6.340608954372596,-4.884840324090225,-2.9353126885708862,-3.3391623100325,-2.8935321000743697,-3.934336574067225,-5.34123803664006,-5.009325332724314,-1.9363000040164724,-5.134683090178226,-5.441568935256087
-1.1090690326338697,-10.1299665221937,-4.786988793907593,-2.634017641025565,-5.988283478576352,-7.217973530127366,-6.959937775678432,-4.723386528966321,-4.68065029068942,-4.887623997869875,-5.674435207763024,-6.1700782222764525,-1.2399688460474243,-5.982509204184347,-5.7747123015296955,-7.292111039078072,-4.175788436389771,-6.7546216466790145,-4.998357462970263,-4.262558802281378,-3.877461103503623,-5.285803519009198,-6.271935674495179,-6.171136091080748,-6.3497298082648195,-6.129540969246878,-7.47410204759293,-5.5813884815268615,-2.1285276258776875,-6.265890261058168,-6.156051325447133,-6.771248441574985,-3.822532523741481,-5.153119080174976,-7.157675614792465,-10.432157006118475,-3.0917742851296026,-6.8333117075192975,-5.224072182780582,-5.569954158744799,-3.473460351661662,-5.92758578299056,-5.228735684832743,-4.505473310475647,-4.184623205787345,-5.031825981320682,-4.940513959864173,-4.601747446496244,-6.902414923140704,-4.378481341217325,-5.342863817092828,-4.549352464110541,-4.619688773316338,-6.717483038851071,-7.860507930112756,-4.558225310718348,-0.9154431392991833,-5.360451995863126,-6.270013550562261,-3.2877444808900407,-4.0790604453146315,-6.06789974731003,-4.291035755728519,-7.196924246409213,-6.06756465885423,-2.1948209914595087,-5.618380546912334,-3.7536367818297274,-7.980198537129995,-5.17552978971707,-5.4731694458436255,-6.626429502474684,-2.7401988612561414,-5.119401700205577,-6.204058113473792,-5.317268007347801,-5.44019165245825,-5.799243369668192,-6.531167621354178,-3.6128951032054033,-3.861724102951081,-5.943972562811763,-6.016076961899276,-4.073911132993054,-2.955623699846684,-5.326767459793327,-4.370076630713446,-5.844955168923628,-4.531784478774891,-9.091212028942993,-7.412414620010907,-6.3661839633081385,-4.921298512018372,-2.9794830689779577,-3.38352527543842,-2.9367556550549683,-3.9761871299313354,-5.374189448430582,-5.040440823040596,-1.9838658324046832,-5.1711309328349415,-5.474033651760903
-1.104706805756045,-2.20161413852409,-4.82319641451223,-2.677673871394881,-6.015983532427203,-7.237145133745177,-6.989947508054729,-4.759712867597679,-4.710719281894502,-4.921847506256097,-5.7029410163379115,-6.19446795961246,-1.2892253834948928,-6.013191983236333,-5.809479401897835,-7.312843455723066,-4.208515153755836,-6.778111223495403,-5.03024542758459,-4.297221671600516,-3.920027319022407,-5.319828641462957,-6.2988747205833215,-6.2005328395103225,-6.381720270555107,-6.152954770111715,-7.499057648132393,-5.6119361105243115,-2.175515597496303,-6.291403830550251,-6.182229246359963,-6.795474630915416,-3.8630270258852235,-5.188226341227426,-7.187692044519918,-10.451737435086063,-3.13400120080452,-6.858209737082162,-5.2531606282692485,-5.601740355470837,-3.516480881721294,-5.955960732160769,-5.2632299521896035,-4.542492918708587,-4.223099699069911,-5.059628678252989,-4.972638221362743,-4.6326190765487,-6.92768178925499,-4.419232070530837,-5.376664614537587,-4.584959406089656,-4.654119518805597,-6.741236303359141,-7.879669632862567,-4.590855450267008,-0.9668694046511899,-5.39462236095716,-6.301620988778473,-3.329160354399397,-4.119351911170686,-6.09723045967681,-4.323123163707696,-7.217646007945912,-6.096100332581411,-2.236439758437987,-5.651942960258276,-3.789741873864539,-8.000411118982456,-5.213237166780304,-5.505199967117007,-6.6525349957362,-2.7837531837129017,-5.152858610868377,-6.23048614814758,-5.3496932044251695,-5.4780338960431845,-5.827047060874686,-6.563490278542458,-3.6514948487955534,-3.896776168640711,-5.9715334087682095,-6.047108428597987,-4.112485679403145,-2.996831776592942,-5.359060554260746,-4.409055626754642,-5.872809492494479,-4.56786936599817,-9.106688760140058,-7.430195613553107,-6.391758972243631,-4.957756699946506,-3.02365344938503,-3.427888240844303,-2.9799792100355553,-4.018037685795533,-5.40714086022108,-5.071556313356939,-2.0314316607929563,-5.207578775491682,-5.506498368265732
-1.1003445788782202,-9.10736904134543,-4.859404035116866,-2.7213301017642104,-6.04368358627808,-7.2563167373630115,-7.019957240431038,-4.796039206229037,-4.740788273099545,-4.95607101464232,-5.731446824912775,-6.21885769694838,-1.3384819209423737,-6.043874762288369,-5.844246502265961,-7.333575872368112,-4.24124187112195,-6.801600800311865,-5.0621333921989535,-4.331884540919618,-3.962593534541104,-5.353853763916666,-6.325813766671488,-6.229929587939847,-6.413710732845494,-6.176368570976515,-7.5240132486718805,-5.6424837395217,-2.222503569114881,-6.316917400042321,-6.208407167272881,-6.8197008202558225,-3.9035215280289277,-5.223333602279825,-7.217708474247295,-10.471317864053711,-3.1762281164794253,-6.8830084152372,-5.2822490737578525,-5.6335265521968765,-3.5595014117809,-5.98433568133104,-5.297724219546477,-4.579512526941489,-4.261576192352476,-5.087431375185307,-5.004762482861339,-4.663490706601056,-6.952948655369277,-4.459982799844311,-5.410465411982333,-4.620566348068783,-4.688550264294843,-6.764989567867186,-7.898831335612339,-4.623485589815706,-1.0182956700032089,-5.428792726051146,-6.333228426994661,-3.370576227908752,-4.159643377026741,-6.126561172043603,-4.355210571686835,-7.238367769482548,-6.124636006308592,-2.2780585254164274,-5.685505373604243,-3.825846965899326,-8.020623700834893,-5.2509445438435245,-5.537230488390364,-6.678640488997742,-2.8273075061696877,-5.183010370320901,-6.256914182821443,-5.382118401502502,-5.515876139628107,-5.85485075208123,-6.595812935730763,-3.690094594385754,-3.9318282343303794,-5.999094254724668,-6.078139895296723,-4.15106022581326,-3.0380398533391757,-5.391353648728128,-4.448034622795852,-5.900663816065343,-4.603954253221475,-9.122165491337123,-7.447976607095283,-6.4173339811791985,-4.994214887874665,-3.067823829792177,-3.472251206250223,-3.0232027650161664,-4.059888241659681,-5.4400922720115785,-5.10267180367322,-2.0789974891811793,-5.2440266181484105,-5.5389630847705735
-1.0959823520003955,-1.17307564464894,-4.895611655721553,-2.7649863321335397,-6.071383640128919,-7.275488340980822,-7.049966972807311,-4.83236554486037,-4.770857264304614,-4.990294523028529,-5.759952633487675,-6.2432474342844,-1.3877384583898547,-6.074557541340343,-5.879013602634151,-7.354308289013132,-4.273968588488015,-6.825090377128266,-5.094021356813292,-4.366547410238744,-4.005159750059913,-5.3878788863704745,-6.352752812759618,-6.259326336369385,-6.445701195135843,-6.19978237184134,-7.548968849211356,-5.673031368519063,-2.2694915407334717,-6.342430969534405,-6.234585088185749,-6.843927009596266,-3.944016030172632,-5.258440863332301,-7.2477249039747225,-10.490898293021312,-3.218455032154343,-6.906678581596761,-5.311337519246418,-5.6653127489229025,-3.6025219418405197,-6.012710630501312,-5.3322184869033125,-4.616532135174378,-4.300052685635042,-5.115234072117577,-5.036886744359921,-4.694362336653475,-6.9782155214835635,-4.500733529157834,-5.4442662094270675,-4.65617329004791,-4.72298100978414,-6.788742832375206,-7.917993038362187,-4.656115729364403,-1.0697219353552405,-5.462963091145219,-6.364835865210873,-3.4119921014181456,-4.1999348428827465,-6.155891884410396,-4.38729797966605,-7.259089531019172,-6.153171680035722,-2.3196772923949673,-5.719067786950134,-3.861952057934114,-8.040836282687303,-5.288651920906771,-5.569261009663745,-6.704745982259322,-2.8708618286264604,-5.213049708990846,-6.283342217495207,-5.414543598579871,-5.553718383213016,-5.882654443287736,-6.628135592919006,-3.7286943399759425,-3.9668803000200477,-6.02665510068109,-6.1091713619954335,-4.189634772223314,-3.079247930085434,-5.423646743195596,-4.487013618837061,-5.928518139636132,-4.640039140444768,-9.137642222534199,-7.465757600637458,-6.442908990114754,-5.030673075802824,-3.1119942101992617,-3.5166141716561183,-3.0664263199968023,-4.101738797523828,-5.473043683802076,-5.133787293989552,-2.1265633175694774,-5.280474460805164,-5.571427801275364
-1.091620125122571,-0.711383513374387,-4.931819276326177,-2.808642562502918,-6.0990836939797335,-7.294659944598658,-7.0799767051836335,-4.868691883491716,-4.800926255509671,-5.024518031414789,-5.788458442062576,-6.267637171620382,-1.4369949958373232,-6.105240320392366,-5.913780703002315,-7.375040705658152,-4.306695305854117,-6.848579953944715,-5.1259093214276685,-4.4012102795578585,-4.0477259655786595,-5.421904008824171,-6.379691858847772,-6.2887230847989475,-6.47769165742618,-6.22319617270614,-7.573924449750844,-5.703578997516477,-2.316479512352112,-6.367944539026525,-6.260763009098643,-6.868153198936696,-3.9845105323163867,-5.293548124384713,-7.277741333702162,-10.510478721988923,-3.2606819478292097,-6.930348747956248,-5.340425964735022,-5.697098945648967,-3.6455424719001135,-6.0410855796715826,-5.366712754260198,-4.653551743407292,-4.338529178917633,-5.143036769049909,-5.069011005858517,-4.725233966705881,-7.003482387597863,-4.541484258471346,-5.478067006871776,-4.691780232027012,-4.757411755273386,-6.812496096883251,-7.937154741111973,-4.6887458689130765,-1.1211482007072098,-5.4971334562392045,-6.39644330342706,-3.453407974927539,-4.240226308738789,-6.185222596777163,-4.419385387645202,-7.279811292555821,-6.181707353762904,-2.361296059373458,-5.752630200296088,-3.8980571499689134,-8.061048864539753,-5.326359297970018,-5.6012915309371145,-6.730851475520839,-2.914416151083196,-5.243089047660717,-6.309770252169033,-5.446968795657227,-5.591560626797951,-5.910458134494255,-6.660458250107311,-3.7672940855661423,-4.001932365709691,-6.0542159466375365,-6.140202828694157,-4.228209318633404,-3.1204560068316676,-5.455939837663015,-4.525992614878258,-5.956372463206996,-4.676124027668084,-9.153118953731264,-7.483538594179646,-6.468483999050297,-5.06713126373097,-3.156164590606334,-3.5609771370620384,-3.109649874977414,-4.1435893533880135,-5.505995095592549,-5.164902784305882,-2.1741291459577257,-5.316922303461855,-5.603892517780193
-1.0872578982447463,-10.3180654860732,-4.968026896930826,-2.8522987928722223,-6.126783747830597,-7.313831548216481,-7.109986437559881,-4.905018222123061,-4.8309952467147275,-5.058741539801024,-5.816964250637452,-6.292026908956364,-1.4862515332848167,-6.135923099444377,-5.948547803370454,-7.395773122303172,-4.339422023220169,-6.872069530761116,-5.157797286042007,-4.435873148876972,-4.090292181097393,-5.455929131277955,-6.406630904935901,-6.318119833228485,-6.509682119716505,-6.24660997357094,-7.598880050290306,-5.73412662651389,-2.3634674839706653,-6.393458108518609,-6.286940930011486,-6.8923793882771145,-4.025005034460091,-5.328655385437138,-7.307757763429602,-10.530059150956523,-3.3029088635041397,-6.954018914315746,-5.369514410223676,-5.728885142375018,-3.6885630019596958,-6.069460528841829,-5.40120702161707,-4.690571351640169,-4.377005672200223,-5.170839465982202,-5.101135267357087,-4.756105596758299,-7.028749253712112,-4.582234987784807,-5.511867804316547,-4.727387174006115,-4.791842500762633,-6.836249361391334,-7.956316443861809,-4.721376008461774,-1.1725744660592412,-5.531303821333214,-6.42805074164326,-3.4948238484369076,-4.2805177745948315,-6.214553309143969,-4.45147279562438,-7.3005330540924325,-6.210243027490059,-2.4029148263519233,-5.7861926136420045,-3.9341622420037003,-8.081261446392203,-5.3640666750332135,-5.6333220522104455,-6.756956968782394,-2.957970473539982,-5.2731283863306615,-6.336198286842846,-5.479393992734572,-5.629402870382848,-5.938261825700773,-6.692780907295566,-3.805893831156318,-4.036984431399372,-6.081776792593983,-6.1712342953928685,-4.2667838650434575,-3.161664083577926,-5.488232932130423,-4.564971610919467,-5.9842267867778105,-4.712208914891352,-9.168595684928341,-7.501319587721834,-6.49405900798584,-5.103589451659142,-3.200334971013418,-3.6053401024679212,-3.1528734299579755,-4.185439909252161,-5.538946507383047,-5.196018274622151,-2.2216949743459615,-5.353370146118583,-5.636357234285034
-1.0828956713669216,0.992500827665872,-5.004234517535463,-2.8959550232415516,-6.154483801681449,-7.333003151834304,-7.139996169936203,-4.941344560754407,-4.861064237919834,-5.092965048187233,-5.84547005921234,-6.316416646292322,-1.5355080707322977,-6.166605878496363,-5.983314903738631,-7.416505538948179,-4.372148740586258,-6.8955591075775535,-5.189685250656371,-4.4705360181960865,-4.13285839661614,-5.489954253731714,-6.433569951024044,-6.347516581658059,-6.54167258200683,-6.2700237744357645,-7.623835650829782,-5.766112845184006,-2.4104554555892435,-6.4189716780107045,-6.313118850924367,-6.91660557761757,-4.065499536603846,-5.363762646489588,-7.337774193157004,-10.54963957992416,-3.345135779179045,-6.97768908067527,-5.398602855712317,-5.760671339101069,-3.731583532019327,-6.097835478012075,-5.435701288973894,-4.727590959873121,-4.415482165482839,-5.1986421629144965,-5.133259528855658,-4.786977226810717,-7.054016119826412,-4.6229857170982935,-5.545668601761281,-4.76299411598523,-4.826273246251917,-6.860002625899342,-7.975478146611581,-4.754006148010459,-1.2240007314112353,-5.56547418642725,-6.459658179859472,-3.5362397219463,-4.320809240450886,-6.243884021510774,-4.483560203603557,-7.321254815629106,-6.238778701217216,-2.444533593330414,-5.819755026987922,-3.970267334038512,-8.101474028244601,-5.401774052096448,-5.665352573483815,-6.783062462043936,-3.0015247959967173,-5.303167725000544,-6.362626321516647,-5.511819189811941,-5.667245113967771,-5.966065516907255,-6.725103564483846,-3.8444935767464807,-4.0720364970890275,-6.109337638550391,-6.202265762091617,-4.305358411453573,-3.202872160324185,-5.520526026597804,-4.603950606960676,-6.012081110348674,-4.748293802114644,-9.184072416125394,-7.5191005812640475,-6.51963401692137,-5.140047639587289,-3.2445053514205524,-3.649703067873854,-3.1960969849385865,-4.2272904651163214,-5.571897919173545,-5.227133764938444,-2.2692608027342347,-5.389817988775311,-5.668821950789838
-1.0785334444890968,-1.38587942128485,-5.040442138140087,-2.9396112536109174,-6.182183855532313,-7.352174755452127,-7.1700059023125,-4.977670899385777,-4.891133229124878,-5.127188556573455,-5.8739758677871645,-6.340806383628316,-1.5847646081797662,-6.197288657548388,-6.018082004106771,-7.4372379555932,-4.404875457952323,-6.919048684393954,-5.22157321527071,-4.50519888751525,-4.175424612134911,-5.523979376185459,-6.460508997112223,-6.376913330087584,-6.573663044297192,-6.293437575300602,-7.648791251369294,-5.800041374150688,-2.4574434272078465,-6.4444852475028,-6.3392967718372475,-6.940831766958014,-4.105994038747576,-5.398869907542025,-7.3677906228844305,-10.569220008891772,-3.387362694853925,-7.001359247034756,-5.427691301200908,-5.792457535827146,-3.774604062078934,-6.126210427182347,-5.470195556330804,-4.764610568105997,-4.453958658765392,-5.226444859846803,-5.16538379035424,-4.817848856863136,-7.079282985940711,-4.663736446411792,-5.579469399206039,-4.798601057964345,-4.860703991741176,-6.883755890407424,-7.994639849361417,-4.786636287559157,-1.275426996763267,-5.599644551521223,-6.491265618075647,-3.5776555954556937,-4.361100706306954,-6.273214733877542,-4.515647611582747,-7.3419765771657675,-6.267314374944396,-2.4861523603088918,-5.853317440333863,-4.006372426073262,-8.121686610097026,-5.4394814291597315,-5.6973830947572335,-6.809167955305478,-3.0450791184534785,-5.333207063670452,-6.389054356190485,-5.544244386889298,-5.70508735755268,-5.993869208113773,-6.757426221672139,-3.8830933223366317,-4.1070885627786575,-6.136898484506825,-6.233297228790353,-4.343932957863626,-3.244080237070431,-5.55281912106526,-4.6429296030018845,-6.0399354339195,-4.784378689337949,-9.199549147322447,-7.53688157480621,-6.545209025856888,-5.176505827515435,-3.2886757318276496,-3.6940660332797366,-3.239320539919185,-4.269141020980482,-5.604849330964056,-5.258249255254801,-2.316826631122483,-5.426265831432027,-5.70128666729468
-1.0741712176112723,-10.6276724039,-5.0766497587447486,-2.983267483980222,-6.209883909383152,-7.371346359069925,-7.20001563468876,-5.013997238017111,-4.92120222032991,-5.16141206495969,-5.902481676362065,-6.365196120964262,-1.634021145627247,-6.227971436600374,-6.052849104474897,-7.4579703722382575,-4.43760217531845,-6.942538261210392,-5.253461179885074,-4.539861756834327,-4.217990827653683,-5.558004498639181,-6.4874480432003025,-6.406310078517121,-6.605653506587554,-6.316851376165389,-7.673746851908745,-5.833969903117333,-2.5044313988264495,-6.469998816994884,-6.3654746927501025,-6.965057956298457,-4.146488540891292,-5.43397716859445,-7.397807052611858,-10.588800437859359,-3.4295896105288426,-7.025029413394292,-5.456779746689512,-5.824243732553172,-3.8176245921385155,-6.154585376352643,-5.504689823687652,-4.801630176338874,-4.49243515204797,-5.254247556779097,-5.1975080518527985,-4.848720486915542,-7.104549852054973,-4.703388171329377,-5.613270196650773,-4.834207999943472,-4.895134737230448,-6.907509154915457,-8.01380155211119,-4.819266427107842,-1.326853262115286,-5.633814916615233,-6.522873056291835,-3.6190714689650374,-4.401392172162971,-6.302545446244322,-4.547735019561936,-7.362698338702404,-6.295850048671565,-2.5277711272873944,-5.886879853679805,-4.042477518108049,-8.141899191949474,-5.477188806222928,-5.729413616030553,-6.835273448567032,-3.0886334409102387,-5.363246402340372,-6.415482390864286,-5.576669583966642,-5.742929601137577,-6.021672899320268,-6.789748878860394,-3.92169306792687,-4.142140628468326,-6.164459330463284,-6.264328695489039,-4.3825075042737165,-3.285288313816652,-5.585112215532692,-4.681908599043082,-6.067789757490364,-4.820463576561217,-9.215025878519535,-7.554662568348423,-6.570784034792443,-5.212964015443582,-3.3328461122347095,-3.738428998685669,-3.2825440948997713,-4.310991576844654,-5.637800742754553,-5.28936474557107,-2.3643924595107313,-5.46271367408878,-5.733751383799458
-1.0698089907334476,-1.45339367878436,-5.112857379349397,-3.0269237143495635,-6.2375839632340035,-7.390517962687798,-7.230025367065069,-5.050323576648431,-4.9512712115349915,-5.1956355733459,-5.93098748493694,-6.389585858300244,-1.683277683074728,-6.25865421565241,-6.087616204843111,-7.47870278888329,-4.470328892684527,-6.966027838026816,-5.2853491444994125,-4.57452462615349,-4.260557043172429,-5.5920296210929274,-6.5143870892885065,-6.435706826946658,-6.637643968877854,-6.340265177030214,-7.69870245244822,-5.867898432084052,-2.5514193704450525,-6.495512386486954,-6.391652613663034,-6.989284145638888,-4.186983043034997,-5.469084429646937,-7.427823482339285,-10.608380866826971,-3.4718165262037353,-7.048699579753791,-5.485868192178116,-5.856029929279249,-3.8606451221981475,-6.1829603255229015,-5.539184091044512,-4.838649784571813,-4.530911645330549,-5.282050253711404,-5.229632313351393,-4.87959211696796,-7.12981671816926,-4.74040996376062,-5.647070994095495,-4.869814941922587,-4.929565482719707,-6.9312624194235015,-8.032963254861025,-4.851896566656565,-1.3782795274672925,-5.667985281709268,-6.554480494508059,-3.6604873424744433,-4.441683638019026,-6.331876158611102,-4.579822427541076,-7.383420100239053,-6.324385722398733,-2.5693898942658597,-5.920442267025722,-4.078582610142848,-8.162111773801923,-5.514896183286174,-5.76144413730391,-6.861378941828612,-3.1321877633669617,-5.393285741010267,-6.441910425538111,-5.609094781043999,-5.7807718447225245,-6.049476590526799,-6.8220715360486865,-3.9602928135170323,-4.177192694157994,-6.192020176419706,-6.295360162187775,-4.4210820506838076,-3.3264963905629354,-5.617405310000098,-4.720887595084303,-6.095644081061216,-4.856548463784521,-9.230502609716588,-7.572443561890599,-6.596359043727961,-5.249422203371741,-3.377016492641819,-3.782791964091552,-3.3257676498803823,-4.3528421327088145,-5.670752154545039,-5.3204802358874,-2.4119582878990045,-5.499161516745521,-5.766216100304287
-1.0654467638556229,-2.41657766219209,-5.149064999954033,-3.070579944718917,-6.265284017084856,-7.409689566305609,-7.260035099441367,-5.086649915279764,-4.981340202740061,-5.229859081732159,-5.959493293511841,-6.413975595636239,-1.732534220522209,-6.289336994704383,-6.122383305211251,-7.499435205528273,-4.503055610050604,-6.989517414843242,-5.317237109113764,-4.609187495472592,-4.303123258691188,-5.626054743546699,-6.541326135376661,-6.465103575376209,-6.669634431168166,-6.363678977895001,-7.723658052987683,-5.90182696105071,-2.598407342063643,-6.521025955979088,-6.417830534575876,-7.013510334979319,-4.227477545178739,-5.504191690699337,-7.45783991206675,-10.627961295794584,-3.5140434418786404,-7.072369746113314,-5.514956637666744,-5.8878161260052755,-3.903665652257729,-6.211335274693136,-5.573678358401373,-4.8756693928046895,-4.56938813861314,-5.309852950643723,-5.261756574849964,-4.9104637470203665,-7.155083584283559,-4.777431756191864,-5.680871791540241,-4.905421883901702,-4.963996228208991,-6.955015683931571,-8.052124957610824,-4.8845267062052375,-1.4297057928193118,-5.702155646803266,-6.586087932724234,-3.701903215983786,-4.481975103875044,-6.361206870977895,-4.6119098355202786,-7.4041418617757015,-6.352921396125889,-2.611008661244388,-5.954004680371663,-4.114687702177635,-8.182324355654309,-5.552603560349383,-5.793474658577316,-6.887484435090141,-3.1757420858237726,-5.4233250796801995,-6.468338460211925,-5.641519978121331,-5.818614088307422,-6.077280281733293,-6.854394193236967,-3.998892559107208,-4.212244759847675,-6.219581022376165,-6.326391628886523,-4.45965659709386,-3.3677044673091814,-5.649698404467542,-4.759866591125512,-6.123498404632055,-4.892633351007801,-9.245979340913653,-7.590224555432787,-6.621934052663529,-5.285880391299862,-3.4211868730489163,-3.827154929497497,-3.3689912048610067,-4.394692688572962,-5.70370356633555,-5.351595726203719,-2.4595241162872523,-5.535609359402237,-5.798680816809103
-1.0610845369777984,-11.0059967075654,-5.185272620558683,-3.114236175088209,-6.292984070935695,-7.428861169923457,-7.290044831817689,-5.122976253911148,-5.011409193945142,-5.2640825901183685,-5.987999102086691,-6.438365332972209,-1.7817907579696775,-6.320019773756407,-6.15715040557939,-7.520167622173318,-4.535782327416681,-7.013006991659667,-5.349125073728115,-4.643850364791706,-4.345689474209935,-5.660079866000445,-6.568265181464803,-6.4945003238057835,-6.701624893458528,-6.387092778759801,-7.748613653527158,-5.9357554900173675,-2.6453953136822337,-6.546539525471183,-6.444008455488757,-7.037736524319749,-4.267972047322443,-5.539298951751775,-7.4878563417941395,-10.647541724762233,-3.5562703575535446,-7.0960399124728255,-5.5440450831553605,-5.919602322731339,-3.9466861823173227,-6.239710223863432,-5.608172625758233,-4.912689001037592,-4.60786463189568,-5.337655647576005,-5.293880836348559,-4.941335377072772,-7.1803504503978335,-4.814453548623107,-5.714672588984962,-4.941028825880805,-4.998426973698238,-6.978768948439591,-8.07128666036061,-4.917156845753911,-1.4811320581713308,-5.736326011897277,-6.617695370940447,-3.7433190894932045,-4.522266569731074,-6.390537583344701,-4.643997243499431,-7.42486362331235,-6.381457069853058,-2.652627428222866,-5.987567093717618,-4.150792794212435,-8.202536937506734,-5.590310937412642,-5.825505179850647,-6.913589928351671,-3.2192964082805204,-5.453364418350107,-6.494766494885738,-5.673945175198725,-5.856456331892332,-6.105083972939799,-6.886716850425259,-4.0374923046973965,-4.247296825537306,-6.247141868332624,-6.357423095585222,-4.4982311435039515,-3.40891254405539,-5.681991498934937,-4.798845587166697,-6.151352728202894,-4.928718238231131,-9.26145607211073,-7.608005548975,-6.6475090615990595,-5.322338579228021,-3.4653572534560384,-3.8715178949033797,-3.4122147598416053,-4.436543244437136,-5.73665497812606,-5.38271121652005,-2.507089944675513,-5.572057202059003,-5.8311455333139195
-1.0567223100999736,-1.37526953558469,-5.221480241163319,-3.1578924054575506,-6.320684124786546,-7.448032773541242,-7.320054564193937,-5.159302592542505,-5.041478185150199,-5.298306098504604,-6.016504910661592,-6.462755070308216,-1.831047295417196,-6.3507025528083805,-6.191917505947542,-7.540900038818363,-4.568509044782758,-7.0364965684760925,-5.381013038342479,-4.678513234110795,-4.388255689728681,-5.694104988454192,-6.595204227552933,-6.523897072235308,-6.733615355748878,-6.4105065796246254,-7.77356925406664,-5.96968401898405,-2.692383285300812,-6.5720530949632785,-6.470186376401638,-7.061962713660168,-4.308466549466161,-5.574406212804237,-7.517872771521567,-10.667122153729833,-3.5984972732284746,-7.119710078832299,-5.573133528643977,-5.951388519457403,-3.98970671237693,-6.268085173033678,-5.642666893115082,-4.9497086092704805,-4.64426919739663,-5.365458344508311,-5.326005097847092,-4.972207007125178,-7.205617316512121,-4.851475341054351,-5.748473386429758,-4.97663576785992,-5.0328577191875095,-7.002522212947661,-8.090448363110445,-4.9497869853025955,-1.5325583235233249,-5.770496376991325,-6.649302809156634,-3.7847349630025855,-4.562558035587129,-6.419868295711468,-4.676084651478608,-7.445585384848987,-6.409992743580251,-2.6942461952013437,-6.0211295070635344,-4.18689788624721,-8.222749519359144,-5.628018314475876,-5.857535701123991,-6.9396954216132505,-3.262850730737231,-5.48340375702004,-6.521194529559539,-5.706370372276082,-5.894298575477253,-6.13288766414628,-6.919039507613527,-4.076092050287596,-4.2823488912269605,-6.274702714289044,-6.388454562283945,-4.53680568991403,-3.450120620801636,-5.714284593402356,-4.837824583207905,-6.179207051773745,-4.964803125454385,-9.276932803307808,-7.6257865425171625,-6.673084070534602,-5.358796767156155,-3.5095276338631223,-3.915880860309275,-3.4554383148222163,-4.478393800301321,-5.769606389916546,-5.413826706836319,-2.554655773063761,-5.608505044715682,-5.86361024981876
-1.0523600832221491,-8.32899787140003,-5.257687861767969,-3.201548635826879,-6.348384178637411,-7.467204377159078,-7.350064296570271,-5.195628931173839,-5.0715471763552555,-5.3325296068908505,-6.045010719236467,-6.487144807644161,-1.880303832864652,-6.3813853318603915,-6.226684606315718,-7.561632455463333,-4.601235762148835,-7.059986145292467,-5.41290100295683,-4.713176103429946,-4.430821905247416,-5.728130110907938,-6.622143273641075,-6.553293820664858,-6.765605818039227,-6.433920380489425,-7.798524854606109,-6.00361254795072,-2.739371256919415,-6.597566664455375,-6.496364297314481,-7.086188903000586,-4.34896105160989,-5.609513473856624,-7.547889201248994,-10.686702582697432,-3.6407241889033424,-7.143380245191835,-5.602221974132568,-5.983174716183441,-4.032727242436524,-6.296460122203925,-5.677161160471954,-4.986728217503383,-4.67896099561261,-5.393261041440618,-5.358129359345725,-5.003078637177596,-7.2308841826263945,-4.888497133485594,-5.782274183874492,-5.012242709839022,-5.067288464676769,-7.026275477455712,-8.109610065860243,-4.9824171248513185,-1.583984588875369,-5.804666742085322,-6.680910247372821,-3.826150836511954,-4.602849501443159,-6.449199008078248,-4.708172059457773,-7.466307146385611,-6.438528417307395,-2.735864962179834,-6.054691920409451,-4.223002978282009,-8.242962101211582,-5.665725691539122,-5.88956622239741,-6.965800914874805,-3.306405053194042,-5.51344309568996,-6.547622564233327,-5.738795569353414,-5.932140819062188,-6.160691355352837,-6.9513621648017825,-4.11469179587776,-4.317400956916604,-6.302263560245491,-6.419486028982681,-4.5753802363240705,-3.4913286975479068,-5.746577687869775,-4.876803579249127,-6.207061375344584,-5.000888012677691,-9.29240953450486,-7.643567536059326,-6.698659079470133,-5.395254955084314,-3.5536980142701946,-3.9602438257152075,-3.498661869802815,-4.5202443561654935,-5.802557801707043,-5.444942197152662,-2.6022216014520216,-5.644952887372423,-5.896074966323564
-1.0479978563443242,-3.42782093806654,-5.293895482372655,-3.2452048661962456,-6.376084232488262,-7.4863759807769386,-7.380074028946531,-5.231955269805171,-5.1016161675603,-5.366753115277072,-6.073516527811368,-6.511534544980169,-1.9295603703121078,-6.412068110912415,-6.2614517066838955,-7.582364872108366,-4.633962479514924,-7.08347572210893,-5.444788967571194,-4.747838972749061,-4.473388120766174,-5.762155233361722,-6.649082319729216,-6.58269056909442,-6.797596280329564,-6.457334181354263,-7.823480455145597,-6.037541076917415,-2.7863592285380054,-6.623080233947445,-6.522542218227387,-7.110415092341017,-4.389455553753607,-5.644620734909074,-7.577905630976422,-10.706283011665008,-3.6829511045782475,-7.167050411551359,-5.631310419621209,-6.014960912909493,-4.075747772496131,-6.324835071374208,-5.711655427828827,-5.023747825736296,-4.713652793828603,-5.421063738372925,-5.390253620844295,-5.033950267230015,-7.256151048740669,-4.92551892591685,-5.816074981319226,-5.0478496518181615,-5.10171921016604,-7.050028741963757,-8.12877176861003,-5.015047264399978,-1.635410854227388,-5.838837107179333,-6.712517685589034,-3.867566710021322,-4.643140967299188,-6.478529720445029,-4.7402594674369505,-7.487028907922272,-6.467064091034563,-2.7774837291582877,-6.088254333755417,-4.259781797980189,-8.263174683064019,-5.703433068602331,-5.921596743670742,-6.991906408136359,-3.3499593756507897,-5.543482434359855,-6.574050598907153,-5.77122076643077,-5.969983062647098,-6.188495046559318,-6.983684821990062,-4.153291541467922,-4.352453022606272,-6.329824406201925,-6.450517495681417,-4.613954782734199,-3.5325367742941784,-5.7788707823372185,-4.9157825752903355,-6.234915698915411,-5.036972899900995,-9.3078862657019,-7.661348529601551,-6.724234088405662,-5.431713143012448,-3.5978683946772545,-4.004606791121103,-3.5418854247834144,-4.562094912029641,-5.835509213497529,-5.476057687468969,-2.6497874298402824,-5.681400730029151,-5.928539682828405
-1.0436356294664997,-1.68351518263962,-5.330103102977241,-3.288861096565575,-6.403784286339114,-7.505547584394774,-7.4100837613228165,-5.268281608436517,-5.131685158765369,-5.40097662366327,-6.102022336386243,-6.535924282316138,-1.9788169077596014,-6.4427508899644135,-6.296218807052035,-7.603097288753386,-4.666689196881014,-7.1069652989253305,-5.476676932185533,-4.782501842068187,-4.5159543362849455,-5.796180355815443,-6.67111331767,-6.612087317523957,-6.829586742619877,-6.480747982219087,-7.848436055685072,-6.071469605884084,-2.8333472001566085,-6.648593803439553,-6.54872013914028,-7.134641281681461,-4.429950055897349,-5.679727995961499,-7.607922060703836,-10.725863440632676,-3.725178020253165,-7.190720577910845,-5.660552354118967,-6.046747109635508,-4.1187683025557495,-6.353210020544455,-5.746149695185663,-5.060767433969186,-4.7483445920446075,-5.448866435305206,-5.422377882342865,-5.064821897282409,-7.281417914854968,-4.962540718348093,-5.849875778763985,-5.0834565937972265,-5.136149955655324,-7.073782006471797,-8.14793347135985,-5.047677403948701,-1.6868371195793697,-5.873007472273343,-6.744125123805221,-3.9036614755191676,-4.683432433155218,-6.507860432811834,-4.772346875416115,-7.507750669458871,-6.495599764761731,-2.8191024961368027,-6.121816747101347,-4.298689040674688,-8.283387264916405,-5.7411404456655655,-5.953627264944098,-7.018011901397876,-3.3935136981075376,-5.573521773029775,-6.600478633580966,-5.803645963508115,-6.007825306232008,-6.2162987377658245,-7.016007479178355,-4.191891287058123,-4.38750508829594,-6.3573852521583465,-6.481548962380116,-4.652529329144252,-3.5737448510403995,-5.811163876804625,-4.954761571331533,-6.262770022486262,-5.0730577871242994,-9.32336299689896,-7.679129523143701,-6.74980909734118,-5.46817133094062,-3.6420387750843766,-4.048969756527023,-3.5851089797640006,-4.603945467893789,-5.86846062528804,-5.507173177785288,-2.6973532582285307,-5.717848572685867,-5.961004399333209
-1.039273402588675,-10.4537323640239,-5.366310723581903,-3.3325173269349033,-6.431484340189953,-7.5247191880125595,-7.440093493699114,-5.3046079470678755,-5.161754149970438,-5.43520013204953,-6.130528144961119,-6.560314019652121,-2.0280734452070823,-6.473433669016437,-6.330985907420174,-7.623829705398406,-4.699415914247053,-7.130454875741756,-5.508564896799871,-4.8171647113873,-4.558520551803692,-5.830205478269177,-6.688583710369109,-6.641484065953508,-6.861577204910252,-6.504161783083887,-7.873391656224535,-6.105398134850754,-2.880335171775174,-6.6741073729316245,-6.5748980600531475,-7.158867471021891,-4.470444558041066,-5.714835257013949,-7.637938490431264,-10.745443869600281,-3.7674049359280453,-7.214390744270381,-5.692456931774043,-6.078533306361534,-4.161788832615357,-6.381584969714764,-5.780643962542561,-5.0977870422020874,-4.783036390260574,-5.476669132237525,-5.45450214384146,-5.095693527334814,-7.306684780969255,-4.999562510779324,-5.883676576208706,-5.119063535776354,-5.170580701144558,-7.097535270979842,-8.167095174109662,-5.080307543497361,-1.738263384931401,-5.907177837367341,-6.77573256202142,-3.9356104228945483,-4.7237238990112855,-6.537191145178626,-4.80443428339533,-7.528472430995532,-6.5241354384889,-2.860721263115268,-6.155379160447276,-4.337596283369224,-8.303599846768854,-5.778847822728799,-5.985657786217492,-7.044117394659443,-3.437068020564311,-5.60356111169967,-6.6269066682547795,-5.836071160585472,-6.0456675498169306,-6.244102428972344,-7.048330136366648,-4.2304910326482865,-4.422557153985609,-6.384946098114793,-6.512580429078839,-4.691103875554355,-3.6176701958877064,-5.843456971272019,-4.993740567372779,-6.290624346057114,-5.109142674347592,-9.338839728096055,-7.696910516685914,-6.775384106276748,-5.504629518868779,-3.686209155491511,-4.093332721932918,-3.628332534744599,-4.6457960237579865,-5.901412037078525,-5.538288668101581,-2.7449190866167914,-5.75429641534257,-5.99346911583805
-1.0349111757108505,-9.2085781696006,-5.402518344186577,-3.3761735573042078,-6.4591843940407925,-7.543890791630383,-7.470103226075411,-5.339776527354289,-5.191823141175495,-5.469423640435764,-6.159033953536007,-6.584703756988053,-2.0773299826545384,-6.504116448068423,-6.365753007788338,-7.6445621220434266,-4.732142631613168,-7.153944452558181,-5.540452861414248,-4.85182758070639,-4.601086767322439,-5.864230600722923,-6.706054103068169,-6.6708808143830325,-6.893567667200577,-6.5275755839487,-7.898347256764035,-6.139326663817461,-2.927323143393802,-6.699620942423757,-6.601075980966016,-7.183093660362322,-4.510939060184795,-5.7499425180663986,-7.6679549201586905,-10.765024298567912,-3.809631851602962,-7.238060910629905,-5.724361509429157,-6.110319503087623,-4.204809362674963,-6.40995991888501,-5.815138229899408,-5.134806650434964,-4.817728188476579,-5.504471829169832,-5.4866264053400435,-5.126565157387257,-7.331951647083517,-5.036584303210542,-5.917477373653452,-5.154670477755482,-5.205011446633842,-7.121288535487893,-8.18625687685946,-5.112937683046059,-1.7896896502834079,-5.941348202461364,-6.807340000237595,-3.967559370269929,-4.764015364867328,-6.566521857545382,-4.836521691374469,-7.549194192532206,-6.55267111221608,-2.9023400300937707,-6.188941573793205,-4.376503526063748,-8.323812428621315,-5.816555199792033,-6.017688307490836,-7.070222887920948,-3.4806223430210714,-5.633600450369627,-6.65333470292858,-5.868496357662866,-6.08350979340184,-6.271906120178837,-7.080652793554915,-4.269090778238437,-4.457609219675239,-6.412506944071227,-6.543611895777563,-4.729678421964421,-3.661695471257648,-5.875750065739464,-5.0327195634139255,-6.3184786696279405,-5.145227561570872,-9.354316459293107,-7.71469151022809,-6.800959115212291,-5.54108770679695,-3.73037953589857,-4.137695687338838,-3.6715560897251978,-4.687646579622159,-5.9343634488690356,-5.5694041584179,-2.7924849150050397,-5.790744257999323,-6.025933832342867
-1.0305489488330255,-1.24247048252076,-5.438725964791214,-3.4198297876735744,-6.486884447891644,-7.563062395248218,-7.5001129584516955,-5.372462635620609,-5.2218921323805505,-5.503647148821987,-6.187539762110882,-6.609093494324073,-2.126586520102057,-6.534799227120422,-6.400520108156478,-7.665294538688459,-4.764869348979282,-7.177434029374593,-5.572340826028599,-4.886490450025541,-4.643652982841198,-5.898255723176694,-6.723524495767229,-6.700277562812595,-6.925558129490901,-6.550989384813512,-7.923302857303486,-6.173255192784131,-2.97431111501238,-6.725134511915803,-6.6272539018788965,-7.207319849702753,-4.551433562328513,-5.785049779118836,-7.697971349886118,-10.784604727535505,-3.851858767277867,-7.261731076989391,-5.756266087084271,-6.142105699813686,-4.24782989273457,-6.438334868055269,-5.849632497256281,-5.171826258667903,-4.8524199866925715,-5.532274526102113,-5.5187506668386135,-5.157436787439651,-7.357218513197804,-5.073606095641798,-5.951278171098198,-5.190277419734584,-5.239442192123101,-7.145041799995932,-8.205418579609258,-5.145567822594732,-1.8411159156354269,-5.975518567555387,-6.838947438453808,-3.9995083176453354,-4.804306830723383,-6.5958525699121875,-4.868609099353659,-7.5699159540688425,-6.581206785943249,-2.943958797072262,-6.222503987139147,-4.415410768758246,-8.34402501047374,-5.854262576855267,-6.049718828764205,-7.096328381182502,-3.52417666547782,-5.6636397890395225,-6.679762737602407,-5.900921554740222,-6.121352036986774,-6.299709811385344,-7.112975450743195,-4.30769052382865,-4.492661285364894,-6.4400677900276975,-6.574643362476299,-4.768252968374512,-3.7057207466275894,-5.90804316020692,-5.071698559455134,-6.346332993198792,-5.181312448794151,-9.369793190490153,-7.732472503770266,-6.8265341241478215,-5.577545894725072,-3.774549916305692,-4.182058652744733,-3.7147796447057964,-4.729497135486307,-5.967314860659508,-5.6005196487342435,-2.840050743393313,-5.827192100656089,-6.0583985488476575
-1.026186721955201,-1.5111085911183,-5.47493358539585,-3.463486018042903,-6.514584501742496,-7.582233998866053,-7.530122690827993,-5.405148743886917,-5.251961123585595,-5.537870657208209,-6.21604557068577,-6.633483231660068,-2.1758430575495127,-6.56548200617242,-6.435287208524642,-7.6860269553334915,-4.797596066345384,-7.200923606191019,-5.6042287906429245,-4.921153319344655,-4.686219198359957,-5.932280845630416,-6.740994888466326,-6.729674311242132,-6.957548591781238,-6.574403185678337,-7.94825845784298,-6.207183721750826,-3.0212990866309832,-6.7506480814079115,-6.653431822791765,-7.231546039043184,-4.591928064472242,-5.820157040171286,-7.727987779613533,-10.804185156503099,-3.894085682952772,-7.285401243348902,-5.788170664739359,-6.173891896539738,-4.290850422794164,-6.466709817225528,-5.8841267646131294,-5.208845866900818,-4.887111784908538,-5.560077223034432,-5.550874928337197,-5.188308417492094,-7.382485379312103,-5.110627888073017,-5.985078968542932,-5.225884361713699,-5.2738729376123725,-7.168795064503995,-8.224580282359044,-5.178197962143442,-1.8925421809874334,-6.00968893264941,-6.870554876669995,-4.031457265020741,-4.844598296579413,-6.6251832822789805,-4.900696507332824,-7.590637715605491,-6.609742459670417,-2.9855775640507396,-6.256066400485088,-4.4543180114527825,-8.36423759232615,-5.8919699539185135,-6.081749350037587,-7.122433874444094,-3.5677309879345804,-5.69367912770943,-6.706190772276233,-5.933346751817567,-6.159194280571672,-6.327513502591887,-7.1452981079314695,-4.346290269418813,-4.52771335105455,-6.467628635984094,-6.6056748291750225,-4.806827514784577,-3.7497460219975185,-5.940336254674314,-5.1106775554963315,-6.374187316769631,-5.2173973360174815,-9.385269921687211,-7.750253497312466,-6.852109133083364,-5.614004082653218,-3.818720296712777,-4.226421618150641,-3.7580031996863825,-4.771347691350455,-6.000266272450044,-5.631635139050537,-2.8876165717815736,-5.86363994331283,-6.090863265352486
-1.0218244950773763,-9.75293441998966,-5.511141206000499,-3.5071422484122197,-6.5422845555933655,-7.601405602483877,-7.560132423204328,-5.437834852153224,-5.282030114790676,-5.572094165594418,-6.244551379260633,-6.657872968996037,-2.225099594996981,-6.596164785224419,-6.470054308892806,-7.706759371978512,-4.830322783711436,-7.224413183007469,-5.636116755257276,-4.955816188663769,-4.7287854138787155,-5.966305968084175,-6.758465281165386,-6.759071059671694,-6.989539054071575,-6.597816986543124,-7.973214058382449,-6.241112250717459,-3.0682870582495614,-6.776161650899982,-6.6796097437046456,-7.255772228383615,-4.632422566615972,-5.855264301223711,-7.758004209340985,-10.823765585470762,-3.9363125986276524,-7.309071409708401,-5.820075242394473,-6.205678093265777,-4.333870952853733,-6.495084766395774,-5.9186210319700026,-5.2458654751336695,-4.912652137940645,-5.587950929386165,-5.582999189835754,-5.219180047544463,-7.407752245426365,-5.14764968050426,-6.018879765987679,-5.261491303692801,-5.308303683101657,-7.192548329012028,-8.24374198510888,-5.210828101692127,-1.9439684463394524,-6.043859297743407,-6.902162314886182,-4.0634062123961465,-4.884889762435418,-6.645101511780152,-4.932783915312013,-7.611359477142115,-6.638278133397548,-3.0271963310292422,-6.289628813831005,-4.493225254147307,-8.384450174178587,-5.929677330981734,-6.113779871310968,-7.148539367705624,-3.611285310391353,-5.72371846637935,-6.732618806950046,-5.965771948894899,-6.197036524156607,-6.355317193798394,-7.177620765119749,-4.384890015009001,-4.562765416744206,-6.495189481940541,-6.636706295873752,-4.8454020611946556,-3.7937712973674476,-5.972629349141733,-5.149656551537578,-6.402041640340457,-5.2534822232407485,-9.400746652884282,-7.768034490854679,-6.8776841420189445,-5.6504622705813645,-3.8628906771198617,-4.270784583556548,-3.801226754667007,-4.813198247214627,-6.03321768424053,-5.662750629366818,-2.935182400169822,-5.900087785969533,-6.123327981857315
-1.0174622681995518,-9.7197651480835,-5.547348826605111,-3.5507984787815987,-6.569984609444199,-7.6205772061017125,-7.590142155580588,-5.4705209604195195,-5.312099105995733,-5.606317673980652,-6.273057187835558,-6.682262706331983,-2.2743561324444497,-6.626847564276455,-6.5048214092609955,-7.727491788623544,-4.863049501077501,-7.240769111653068,-5.668004719871652,-4.9904790579828955,-4.771351629397462,-6.000331090537946,-6.775935673864459,-6.7884678081012435,-7.0215295163619125,-6.621230787407962,-7.998169658921912,-6.2750407796841525,-3.115275029868177,-6.801675220392103,-6.705787664617526,-7.279998417724058,-4.6729170687597135,-5.8903715622761235,-7.788020639068375,-10.84334601443833,-3.9785395143025823,-7.332741576067912,-5.851979820049562,-6.23746428999184,-4.376891482913377,-6.52345971556607,-5.9531152993268375,-5.282885083366583,-4.937691207280013,-5.6186306417770675,-5.615123451334362,-5.250051677596882,-7.433019111540639,-5.184671472935478,-6.05268056343245,-5.297098245671928,-5.342734428590903,-7.216301593520079,-8.262903687858683,-5.243458241240813,-1.9953947116914716,-6.078029662837443,-6.933769753102401,-4.095355159771515,-4.9251812282914855,-6.664780610137667,-4.964871323291191,-7.632081238678764,-6.666813807124723,-3.06881509800772,-6.323191227176935,-4.532132496841792,-8.404662756031012,-5.9673847080449685,-6.145810392584299,-7.174644860967178,-3.6548396328481143,-5.753757805049271,-6.759046841623834,-5.9981971459722425,-6.234878767741503,-6.383120885004913,-7.209943422308042,-4.423489760599201,-4.597817482433862,-6.522750327896987,-6.6677377625724565,-4.883976607604758,-3.837796572737414,-6.004922443609114,-5.1886355475787616,-6.429895963911321,-5.289567110464041,-9.416223384081366,-7.78581548439683,-6.9016867743817985,-5.686920458509537,-3.9070610575269837,-4.315147548962469,-3.844450309647618,-4.855048803078763,-6.066169096031028,-5.693866119683136,-2.982748228558095,-5.936535628626274,-6.155792698362132
-1.0131000413217268,-7.29473759197694,-5.583556447209772,-3.5944547091508774,-6.59768466329505,-7.639748809719547,-7.620151887956897,-5.503207068685864,-5.34216809720079,-5.6405411823669,-6.301562996410434,-6.7066524436679895,-2.3236126698919306,-6.657530343328466,-6.53958850962911,-7.748224205268533,-4.8957762184436024,-7.2545559020846015,-5.699892684486003,-5.0251419273020215,-4.813917844916184,-6.034356212991693,-6.793406066563556,-6.817864556530768,-7.053519978652287,-6.644644588272762,-8.02312525946138,-6.308969308650835,-3.16226300148678,-6.827188789884211,-6.731965585530413,-7.304224607064476,-4.713411570903431,-5.925478823328586,-7.818037068795827,-10.862926443405978,-4.0207664299775,-7.356411742427411,-5.883884397704675,-6.26925048671788,-4.419912012972971,-6.550155057812892,-5.987609566683723,-5.319904691599498,-4.962730276619418,-5.649310354167945,-5.647247712832945,-5.280923307649299,-7.458285977654963,-5.221693265366759,-6.086481360877183,-5.332705187651043,-5.377165174080187,-7.240054858028155,-8.282065390608489,-5.276088380789523,-2.046820977043491,-6.112200027931428,-6.965377191318594,-4.127304107146895,-4.965472694147503,-6.684459708495182,-4.996958731270356,-7.6528030002154255,-6.695349480851897,-3.110433864986198,-6.356753640522901,-4.571039739536341,-8.424875337883448,-6.005092085108215,-6.177840913857706,-7.200750354228708,-3.6983939553048746,-5.783797143719179,-6.785474876297648,-6.030622343049612,-6.272721011326438,-6.410924576211394,-7.242266079496316,-4.462089506189339,-4.632869548123555,-6.550311173853434,-6.698769229271174,-4.922551154014824,-3.8818218481073687,-6.037215538076558,-5.227614543619984,-6.457750287482172,-5.325651997687321,-9.431700115278424,-7.803596477939011,-6.923561580715862,-5.723378646437671,-3.951231437934055,-4.359510514368326,-3.887673864628204,-4.896899358942935,-6.099120507821525,-5.724981609999455,-3.030314056946305,-5.972983471282977,-6.188257414866935
-1.0087378144439023,-10.8497959423043,-5.619764067814409,-3.6381109395202316,-6.625384717145902,-7.6589204133373645,-7.650161620333182,-5.535893176952184,-5.372237088405877,-5.674764690753134,-6.330068804985309,-6.731042181003985,-2.3728692073394244,-6.688213122380452,-6.574355609997274,-7.768956621913566,-4.928502935809655,-7.2683426925161605,-5.731780649100342,-5.0598047966211235,-4.856484060434993,-6.068381335445451,-6.810876459262603,-6.847261304960344,-7.085510440942587,-6.668058389137574,-8.048080860000892,-6.3428978376174925,-3.209250973105358,-6.852702359376269,-6.758143506443268,-7.328450796404894,-4.75390607304716,-5.960586084381036,-7.848053498523286,-10.882506872373554,-4.06299334565238,-7.380081908786959,-5.9157889753597885,-6.301036683443931,-4.462932543032578,-6.568761929510415,-6.022103834040609,-5.356924299832374,-4.987769345958798,-5.6799900665588225,-5.679371974331503,-5.311794937701718,-7.483552843769238,-5.258715057798002,-6.120282158321917,-5.368312129630146,-5.411595919569434,-7.2638081225361875,-8.301227093358273,-5.308718520338183,-2.0982472423955096,-6.146370393025439,-6.996984629534801,-4.159253054522302,-5.0057641600035705,-6.704138806852759,-5.029046139249533,-7.673524761752062,-6.72388515457906,-3.152052631964689,-6.390316053868805,-4.609946982230865,-8.44508791973586,-6.042799462171474,-6.209871435131025,-7.226855847490275,-3.7419482777616357,-5.8138364823890605,-6.811902910971486,-6.063047540126994,-6.310563254911348,-6.438728267417925,-7.274588736684596,-4.500689251779552,-4.667921613813185,-6.577872019809868,-6.729800695969904,-4.96112570042489,-3.925847123477298,-6.06950863254399,-5.266593539661205,-6.485604611052999,-5.361736884910638,-9.447176846475458,-7.821377471481199,-6.945436387049919,-5.75983683436583,-3.9954018183411524,-4.4038734797742585,-3.9308974196087902,-4.938749914807121,-6.132071919612036,-5.756097100315774,-3.077879885334566,-6.0094313139397055,-6.220722131371776
-1.0043755875660776,-2.70909302726557,-5.65597168841907,-3.681767169889561,-6.653084770996767,-7.678092016955194,-7.680171352709467,-5.5685792852185045,-5.402306079610891,-5.708988199139369,-6.35857461356021,-6.75543191833993,-2.422125744786918,-6.718895901432438,-6.609122710365413,-7.789689038558586,-4.9612296531757565,-7.282129482947694,-5.763668613714681,-5.094467665940274,-4.899050275953702,-6.102406457899204,-6.828346851961689,-6.876658053389893,-7.117500903232949,-6.691472190002399,-8.073036460540349,-6.376826366584175,-3.2562389447239486,-6.87821592886839,-6.784321427356161,-7.35267698574535,-4.79440057519089,-5.995693345433461,-7.8780699282506506,-10.902087301341197,-4.105220261327272,-7.403752075146445,-5.947693553014902,-6.332822880169982,-4.505953073092172,-6.587368801207906,-6.056598101397444,-5.3939439080652765,-5.012808415298165,-5.710669778949725,-5.711496235830098,-5.342666567754124,-7.508819709883524,-5.2957368502292335,-6.1540829557666505,-5.403919071609273,-5.446026665058706,-7.28756138704422,-8.320388796108091,-5.341348659886868,-2.149673507747504,-6.180540758119461,-7.028592067750969,-4.1912020018976825,-5.0460556258596005,-6.723817905210268,-5.061133547228723,-7.694246523288723,-6.752420828306228,-3.193671398943179,-6.4238784672147595,-4.648854224925389,-8.465300501588308,-6.080506839234682,-6.241901956404419,-7.247994543213877,-3.7855026002184085,-5.843875821058994,-6.8383309456452865,-6.0954727372043385,-6.348405498496233,-6.466531958624431,-7.306911393872864,-4.539288997369741,-4.702973679502853,-6.605432865766288,-6.760832162668646,-4.999700246834968,-3.969872398847264,-6.1018017270113845,-5.305572535702414,-6.513458934623838,-5.397821772133906,-9.46265357767256,-7.839158465023387,-6.967311193383976,-5.796295022293951,-4.039572198748262,-4.448236445180179,-3.9741209745894146,-4.980600470671269,-6.165023331402534,-5.787212590632067,-3.125445713722839,-6.045879156596428,-6.25318684787658
-1.000013360688253,-8.77281928190871,-5.692179309023719,-3.7254234002588644,-6.680784824847618,-7.697263620573023,-7.710181085085777,-5.596953051308733,-5.432375070815991,-5.7432117075255915,-6.387080422135048,-6.779821655675912,-2.4713822822343863,-6.749578680484474,-6.64388981073359,-7.810421455203606,-4.993956370541858,-7.29591627337924,-5.795556578329045,-5.129130535259364,-4.941616491472498,-6.136431580352937,-6.845817244660748,-6.906054801819393,-7.149491365523261,-6.714885990867174,-8.097992061079838,-6.410754895550857,-3.303226916342539,-6.903729498360461,-6.810499348269011,-7.3769031750857685,-4.834895077334594,-6.0308006064859105,-7.908086357978127,-10.921667730308783,-4.147447177002202,-7.427422241505944,-5.979598130669978,-6.364609076896009,-4.548973603151804,-6.6059756729053785,-6.091092368754304,-5.43096351629819,-5.037847484637508,-5.74134949134059,-5.743620497328656,-5.373538197806543,-7.5340865759978115,-5.332758642660452,-6.187883753211385,-5.439526013588363,-5.48045741054799,-7.3113146515522525,-8.339550498857882,-5.373978799435566,-2.201099773099523,-6.214711123213484,-7.0601995059671685,-4.223150949273076,-5.086347091715643,-6.7434970035677955,-5.093220955207863,-7.714968284825372,-6.780956502033391,-3.2352901659216444,-6.457440880560676,-4.686615659804566,-8.485513083440745,-6.1182142162979165,-6.2739324776777625,-7.264261355034504,-3.8290569226751687,-5.873915159728914,-6.864758980319106,-6.127897934281682,-6.3862477420811805,-6.494335649830938,-7.339234051061169,-4.577888742959892,-4.738025745192484,-6.632993711722747,-6.791863629367332,-5.038274793245046,-4.013897674217193,-6.134094821478803,-5.344551531743611,-6.541313258194677,-5.433906659357235,-9.478130308869613,-7.856939458565594,-6.989185999718077,-5.832753210222123,-4.083742579155372,-4.492599410586099,-4.015295807564626,-5.022451026535442,-6.197974743192995,-5.818328080948398,-3.173011542111075,-6.082326999253162,-6.285651564381434
-0.9956511338104282,-4.64154057171057,-5.7283869296283685,-3.769079630628256,-6.708484878698451,-7.716435224190852,-7.740190817462074,-5.619754685045191,-5.4624440620210475,-5.777435215911826,-6.415586230709948,-6.8042113930119195,-2.5206388196818548,-6.780261459536473,-6.678656911101742,-7.83115387184862,-5.0266830879079105,-7.309703063810786,-5.827444542943408,-5.163793404578502,-4.98418270699122,-6.1704567028066775,-6.863287637359821,-6.935451550248943,-7.183212474704116,-6.738299791732011,-8.122947661619294,-6.444683424517527,-3.3502148879611298,-6.929243067852557,-6.836677269181917,-7.401129364426212,-4.875389579478324,-6.065907867538335,-7.938102787705542,-10.941248159276402,-4.189674092677107,-7.451092407865481,-6.011502708325092,-6.396395273622073,-4.5919941332113865,-6.624582544602882,-6.125586636111177,-5.467983124531105,-5.0628865539769,-5.77202920373148,-5.775744758827264,-5.404409827858961,-7.559353442112117,-5.369780435091696,-6.221684550656144,-5.47513295556749,-5.514888156037249,-7.335067916060322,-8.3587122016077,-5.406608938984264,-2.2525260384515295,-6.248881488307495,-7.091806944183394,-4.255099896648481,-5.126638557571672,-6.763176101925335,-5.12530836318704,-7.735690046362033,-6.809492175760559,-3.276908932900147,-6.490555965208932,-4.71562460889949,-8.50572566529318,-6.155921593361151,-6.305962998951132,-7.280528166855132,-3.87261124513193,-5.903954498398796,-6.891187014992919,-6.160323131359027,-6.424089985666077,-6.522139341037456,-7.3715567082494236,-4.616488488550079,-4.773077810882165,-6.660554557679181,-6.822895096066068,-5.076849339655137,-4.057922949587147,-6.16638791594626,-5.383530527784795,-6.5691675817655035,-5.469991546580515,-9.493587989287331,-7.874720452107775,-7.011060806052122,-5.869211398150282,-4.127912959562456,-4.536962375992007,-4.054757385102852,-5.064301582399589,-6.230926154983505,-5.849443571264717,-3.220577370499398,-6.118774841909916,-6.318116280886225
-0.9912889069326036,-3.14328883062643,-5.764594550233005,-3.8127358609975603,-6.736184932549309,-7.735606827808669,-7.770200549838346,-5.642556318781673,-5.492513053226104,-5.811658724298035,-6.444092039284811,-6.828601130347876,-2.569895357129348,-6.810944238588478,-6.713424011469906,-7.851886288493652,-5.059409805274012,-7.323489854242357,-5.859332507557735,-5.198456273897629,-5.0267489225099915,-6.204481825260436,-6.880758030058918,-6.9648482986784925,-7.21814879849737,-6.761713592596805,-8.147903262158776,-6.47861195348419,-3.397202859579746,-6.954756637344652,-6.86285519009481,-7.425355553766642,-4.915884081622041,-6.101015128590766,-7.968119217432982,-10.960828588244032,-4.231901008351975,-7.474762574225005,-6.0434072859801935,-6.428181470348112,-4.635014663271005,-6.6431894163003475,-6.160080903468038,-5.505002732763981,-5.087925623316267,-5.802708916122371,-5.8078690203258345,-5.435281457911342,-7.584620308226366,-5.406802227522939,-6.255485348100877,-5.510739897546593,-5.5493189015265205,-7.358821180568374,-8.377873904357498,-5.430465759739798,-2.303952303803555,-6.283051853401505,-7.123414382399568,-4.287048844023887,-5.166930023427702,-6.7828552002828815,-5.15739577116623,-7.75641180789867,-6.838027849487708,-3.3185276998786506,-6.522729292505508,-4.744633557994387,-8.525938247145593,-6.193628970424384,-6.337993520224488,-7.296794978675773,-3.9161655675886653,-5.933993837068717,-6.917615049666714,-6.192748328436384,-6.461932229250987,-6.549943032243963,-7.403879365437704,-4.655088234140255,-4.808129876571833,-6.688115403635615,-6.853926562764792,-5.115423886065241,-4.101948224957076,-6.198681010413666,-5.422509523826016,-6.597021905336318,-5.506076433803807,-9.50767327546904,-7.892501445649976,-7.032935612386192,-5.9056695860784405,-4.172083339969541,-4.581325341397902,-4.094218962641103,-5.10615213826375,-6.263877566774009,-5.880559061580998,-3.2681431988875964,-6.1552226845666125,-6.350580997391047
-0.9869266800547789,-10.2305883298603,-5.800802170837642,-3.856392091366901,-6.763884986400148,-7.754778431426511,-7.8002102822146435,-5.665357952518117,-5.524851451937147,-5.845882232684283,-6.472597847859712,-6.852990867683847,-2.6191518945768166,-6.841627017640483,-6.748191111838058,-7.8726187051386605,-5.092136522640102,-7.337276644673903,-5.891220472172111,-5.233119143216718,-5.069315138028763,-6.23850694771422,-6.898228422757965,-6.994245047108036,-7.253085122290617,-6.785127393461642,-8.172858862698275,-6.512540482450879,-3.444190831198311,-6.980270206836748,-6.889033111007684,-7.449581743107067,-4.956378583765771,-6.136122389643197,-7.998135647160397,-10.980409017211626,-4.274127924026892,-7.498432740584503,-6.075311863635294,-6.459967667074163,-4.678035193330574,-6.661796287997851,-6.194575170824899,-5.5420223409968825,-5.112964692655635,-5.833388628513249,-5.839993281824392,-5.466153087963798,-7.6098871743406535,-5.4438240199541825,-6.289286145545636,-5.54634683952572,-5.583749647015767,-7.382574445076413,-8.397035607107302,-5.453144031024045,-2.3553785691555804,-6.317222218495521,-7.155021820615793,-4.318997791399281,-5.207221489283782,-6.802534298640378,-5.189483179145407,-7.777133569435294,-6.866563523214902,-3.3601464668571284,-6.554902619802102,-4.773642507089297,-8.546150828998053,-6.23133634748763,-6.370024041497845,-7.3130617904964,-3.9597198900454256,-5.964033175738649,-6.9440430843405645,-6.225173525513752,-6.4997744728359095,-6.577746723450482,-7.436202022625966,-4.6936879797304805,-4.843181942261488,-6.715676249592062,-6.8849580294635215,-5.153998432475293,-4.145973500327018,-6.230974104881085,-5.4614885198672125,-6.6248762289072065,-5.542161321027099,-9.521758561650717,-7.910282439192145,-7.05481041872023,-5.94073041255799,-4.21625372037665,-4.625688306803835,-4.133680540179304,-5.148002694127935,-6.29682897856452,-5.9064876794681735,-3.3157090272758696,-6.19167052722336,-6.383045713895851
-0.9825644531769543,-3.20075682011817,-5.837009791442303,-3.900048321736243,-6.786947351196738,-7.773950035044334,-7.821006027951257,-5.688159586254562,-5.5578901349292815,-5.879077421733138,-6.501103656434587,-6.878955217299918,-2.6684084320242976,-6.872309796692494,-6.782958212206197,-7.893351121783687,-5.124863240006166,-7.351063435105442,-5.923108436786462,-5.267782012535882,-5.111881353547484,-6.272532070167954,-6.915698815457063,-7.023641795537598,-7.288021446083877,-6.808541194326448,-8.197814463237739,-6.546469011417567,-3.4911788028169273,-7.0057837763288315,-6.915211031920546,-7.473807932447523,-4.9968730859095,-6.171229650695635,-8.028081533026835,-10.999989446179276,-4.3163548397017975,-7.522102906944014,-6.107216441290383,-6.491753863800202,-4.721055723390181,-6.68040315969533,-6.229069438181771,-5.579041949229797,-5.1380037619950025,-5.86406834090412,-5.872117543323,-5.4970247180162035,-7.635154040454927,-5.4808458123854,-6.323086942990369,-5.581953781504823,-5.61818039250507,-7.406327709584452,-8.416197309857118,-5.475822302308341,-2.406804834507568,-6.351392583589551,-7.186629258831949,-4.350946738774674,-5.247512955139787,-6.8222133969979115,-5.221570587124571,-7.797855330971936,-6.895099196942064,-3.401765233835631,-6.587075947098665,-4.802651456184195,-8.566363410850453,-6.269043724550852,-6.402054562771227,-7.329328602317015,-4.003274212502224,-5.994072514408557,-6.970471119014347,-6.257598722591122,-6.537616716420863,-6.605550414656982,-7.468524679814264,-4.732287725320618,-4.878234007951144,-6.743237095548521,-6.915989496162258,-5.192572978885384,-4.187197309605321,-6.263267199348505,-5.500467515908441,-6.652730552478046,-5.5782462082504045,-9.535843847832377,-7.92806343273434,-7.076685225054319,-5.967160108695912,-4.260424100783735,-4.670051272209729,-4.17314211771753,-5.189853249992082,-6.329780390354992,-5.927591435185741,-3.363274855664118,-6.228118369880101,-6.41551043040068
-0.9782022262991296,-7.48246741474942,-5.873217412046927,-3.943704552105534,-6.8045887627165085,-7.793121638662145,-7.840977444235417,-5.710961219991032,-5.5909288179214105,-5.903226256289092,-6.529609465009475,-6.906331032901066,-2.717664969471791,-6.902992575744474,-6.817725312574411,-7.914083538428719,-5.157589957372268,-7.364850225536989,-5.954996401400807,-5.302444881854996,-5.154447569066231,-6.306557192621688,-6.933169208156123,-7.053038543967167,-7.322957769877118,-6.831954995191279,-8.222770063777208,-6.580397540384231,-3.538166774435555,-7.031297345820939,-6.941388952833427,-7.49803412178796,-5.037367588053205,-6.206336911748084,-8.054261271138152,-11.01956987514687,-4.358581755376702,-7.5457730733035255,-6.139121018945496,-6.523540060526228,-4.7640762534498124,-6.699010031392796,-6.263563705538625,-5.6160615574626735,-5.163042831334383,-5.89474805329501,-5.904241804821583,-5.526735683064958,-7.660420906569227,-5.517867604816656,-6.356887740435104,-5.617560723483913,-5.652611137994323,-7.430080974092509,-8.435359012606911,-5.498500573592588,-2.458231099859612,-6.385562948683567,-7.218236697048168,-4.382895686150067,-5.287804420995842,-6.841892495355439,-5.253657995103748,-7.818577092508579,-6.923634870669245,-3.443384000814084,-6.619249274395259,-4.831660405279106,-8.586575992702876,-6.3067511016140605,-6.434085084044608,-7.3455954141376685,-4.046828534958947,-6.024111853078464,-6.996899153688166,-6.290023919668466,-6.5754589600057605,-6.633354105863495,-7.500847337002551,-4.770887470910819,-4.913286073640787,-6.770797941504929,-6.947020962860962,-5.231147525295462,-4.227397877212454,-6.295560293815924,-5.539446511949643,-6.680584876048885,-5.61433109547369,-9.549929134014054,-7.945844426276533,-7.098560031388382,-5.993589804833795,-4.304594481190844,-4.714414237615637,-4.212603695255744,-5.2317038058562675,-6.362731802145484,-5.948695190903297,-3.4108406840523777,-6.264566212536811,-6.447975146905527
-0.973839999421305,-4.94263292711066,-5.909425032651589,-3.9873607824748882,-6.822230174236303,-7.8122932422799805,-7.860948860519558,-5.733762853727489,-5.623967500913551,-5.927375090845009,-6.558115273584344,-6.933706848502226,-2.766921506919247,-6.933675354796491,-6.852492412942525,-7.934815955073733,-5.190316674738333,-7.378637015968547,-5.986884366015165,-5.337107751174097,-5.19701378458499,-6.340582315075435,-6.95063960085522,-7.082435292396711,-7.357894093670334,-6.855368796056098,-8.247725664316707,-6.614326069350914,-3.585154746054096,-7.05681091531301,-6.967566873746282,-7.522260311128391,-5.077862090196953,-6.241444172800522,-8.080441009249418,-11.039150304114475,-4.393556508701778,-7.569443239663037,-6.171025596600598,-6.555326257252292,-4.80709678350942,-6.717616903090306,-6.298057972895498,-5.653081165695563,-5.18808190067375,-5.925427765685882,-5.936366066320153,-5.54748828208594,-7.685687772683507,-5.554889397247937,-6.390688537879856,-5.653167665463015,-5.68704188348357,-7.453834238600542,-8.454520715356727,-5.5211788448768715,-2.509657365211619,-6.419733313777572,-7.249844135264373,-4.414844633525435,-5.32809588685186,-6.8615715937129975,-5.285745403082913,-7.8392988540452215,-6.952170544396388,-3.485002767792599,-6.651422601691835,-4.860669354374016,-8.606788574555289,-6.3444584786773195,-6.466115605317964,-7.3618622259582835,-4.090382857415733,-6.054151191748372,-7.0233271883619794,-6.32244911674581,-6.604804908606971,-6.66115779707,-7.533169994190825,-4.809487216500994,-4.948338139330443,-6.798358787461357,-6.978052429559698,-5.2697220717055275,-4.267598444819587,-6.3278533882833425,-5.578425507990827,-6.707135564984637,-5.65041598269702,-9.564014420195731,-7.963625419818715,-7.1204348377224145,-6.020019500971705,-4.348764861597929,-4.75877720302152,-4.252065272793946,-5.27355436172039,-6.395683213936001,-5.969798946620864,-3.4541010558589242,-6.301014055193533,-6.4804398634103375
-0.9694777725434802,-11.3978229337655,-5.9456326532562125,-4.0310170128442175,-6.839871585756085,-7.831464845897815,-7.880920276803712,-5.756564487463959,-5.657006183905705,-5.951523925400908,-6.586621082159232,-6.961082664103397,-2.816178044366728,-6.964358133848502,-6.887259513310678,-7.95554837171876,-5.223043392104435,-7.392423806400093,-6.018772330629516,-5.37177062049323,-5.239580000103762,-6.3746074375291935,-6.968109993554267,-7.111832040826248,-7.392830417463581,-6.878782596920885,-8.272681264856176,-6.648254598317596,-3.632142717672699,-7.082324484805131,-6.993744794659169,-7.546486500468834,-5.118356592340644,-6.276551433852947,-8.106620747360722,-11.058730733082069,-4.425646344179178,-7.593113406022529,-6.2029301742557115,-6.585951761085252,-4.850117313569013,-6.73622377478781,-6.332552240252347,-5.690100773928477,-5.213120970013117,-5.956107478076753,-5.968490327818723,-5.568240881106897,-7.710954638797782,-5.591911189679162,-6.424489335324602,-5.688774607442155,-5.72147262897286,-7.477182763207833,-8.473682418106545,-5.543857116161118,-2.56108363056365,-6.453903678871594,-7.2814515734805605,-4.446793580900828,-5.3683873527079395,-6.8812506920705,-5.3178328110620905,-7.860020615581889,-6.980706218123556,-3.526621534771065,-6.68359592898838,-4.889678303468964,-8.627001156407763,-6.38216585574056,-6.498146126591346,-7.378129037778886,-4.133937179872481,-6.084190530418304,-7.049755223035805,-6.35487431382318,-6.632515647504887,-6.688961488276495,-7.565492651379086,-4.848086962091182,-4.983390205020073,-6.825919633417785,-7.009083896258415,-5.308296618115631,-4.307799012426694,-6.360146482750774,-5.617404504032043,-6.73356634756738,-5.686500869920281,-9.578099706377397,-7.981406413360891,-7.142309644056496,-6.046449197109601,-4.392935242005014,-4.803140168427452,-4.2915268503321835,-5.315404917584588,-6.428634625726474,-5.9909027023384205,-3.491516598553262,-6.337461897850261,-6.512904579915147
-0.9651155456656556,-7.89404322423547,-5.981840273860856,-4.074673243213559,-6.857512997275862,-7.850636449515608,-7.900891693087866,-5.779366121200404,-5.690044866897839,-5.975672759956844,-6.615126890734114,-6.988458479704533,-2.865434581814209,-6.995040912900488,-6.922026613678867,-7.976280788363761,-5.255770109470499,-7.406210596831664,-6.05066029524388,-5.40643348981235,-5.2821462156224825,-6.408632559982939,-6.9855803862533525,-7.141228789255779,-7.427766741256847,-6.9021963977856915,-8.297636865395646,-6.682183127284254,-3.679130689291277,-7.107838054297226,-7.01992271557205,-7.570712689809252,-5.158851094484412,-6.311658694905366,-8.132800485472002,-11.078311162049719,-4.45773617965654,-7.616783572382071,-6.234834751910825,-6.607527822889251,-4.8931378436286455,-6.754830646485313,-6.367046507609194,-5.727120382161367,-5.2381600393524845,-5.9867871904676555,-6.000614589317293,-5.588993480127854,-7.736221504912099,-5.625528429387561,-6.4582901327693545,-5.724381549421282,-5.755903374462113,-7.490722489782568,-8.492844120856349,-5.566535387445377,-2.612509895915638,-6.488074043965567,-7.313059011696755,-4.478742528276247,-5.408678818563982,-6.900929790428028,-5.342475109284403,-7.880742377118557,-7.009241891850744,-3.568240301749543,-6.715769256284987,-4.918687252563837,-8.647213738260149,-6.4198732328038,-6.53017664786469,-7.394395849599539,-4.177491502329241,-6.114229869088212,-7.076183257709612,-6.387299510900524,-6.660226386402872,-6.716765179483014,-7.597815308567366,-4.886686707681346,-5.018442270709741,-6.85348047937425,-7.040115362957127,-5.346871164525722,-4.347999580033826,-6.391510366921655,-5.656383500073252,-6.759997130150166,-5.722585757143598,-9.59171042998266,-7.999187406903061,-7.1641844503905725,-6.07287889324751,-4.437105622412098,-4.847503133833348,-4.330988427870385,-5.3572554734487605,-6.461586037516991,-6.012006458055988,-3.5289321412475996,-6.373909740506983,-6.5453692964199695
-0.9607533187878309,-4.82248040134067,-6.018047894465523,-4.118329473582888,-6.875154408795619,-7.869808053133456,-7.920863109372032,-5.802167754936899,-5.723083549889981,-5.9998215945127615,-6.643632699308996,-7.01583429530568,-2.9146911192616898,-7.025723691952518,-6.956793714047018,-7.997013205008806,-5.288496826836589,-7.41999738726321,-6.082548259858219,-5.441096359131458,-5.323818085773525,-6.441203307488241,-7.003050778952424,-7.170625537685341,-7.462703065050107,-6.9256101986505225,-8.322592465935102,-6.716111656250935,-3.72611866090988,-7.1240510737353455,-7.046100636484931,-7.594938879149664,-5.19934559662811,-6.346765955957816,-8.14957209989777,-11.09293840989242,-4.489826015133953,-7.64045373874157,-6.266739329565932,-6.629103884693263,-4.936158373688227,-6.773437518182773,-6.401540774966055,-5.7641399903942805,-5.263199108691865,-6.01746690285854,-6.0246755002849275,-5.609746079148824,-7.7614883710263305,-5.658659874038678,-6.492090930214094,-5.759988491400404,-5.790334119951384,-7.50426221635729,-8.512005823606165,-5.589213658729649,-2.6639361612676637,-6.52224440905959,-7.344666449912942,-4.510691475651628,-5.448970284419987,-6.920608888785561,-5.364334630347414,-7.901464138655181,-7.037777565577893,-3.6098590687280705,-6.747942583581575,-4.947696201658747,-8.667426320112586,-6.457580609867033,-6.562207169138065,-7.410662661420142,-4.221045824786002,-6.144269207758113,-7.102611292383413,-6.419724707977869,-6.6879371253008255,-6.744568870689538,-7.6301379657556465,-4.925286453271521,-5.053494336399422,-6.881041325330665,-7.071146829655875,-5.3854457109358,-4.3882001476409584,-6.410953003986502,-5.6953624961144484,-6.786427912732921,-5.7586706443668465,-9.595536308616666,-8.016968400445254,-7.186059256724623,-6.099308589385406,-4.48127600281922,-4.891866099239268,-4.360490107164691,-5.395333074230003,-6.494537449307483,-6.033110213773568,-3.5663476839418866,-6.410357583163749,-6.577834012924792
-0.9563910919100063,-9.27659555816216,-6.054255515070153,-4.161985703952242,-6.8927958203153885,-7.883976161688498,-7.940834525656167,-5.824969388673344,-5.756122232882109,-6.023970429068722,-6.6721385078838775,-7.043210110906815,-2.9639476567091707,-7.05640647100451,-6.991560814415158,-8.01160958546892,-5.315094578437561,-7.433784177694737,-6.11443622447257,-5.47575922845059,-5.3560801971025755,-6.46492686969502,-7.020521171651491,-7.200022286114897,-7.497639388843354,-6.949023999515347,-8.347548066474603,-6.750040185217605,-3.7731066325284957,-7.139298724347685,-7.072278557397799,-7.619165068490101,-5.23565998078626,-6.381873217010284,-8.165486407784197,-11.102233171992216,-4.521915850611378,-7.664123905101075,-6.298643907221021,-6.650679946497238,-4.979178903747809,-6.792044389880289,-6.43603504232294,-5.80115959862717,-5.288238178031232,-6.048146615249411,-6.046528222906528,-5.630498678169806,-7.786755237140635,-5.691791318689806,-6.525891727658816,-5.7955954333795,-5.824764865440655,-7.517801942932013,-8.53116752635595,-5.61189193001392,-2.7153624266196825,-6.556414774153601,-7.37627388812916,-4.542640423027046,-5.489261750276042,-6.940287987143095,-5.386194151410444,-7.922185900191811,-7.0663132393050745,-3.651477835706511,-6.780115910878151,-4.976705150753682,-8.687638901964991,-6.495287986930249,-6.594237690411434,-7.426929473240782,-4.264600147242763,-6.172910662535417,-7.129039327057239,-6.452149905055237,-6.71564786419876,-6.772372561896033,-7.662460622943945,-4.9638861988616965,-5.088546402089078,-6.90860217128713,-7.102178296354579,-5.42402025734584,-4.428400715248117,-6.430395641051286,-5.734341492155677,-6.81285869531567,-5.794755531590152,-9.599362187250666,-8.034749393987449,-7.207934063058706,-6.125738285523278,-4.525446383226317,-4.936229064645163,-4.389688760922217,-5.426892602031956,-6.527488861097987,-6.054213969491136,-3.6037632266362367,-6.446805425820465,-6.610298729429627
-0.9520288650321816,-3.82897397031047,-6.0904631356747965,-4.205641934321571,-6.910437231835146,-7.892815392030821,-7.960805941940328,-5.847771022409826,-5.789160915874287,-6.048119263624639,-6.700644316458772,-7.070585926507987,-3.0132041941566516,-7.087089250056521,-7.026327914783297,-8.022014796899382,-5.337494058325057,-7.4475709681263025,-6.146324189086934,-5.510422097769698,-5.3883423084316515,-6.488650431901787,-7.03799156435055,-7.229419034544454,-7.528721962097115,-6.97243780038014,-8.372503667014078,-6.783968714184281,-3.8200946041470614,-7.154546374960118,-7.098456478310698,-7.6433912578305385,-5.26581835238441,-6.414191638141834,-8.181400715670623,-11.111527934092026,-4.554005686088765,-7.68779407146058,-6.330548484876109,-6.672256008301288,-5.022199433807428,-6.81065126157778,-6.470529309679813,-5.838179206860084,-5.3132772473706185,-6.0788263276402885,-6.068380945528154,-5.651251277190751,-7.812022103254916,-5.724922763340936,-6.559692525103575,-5.83120237535859,-5.859195610929914,-7.531341669506741,-8.550329229105767,-5.634570201298167,-2.7667886919716826,-6.590585139247642,-7.407881326345329,-4.574589370402414,-5.529553216132059,-6.959967085500641,-5.4080536724734545,-7.942907661728473,-7.094848913032211,-3.693096602685001,-6.812289238174707,-5.005714099848568,-8.70785148381744,-6.5329953639934955,-6.6262682116847715,-7.443196285061392,-4.308154469699529,-6.192601174648173,-7.155467361731046,-6.4845751021326254,-6.7433586030967145,-6.800176253102551,-7.6914317833582935,-5.002485944451885,-5.1195413791832785,-6.936163017243551,-7.1332097630533156,-5.462594803755944,-4.468601282855223,-6.447822265378167,-5.773320488196867,-6.839289477898425,-5.830840418813462,-9.603188065884689,-8.052530387529643,-7.232785862798907,-6.1521679816612,-4.569616763633427,-4.978288104986653,-4.418887414679719,-5.458452129833923,-6.5604402728884725,-6.075317725208691,-3.6411787693305246,-6.483253268477187,-6.642763445934425
-0.9476666381543569,-4.3234411377493,-6.12589574879549,-4.249298164690875,-6.9280786433549535,-7.90165462237317,-7.980777358224469,-5.870572656146277,-5.822199598866403,-6.072268098180544,-6.729150125033653,-7.097961742109147,-3.0624607316041077,-7.117772029108526,-7.061095015151499,-8.032420008329817,-5.35989353821251,-7.461357758557854,-6.178212153701272,-5.545084967088818,-5.420604419760702,-6.512373994108528,-7.0554619570496415,-7.258815782973966,-7.553273276725307,-6.995851601244959,-8.397459267553566,-6.817897243150976,-3.8622190641146013,-7.169794025572495,-7.124634399223548,-7.657308669900184,-5.295976723982571,-6.438909008306243,-8.197315023557062,-11.120822696191784,-4.586095521566141,-7.711464237820097,-6.362453062531229,-6.693832070105275,-5.065219963867016,-6.829258133275259,-6.505023577036686,-5.87519881509296,-5.338316316709986,-6.109506040031191,-6.090233668149772,-5.6720038762117335,-7.83728896936921,-5.758054207992058,-6.593493322548296,-5.866809317337723,-5.893626356419186,-7.544881396081458,-8.569490931855553,-5.657248472582413,-2.8182149573237023,-6.62475550434164,-7.4394887645615535,-4.606538317777807,-5.569844681988114,-6.979646183858156,-5.429913193536503,-7.963629423265097,-7.123384586759411,-3.734715369663517,-6.844462565471289,-5.034723048943478,-8.72806406566987,-6.570702741056716,-6.658298732958178,-7.459463096882032,-4.351708792156272,-6.21229168676091,-7.181895396404853,-6.51700029920997,-6.771069341994668,-6.827979944309033,-7.719811014897286,-5.041085690042047,-5.144209367842482,-6.963723863200004,-7.164241229752027,-5.501169350166022,-4.508801850462356,-6.463315430743639,-5.812299484238082,-6.865720260481174,-5.866925306036743,-9.607013944518707,-8.07031138107183,-7.257736763766012,-6.178597677799108,-4.6137871440404865,-5.018465647510427,-4.44808606843722,-5.490011657635913,-6.593391684678996,-6.096421480926272,-3.678594312024849,-6.519701111133896,-6.675228162439279
-0.9433044112765323,-8.86782413296433,-6.160626847665008,-4.292954395060241,-6.945720054874711,-7.9104938527155175,-8.00074877450863,-5.893374289882753,-5.855238281858532,-6.096416932736467,-6.757655933608535,-7.1253375577102815,-3.1117172690515886,-7.148454808160524,-7.095862115519613,-8.04282521976028,-5.382293018099963,-7.475144548989426,-6.210100118315624,-5.57974783640792,-5.452866531089752,-6.524194192444899,-7.07293234974872,-7.288212531403528,-7.577824591353436,-7.019265402109777,-8.422414868093036,-6.851825772117634,-3.8954263233684774,-7.185041676184908,-7.1508123201364215,-7.668492719571356,-5.32613509558074,-6.463626378470695,-8.213229331443458,-11.130117458291592,-4.618185357043553,-7.735134404179608,-6.394357640186337,-6.7154081319092995,-5.108240493926623,-6.847865004972744,-6.539517844393521,-5.912218423325856,-5.363355386049353,-6.140185752422063,-6.112086390771379,-5.692756475232678,-7.862555835483484,-5.791185652643187,-6.627294119993036,-5.902416259316807,-5.928057101908445,-7.558421122656198,-8.588652634605358,-5.6799267438667345,-2.8696412226757086,-6.658925869435675,-7.471096202777741,-4.638487265153176,-5.610136147844131,-6.999325282215671,-5.451772714599533,-7.984351184801764,-7.151920260486567,-3.77633413664197,-6.876635892767865,-5.063731998038376,-8.748276647522312,-6.608410118119963,-6.690329254231504,-7.475729908702659,-4.397531685045973,-6.23198219887366,-7.2083234310786475,-6.5494254962873075,-6.798780080892603,-6.855783635515551,-7.748190246436285,-5.079685435632236,-5.168877356501673,-6.991284709156438,-7.1952726964507505,-5.5397438965761125,-4.549002418069489,-6.478808596109066,-5.8512784802792845,-6.892151043063916,-5.903010193260035,-9.61083982315273,-8.088092374614012,-7.282687664733118,-6.205027373937005,-4.657957524447609,-5.058643190034162,-4.477284722194723,-5.521571185437853,-6.626343096469481,-6.117525236643839,-3.716009854719199,-6.556148953790656,-6.707692878944057
-0.9389421843987076,-9.58687359663072,-6.195357946534476,-4.336610625429558,-6.963361466394524,-7.919333083057897,-8.020720190792776,-5.916175923619192,-5.8806231544954795,-6.120565767292422,-6.786161742183417,-7.152713373311442,-3.149048691976904,-7.179137587212517,-7.13062921588779,-8.043452811869184,-5.404692497987416,-7.488931339420953,-6.241988082929994,-5.614410705727071,-5.485128642418828,-6.534823158395158,-7.090402742447792,-7.317609279833053,-7.602375905981633,-7.042679202974596,-8.447370468632505,-6.876437503682424,-3.918852331163496,-7.200289326797279,-7.176348865963153,-7.679676769242497,-5.356293467178888,-6.488343748635116,-8.229143639329891,-11.139412220391387,-4.65027519252094,-7.758804570539101,-6.4262622178414315,-6.736984193713299,-5.151261023986223,-6.866471876670235,-6.571766747576896,-5.9492380315587825,-5.388394455388727,-6.1708654648129535,-6.131507823466614,-5.713509074253648,-7.8878227015977895,-5.8243170972943155,-6.661094917437788,-5.93802320129594,-5.9624878473977105,-7.57196084923094,-8.607814337355155,-5.702448724303797,-2.921067488027715,-6.6930962345296985,-7.502703640993935,-4.670436212528619,-5.650427613700224,-7.019004380573211,-5.473632235662556,-8.005072946338407,-7.180455934213723,-3.8179529036204602,-6.908809220064466,-5.092740947133299,-8.768489229374717,-6.646117495183197,-6.722359775504885,-7.491996720523268,-4.436845623630158,-6.2516727109864165,-7.234751465752473,-6.5818506933646646,-6.826490819790563,-6.883587326722076,-7.77656947797529,-5.118285181222436,-5.193545345160876,-7.0188455551128905,-7.226304163149473,-5.578318442986166,-4.589202985676609,-6.494301761474512,-5.890257476320476,-6.918581825646678,-5.939095080483346,-9.61466570178673,-8.105873368156212,-7.307638565700236,-6.23145707007487,-4.702127904854656,-5.098820732557941,-4.506483375952212,-5.553130713239831,-6.659294508259985,-6.138628992361382,-3.7534253974134746,-6.592596796447378,-6.740157595448892
-0.934579957520883,-5.39840247359654,-6.230089045403957,-4.380266855798899,-6.98100287791425,-7.928172313400239,-8.040691607076917,-5.938977557355668,-5.900487398631155,-6.14471460184834,-6.814667550758305,-7.180089188912602,-3.1746031594753115,-7.209820366264528,-7.165396316255954,-8.0406933612472,-5.427091977874874,-7.502718129852505,-6.273876047544338,-5.649073575046167,-5.517390753747853,-6.545452124345442,-7.107873135146871,-7.34700602826259,-7.62692722060975,-7.066093003839402,-8.472326069171993,-6.8998616049783665,-3.9422783389585145,-7.215536977409712,-7.191982035106459,-7.690860818913675,-5.386451838777063,-6.51306111879955,-8.245057947216335,-11.148706982491195,-4.68236502799834,-7.782474736898631,-6.458166795496564,-6.758560255517324,-5.194281554045842,-6.885078748367745,-6.595723718641528,-5.986257639791691,-5.413433524728107,-6.201545177203831,-6.140162065734453,-5.734261673274593,-7.913089567712063,-5.857448541945476,-6.694895714882541,-5.973630143275055,-5.996918592886995,-7.585500575805674,-8.620750324277479,-5.711918042441896,-2.9724937533797533,-6.727266599623671,-7.53431107921014,-4.702385159903987,-5.690719079556266,-7.038683478930732,-5.495491756725593,-8.025794707875056,-7.208991607940867,-3.8595716705989753,-6.940982547361029,-5.121749896228197,-8.788701811227154,-6.6838248722464115,-6.7543902967782605,-7.508263532343896,-4.470332161023145,-6.271363223099141,-7.261179500426274,-6.614275890442022,-6.854201558688523,-6.911391017928577,-7.804948709514295,-5.1568849268125865,-5.218213333820061,-7.046406401069286,-7.257335629848203,-5.616892989396269,-4.629403553283735,-6.509794926839928,-5.929236472361697,-6.945012608229457,-5.965419560111171,-9.618491580420747,-8.123654361698401,-7.3325894666673355,-6.257886766212773,-4.746298285261803,-5.138998275081689,-4.535682029709733,-5.5846902410417965,-6.6922459200504765,-6.158341688314868,-3.790840940107799,-6.629044639104081,-6.77262231195369
-0.9302177306430582,-9.92888813696015,-6.264820144273457,-4.423923086168241,-6.998644289434027,-7.937011543742551,-8.06066302336109,-5.961779191092138,-5.92035164276686,-6.166694090630397,-6.843173359333168,-7.207465004513749,-3.200157626973719,-7.234569178170647,-7.194515317600565,-8.03793391062519,-5.44949145776234,-7.516504920284057,-6.305764012158715,-5.683736444365299,-5.549652865076928,-6.556081090295696,-7.125115988373008,-7.3709212227666665,-7.6514785352379295,-7.0895068047042145,-8.494661796951235,-6.923285706274297,-3.965704346753558,-7.230784628022101,-7.2076152042498025,-7.7020448685848475,-5.416610210375231,-6.53777848896399,-8.26097225510275,-11.15800174459096,-4.714454863475778,-7.806144903258142,-6.490071373151616,-6.780136317321355,-5.237302084105468,-6.90368562006523,-6.619680689706191,-6.023277248024567,-5.438472594067474,-6.232224889594715,-6.148816308002249,-5.755014272295581,-7.938356433826338,-5.879434925107645,-6.728696512327275,-6.009237085254152,-6.026552110555669,-7.599040302380397,-8.626670055595746,-5.721387360579989,-3.023920018731766,-6.761436964717713,-7.565918517426303,-4.7343341072793805,-5.731010545412284,-7.058362577288266,-5.517351277788591,-8.04651646941166,-7.237527281668066,-3.901190437577454,-6.973155874657618,-5.150758845323095,-8.80891439307958,-6.721532249309658,-6.78642081805163,-7.524530344164524,-4.503818698416125,-6.291053735211885,-7.287607535100112,-6.64670108751936,-6.881912297586439,-6.939194709135083,-7.824803905038732,-5.195484672402775,-5.242881322479258,-7.073967247025739,-7.288367096546927,-5.654278872888929,-4.6696041208908925,-6.52528809220538,-5.968215468402893,-6.971443390812219,-5.990953037754788,-9.622317459054747,-8.141435355240564,-7.357540367634423,-6.282929860055832,-4.790468665668874,-5.179175817605481,-4.564880683467234,-5.616249768843794,-6.725197331840975,-6.166181113700952,-3.828256482802149,-6.665492481760816,-6.800236357229443
-0.9258555037652336,-8.75329618312016,-6.299551243142943,-4.467579316537558,-7.016285700953815,-7.9458507740849305,-8.080634439645225,-5.984580824828595,-5.940215886902504,-6.177520582213317,-6.871679167908068,-7.234840820114909,-3.225712094472126,-7.2546330910891,-7.218662210627778,-8.035174460003162,-5.471890937649799,-7.530291710715616,-6.33765197677304,-5.718399313684394,-5.581914976405954,-6.566710056245975,-7.129255016085314,-7.389696982475723,-7.676029849866103,-7.112920605569008,-8.5089829826217,-6.946709807570239,-3.9891303545485384,-7.246032278634515,-7.223248373393159,-7.713228918256001,-5.446768581973368,-6.562495859128404,-8.276886562989208,-11.167296506690787,-4.746544698953128,-7.829815069617659,-6.521975950806735,-6.801712379125317,-5.280322614165043,-6.922292491762701,-6.631214648791419,-6.060205519948199,-5.463511663406867,-6.262904601985611,-6.1574705502700935,-5.775766871316544,-7.963623299940606,-5.899285729739049,-6.76249730977204,-6.044844027233267,-6.050358656671896,-7.612580028955106,-8.626357194435393,-5.730856678718076,-3.066838151613843,-6.795607329811711,-7.597525955642522,-4.766283054654761,-5.771302011268351,-7.078041675645806,-5.539210798851627,-8.067238230948334,-7.266062955395222,-3.9428092045559566,-7.005329201954212,-5.179767794418011,-8.82912697493201,-6.7592396263729295,-6.818451339324979,-7.540797155985139,-4.537305235809142,-6.306791421823748,-7.314035569773919,-6.679126284596747,-6.909623036484412,-6.966998400341583,-7.842576422269327,-5.23408441799295,-5.26754931113843,-7.101528092982173,-7.319398563245638,-5.6781619501721154,-4.709804688498019,-6.540781257570795,-6.004837859954545,-6.997874173394962,-6.016486515398429,-9.626143337688777,-8.159216348782746,-7.3813557838143,-6.298092241644631,-4.834639046075984,-5.21935336012921,-4.5940793372247235,-5.647809296645765,-6.758148743631473,-6.1740205390869844,-3.8656720254964743,-6.701940324417544,-6.82207712510164
-0.9214932768874089,-7.80162124713932,-6.334282342012424,-4.503163591720545,-7.033927112473591,-7.954690004427272,-8.096028231548893,-6.007382458565059,-5.960080131038167,-6.188347073796232,-6.90018497648295,-7.262216635716069,-3.2512665619705086,-7.2746970040075345,-7.242809103654983,-8.032415009381166,-5.4942904175372576,-7.544078501147156,-6.369539941387385,-5.753062183003564,-5.614177087735036,-6.577339022196246,-7.1333940437976135,-7.408472742184735,-7.689887844279795,-7.126471162820185,-8.523304168292201,-6.970133908866156,-4.012556362343569,-7.261279929246935,-7.23888154253649,-7.7244129679271545,-5.476926953571524,-6.587213229292832,-8.292800870875602,-11.176591268790538,-4.778634534430522,-7.853485235977145,-6.553880528461843,-6.823288440929367,-5.3233431442246495,-6.940899363460174,-6.641834952654918,-6.086528665588975,-5.488550732746234,-6.2935843143764885,-6.166124792537882,-5.796519470337495,-7.988890166054912,-5.919136534370427,-6.791231420872975,-6.080450969212394,-6.074165202788115,-7.626119755529835,-8.621609411909665,-5.740325996856187,-3.1076076295973776,-6.8236979427243325,-7.629133393858734,-4.798232002030174,-5.811593477124381,-7.0977207740033395,-5.561070319914638,-8.087347206000622,-7.288094470288758,-3.984427971534422,-7.036086229470229,-5.208776743512947,-8.849339556784432,-6.796947003436145,-6.850481860598373,-7.557063967805792,-4.570791773202109,-6.313105728898685,-7.343626443109354,-6.711551481674104,-6.937333775382371,-6.994802091548114,-7.860348939499961,-5.272684163583138,-5.292217299797615,-7.12908893893862,-7.3504300299443734,-5.7020450274552585,-4.750005256105139,-6.556274422936273,-6.030433199987818,-7.024304955977716,-6.042019993042065,-9.629969216322795,-8.176997342324977,-7.395615144112468,-6.307117141339951,-4.873761267655143,-5.259530902652965,-4.623277990982225,-5.679368824447693,-6.791100155421964,-6.181859964473074,-3.8991801510581503,-6.738388167074298,-6.843917892973843
-0.9171310500095843,-5.40139757219373,-6.369013440881917,-4.536110496879708,-7.051568523993361,-7.963529234769621,-8.102563641621444,-6.030184092301522,-5.979944375173866,-6.199173565379139,-6.928690785057807,-7.287670206468629,-3.2768210294689153,-7.2925262360690315,-7.266955996682245,-8.029655558759181,-5.511115363375875,-7.557865291578701,-6.401427906001737,-5.787725052322654,-5.64643919906408,-6.5879679881465,-7.137533071509894,-7.427248501893778,-7.701031833902968,-7.136473745811067,-8.533261884515863,-6.9935580101621175,-4.0359823701386,-7.276527579859337,-7.25451471167982,-7.735597017598339,-5.507085325169704,-6.611930599457247,-8.308715178762048,-11.185886030890353,-4.810724369907915,-7.877155402336688,-6.58578510611695,-6.8448645027333725,-5.366363674284232,-6.953844188118921,-6.652455256518404,-6.112851811229751,-5.513589802085576,-6.324264026767391,-6.1747790348057086,-5.817272069358472,-8.01415703216921,-5.938987339001805,-6.811598505693829,-6.116057911191502,-6.0979717489043415,-7.6396594821045385,-8.616861629383953,-5.749795314994274,-3.148377107580963,-6.847149547254424,-7.660740832074914,-4.830180949405561,-5.851884942980399,-7.117399872360848,-5.582929840977668,-8.106538016578424,-7.305913393501643,-4.026046738512912,-7.057518709436102,-5.237785692607838,-8.86955213863687,-6.833678486789777,-6.882512381871705,-7.573330779626376,-4.604278310595096,-6.319420035973622,-7.373232403412039,-6.74397667875143,-6.9650445142802875,-7.022605782754608,-7.878121456730606,-5.311283909173345,-5.3168852884568,-7.156649784895047,-7.3814614966430785,-5.72592810473842,-4.790205823712271,-6.571767588301657,-6.048790592404167,-7.0497784612148955,-6.067553470685714,-9.633795094956799,-8.182109280163413,-7.4098745044106735,-6.316142041035289,-4.907208001727049,-5.299708445176731,-4.652476644739746,-5.710928352249677,-6.824051567212469,-6.189699389859144,-3.9325258081483554,-6.77058610772696,-6.865758660846045
-0.9127688231317596,-7.78207228233175,-6.403744539751435,-4.569057402038909,-7.0692099355131495,-7.972368465112006,-8.109099051693953,-6.052985726037967,-5.999808619309522,-6.210000056962034,-6.957196593632707,-7.304256470129909,-3.302375496967348,-7.299079794505395,-7.282399338222901,-8.026896108137148,-5.520020225710265,-7.57165208201026,-6.429397671860672,-5.822387921641755,-5.678701310393118,-6.598596954096778,-7.1416720992221805,-7.446024261602833,-7.712175823526148,-7.146476328801937,-8.534082746263046,-7.005696666749365,-4.059408377933618,-7.291775230471739,-7.270147880823164,-7.74678106726948,-5.537243696767866,-6.636647969621693,-8.324629486648487,-11.194622151255624,-4.842814205385353,-7.900825568696186,-6.617689683772057,-6.866440564537365,-5.396036579770401,-6.958956854612564,-6.663075560381934,-6.139174956870533,-5.538628871424975,-6.343276384852657,-6.183433277073529,-5.8380246683794415,-8.039423898283479,-5.958838143633215,-6.831965590514652,-6.151664853170605,-6.121778295020574,-7.653199208679274,-8.61211384685823,-5.759264633132348,-3.189146585564491,-6.870601151784539,-7.692348270291115,-4.862129896780966,-5.892176408836441,-7.137078970718394,-5.604789362040717,-8.125728827156195,-7.323732316714534,-4.0676655054913775,-7.078951189401981,-5.266794641702774,-8.888136181375353,-6.86059180853235,-6.914542903145099,-7.589597591447035,-4.63776484798807,-6.325734343048565,-7.402838363714705,-6.765637390824605,-6.990299894360707,-7.0504094739611265,-7.895893973961202,-5.3498836547635324,-5.341553277115992,-7.184210630851506,-7.412492963341802,-5.749811182021613,-4.830406391319397,-6.5766932214086316,-6.063621676217956,-7.065415099887706,-6.0930869483293435,-9.637620973590804,-8.186429084574007,-7.424133864708854,-6.325166940730622,-4.940654735798944,-5.339885987700523,-4.681675298497223,-5.7424878800516375,-6.857002979002954,-6.197538815245215,-3.9658714652385605,-6.796255475015833,-6.887599428718241
-0.9084065962539349,-4.02109253556378,-6.438475638620903,-4.602004307198109,-7.0868513470329,-7.981207695454305,-8.115634461766481,-6.075787359774462,-6.019672863445196,-6.220826548544961,-6.985702402207576,-7.320842733791213,-3.327929964465767,-7.305633352941727,-7.293002541202451,-8.024136657515157,-5.528925088044706,-7.5854388724418245,-6.45717738625943,-5.857050790960919,-5.709362793950619,-6.609225920047063,-7.145811126934461,-7.46480002131187,-7.723319813149303,-7.156478911792818,-8.534903608010204,-7.015589301111477,-4.0828343857286304,-7.3070228810841344,-7.2765782201644065,-7.757965116940627,-5.567402068366015,-6.661365339786126,-8.340543794534915,-11.190334663957291,-4.874904040862728,-7.924495735055704,-6.649594261427134,-6.88801662634139,-5.423891548572361,-6.964069521106233,-6.673695864245426,-6.165498102511303,-5.563667940764355,-6.360426438333702,-6.192087519341368,-5.858777267400399,-8.061187519237917,-5.978688948264562,-6.8523326753354805,-6.187271795149719,-6.145584841136787,-7.6667389352540205,-8.607366064332508,-5.768733951270447,-3.229916063548038,-6.894052756314631,-7.723955708507289,-4.894078844156359,-5.932467874692496,-7.15675806907589,-5.626648883103734,-8.144919637733985,-7.341551239927376,-4.109284272469887,-7.100383669367816,-5.29580359079764,-8.897506217447592,-6.887505130274923,-6.94657342441845,-7.605864403267651,-4.671251385381062,-6.332048650123522,-7.432444324017377,-6.78726372502368,-7.0044373632312595,-7.078213165167633,-7.913666491191842,-5.387751690353446,-5.3662212657752075,-7.211771476807947,-7.44352443004052,-5.77369425930475,-4.8706069589265235,-6.581386582179663,-6.078452760031763,-7.077307116174383,-6.118620425972991,-9.641446852224822,-8.190748888984599,-7.438393225007042,-6.334191840425972,-4.974101469870838,-5.373873890344403,-4.710873952254718,-5.774047407853609,-6.885566178043358,-6.205378240631273,-3.999217122328753,-6.810949008331507,-6.909440196590457
-0.9040443693761102,-5.95425660421439,-6.469935750594449,-4.634951212357315,-7.1044927585526825,-7.978062430718299,-8.122169871839,-6.098588993510925,-6.037331499255216,-6.231653040127869,-7.014208210782452,-7.337428997452487,-3.353484431964162,-7.3121869113780775,-7.303605744182051,-8.021377206893167,-5.537829950379097,-7.596720418299741,-6.48495710065817,-5.888230755171268,-5.727983005845536,-6.619854885997334,-7.149950154646767,-7.483575781020925,-7.73446380277247,-7.166481494783713,-8.53572446975736,-7.0254819354735965,-4.106260393523668,-7.32227053169651,-7.278605651120064,-7.768471258970112,-5.585920352626584,-6.686082709950548,-8.356458102421334,-11.18604717665896,-4.90699387634011,-7.941011331751366,-6.681498839082291,-6.909592688145383,-5.4424958102499,-6.969182187599902,-6.684316168108899,-6.19182124815206,-5.588707010103729,-6.377576491814786,-6.200741761609176,-5.879529866421356,-8.075568754449735,-5.998539752895953,-6.872699760156316,-6.222878737128847,-6.169391387252994,-7.680278661828774,-8.60261828180681,-5.778203269408559,-3.2706855415315665,-6.9175043608447275,-7.755563146723489,-4.92602779153174,-5.963319403775237,-7.176437167433442,-5.648351713899714,-8.164110448311769,-7.345877283419325,-4.150903039448365,-7.121816149333695,-5.324812539892551,-8.900559630376288,-6.914418452017503,-6.978603945691812,-7.617894443480576,-4.704737922774036,-6.338362957198452,-7.462050284320018,-6.806589725465662,-7.018574832101832,-7.093509306112854,-7.931439008422463,-5.412705403346348,-5.390889254434386,-7.2393323227643736,-7.474555896739255,-5.797577336587913,-4.908533696093402,-6.586079942950706,-6.093283843845552,-7.07931205370873,-6.144153903616621,-9.645272730858833,-8.1907178569199,-7.452652585305235,-6.343216740121274,-5.007548203942744,-5.403178708490382,-4.740072606012251,-5.805606935655587,-6.9076362106729565,-6.2132176660173375,-4.032562779418959,-6.823021071049631,-6.9312809644626405
-0.8996821424982856,-8.05301691173596,-6.500472270820115,-4.667898117516509,-7.122134170072453,-7.973244190145333,-8.128705281911559,-6.114655188422108,-6.0462512965767345,-6.242479531710764,-7.042714019357352,-7.354015261113792,-3.379038899462569,-7.318740469814453,-7.314208947161601,-8.018617756271157,-5.5467348127135185,-7.596804432581119,-6.504336841870706,-5.898240434817847,-5.746603217740483,-6.630483851947625,-7.154089182359054,-7.502351540729962,-7.745607792395631,-7.176484077774557,-8.536545331504518,-7.035374569835709,-4.129686401318685,-7.337518182308925,-7.280633082075717,-7.778087004975329,-5.6024196072427825,-6.710800080114969,-8.372372410307724,-11.181759689360634,-4.939083711817516,-7.943825398847336,-6.713403416737354,-6.9311687499493955,-5.461100071927452,-6.974294854093564,-6.694936471972398,-6.218144393792879,-5.6137460794430964,-6.394726545295825,-6.209396003877021,-5.886803777734511,-8.08425916384963,-6.012703878885908,-6.8930668449771515,-6.258485679107962,-6.193197933369221,-7.693818388403496,-8.597870499281068,-5.787672587546621,-3.3114550195151518,-6.940955965374838,-7.787170584939708,-4.957976738907165,-5.992701347242371,-7.196116265790982,-5.656497234110364,-8.174012069213497,-7.350045944909711,-4.192521806426874,-7.1345213036978885,-5.353821488987474,-8.896245106439967,-6.941331773760076,-7.001122303190611,-7.620466754828455,-4.738224460167009,-6.344677264273389,-7.484029756429109,-6.814512304161802,-7.032712300972366,-7.107658026300589,-7.949211525653109,-5.437659116339251,-5.415557243093565,-7.266893168720826,-7.505587363437966,-5.821460413871074,-4.9377901462352956,-6.590773303721712,-6.108114927659335,-7.081316991243127,-6.169687381260269,-9.649098609492858,-8.184103570814207,-7.466911945603416,-6.352241639816643,-5.0409949380146015,-5.429688889640824,-4.76927125976974,-5.837166463457552,-6.9297062433025545,-6.221057091403408,-4.065908436509139,-6.8350931337677485,-6.9531217323348615
-0.8953199156204609,-9.68801323863392,-6.520044864846775,-4.700845022675696,-7.13977558159226,-7.9684259495723975,-8.134963247479433,-6.123708555254184,-6.055171093898273,-6.253306023293691,-7.071219827932222,-7.370601524775053,-3.404593366960995,-7.3252940282507915,-7.324812150141138,-8.015858305649141,-5.555639675047947,-7.596888446862471,-6.521149066731069,-5.908250114464413,-5.765223429635394,-6.64111281789786,-7.158228210071346,-7.521127300439012,-7.756751782018798,-7.186486660765427,-8.537366193251684,-7.0452672041978035,-4.153112409113679,-7.352765832921326,-7.282660513031368,-7.780714956516637,-5.618918861858987,-6.735517450279403,-8.38828671819418,-11.177472202062258,-4.971173547294928,-7.9428421111373515,-6.7453079943924745,-6.952534350325862,-5.479704333605003,-6.979407520587234,-6.705556775835903,-6.244467539433637,-5.638785148782439,-6.411876598776914,-6.218050246144829,-5.893840493361051,-8.084887115550377,-6.021574031743278,-6.913433929797974,-6.2861522056081265,-6.217004479485453,-7.701839106396397,-8.593122716755378,-5.797141905684701,-3.348166731523521,-6.964407569904923,-7.818778023155914,-4.989925686282533,-6.012943469386418,-7.207528469802193,-5.664642754320982,-8.168565644395317,-7.354214606400073,-4.234140573405333,-7.1422150825156265,-5.38283043808239,-8.89193058250366,-6.968245095502649,-7.017362851874316,-7.623039066176309,-4.771710997560002,-6.350991571348339,-7.502664475005225,-6.822434882857954,-7.045718677595669,-7.1214610264957425,-7.961668800957054,-5.462612829332197,-5.440225231752749,-7.2944540146772665,-7.536618830136702,-5.8453434911542175,-4.9670465963771955,-6.59546666449273,-6.122946011473148,-7.08332192877748,-6.195220858903918,-9.649556722874674,-8.177489284708486,-7.481171305901615,-6.361266539511969,-5.074441672086521,-5.445226515739172,-4.7894713337176995,-5.868725991259505,-6.9517762759321275,-6.228896516789485,-4.094820769973415,-6.847165196485866,-6.974962500207039
-0.8909576887426363,-6.229220327745,-6.539617458873372,-4.733791927834884,-7.1574169931120295,-7.963607708999419,-8.137293847282473,-6.132761922086253,-6.064090891219829,-6.264132514876573,-7.0997256365071095,-7.387187788436352,-3.4301478344594027,-7.331847586687142,-7.335415353120701,-8.013098855027145,-5.564544537382324,-7.596972461143836,-6.53796129159142,-5.918259794110967,-5.783843641530323,-6.6517417838481325,-7.162367237783658,-7.539903060148055,-7.767895771641977,-7.196489243756339,-8.538187054998854,-7.055159838559954,-4.1765384169087225,-7.368013483533734,-7.284687943986984,-7.779302866270127,-5.635418116475192,-6.754811507146261,-8.404201026080626,-11.173184714763925,-4.996251027176088,-7.941858823427348,-6.777212572047582,-6.96026431607924,-5.498308595282536,-6.98452018708089,-6.716177079699396,-6.270790685074418,-5.663824218121831,-6.429026652257959,-6.226704488412674,-5.900877208987641,-8.085515067251167,-6.030444184600635,-6.933801014618822,-6.307950352645584,-6.240811025601685,-7.701558353460909,-8.58837493422966,-5.806611223822807,-3.3751086787295517,-6.987859174435026,-7.845132340173703,-5.02187463365792,-6.028522405679944,-7.213400348651392,-5.672788274531612,-8.163012151967838,-7.358383267890453,-4.275759340383855,-7.149908861333421,-5.4118393871773005,-8.887616058567389,-6.995158417245235,-7.02460746428489,-7.625611377524194,-4.802227190942154,-6.357305878423282,-7.521299193581328,-6.830357461554094,-7.055655442452454,-7.124549532555742,-7.96561985539568,-5.487566542325106,-5.464893220411934,-7.322014860633707,-7.567650296835432,-5.869226568437385,-4.996303046519095,-6.600160025263748,-6.137777095286931,-7.085326866311845,-6.220754336547553,-9.639551741113477,-8.170874998602805,-7.4954306661997965,-6.370291439207314,-5.107888406158408,-5.460764141837497,-4.804866298736545,-5.900285519061496,-6.973846308561694,-6.236735942175581,-4.114340708550014,-6.859237259203995,-6.983880137164696
-0.8865954618648115,-9.55171782585092,-6.5591900529000196,-4.753618547551465,-7.1656081190092085,-7.958789468426452,-8.139624447085543,-6.141815288918341,-6.0730106885413795,-6.274959006459525,-7.128231445082004,-7.3972243988362605,-3.4557023019578406,-7.338401145123493,-7.346018556100251,-8.010339404405167,-5.573886938462083,-7.597056475425214,-6.5448605770677855,-5.928269473757534,-5.802463853425258,-6.6623707497983915,-7.16650626549597,-7.558678819857092,-7.779039761265132,-7.198662372206462,-8.539007916746005,-7.065052472922047,-4.199964424703746,-7.383261134146124,-7.286715374942666,-7.777890776023605,-5.651917371091396,-6.765640919315782,-8.420115333967052,-11.1688972274656,-5.0144606098020255,-7.9408755357173515,-6.809117149702677,-6.967994281832636,-5.516912856960094,-6.989632853574553,-6.726797383562919,-6.297113830715175,-5.688863287461192,-6.440874311930903,-6.235358730680488,-5.907913924614149,-8.086143018951944,-6.039314337458036,-6.954168099439638,-6.3261813224289805,-6.264617571717893,-7.7012776005253825,-8.583627151703933,-5.816080541960893,-3.4020506259355514,-7.011310778965117,-7.862850995146727,-5.053823581033326,-6.044101341973483,-7.219272227500586,-5.680933794742237,-8.157458659540383,-7.36255192938084,-4.317378107362339,-7.157602640151191,-5.437840638600779,-8.883301534631075,-7.022071738987796,-7.031852076695501,-7.628183688872049,-4.824612192115518,-6.363620185498195,-7.539933912157425,-6.838280040250252,-7.065592207309271,-7.127638038615748,-7.969570909834363,-5.512520255318039,-5.486596885150518,-7.349575706590122,-7.5986817635341435,-5.893109645720535,-5.025559496661027,-6.604853386034767,-6.152608179100714,-7.087331803846222,-6.234824737678777,-9.629546759352312,-8.164260712497102,-7.509690026497977,-6.379316338902633,-5.141335140230303,-5.476301767935846,-4.820261263755385,-5.922846594959831,-6.9872208252053944,-6.244575367561613,-4.133860647126636,-6.871309321922088,-6.99186931308569
-0.8822332349869869,-5.53865621878928,-6.567300415850659,-4.772647328839078,-7.169313524412445,-7.953971227853473,-8.1419550468886,-6.150868655750436,-6.081930485862917,-6.285785498042408,-7.156737253656873,-7.3998605229178835,-3.4812567694562295,-7.344954703559856,-7.356621759079814,-8.007579953783134,-5.586109331621514,-7.597140489706554,-6.547739050113337,-5.9382791534041,-5.821084065320206,-6.672999715748689,-7.1706452932082385,-7.577454579566129,-7.790183750888318,-7.197532689664983,-8.539828778493181,-7.07494510728416,-4.223390432498765,-7.398508784758538,-7.288742805898319,-7.776478685777094,-5.668416625707564,-6.776470331485296,-8.43602964185346,-11.164609740167261,-5.032670192427932,-7.939892248007387,-6.841021727357766,-6.975724247586014,-5.535517118637639,-6.99474552006824,-6.737417687426387,-6.3133904980273385,-5.713902356800566,-6.446879660029517,-6.24401297294829,-5.9149506402407015,-8.08677097065269,-6.048184490315411,-6.971624967176216,-6.336826222210269,-6.288424117834125,-7.7009968475899,-8.578879369178209,-5.825549860098974,-3.4289925731415885,-7.027196866277899,-7.880569650119701,-5.0857725284087065,-6.059680278267015,-7.227519834789939,-5.689079314952848,-8.151905167112949,-7.366720590871202,-4.349187851385604,-7.165296418968968,-5.452882189780028,-8.878987010694798,-7.03938129643116,-7.039096689106069,-7.630756000219922,-4.846997193288864,-6.369934492573138,-7.558568630733515,-6.846202618946392,-7.075528972166037,-7.130726544675729,-7.973521964272982,-5.537473968310954,-5.497297264553546,-7.370554867074121,-7.623714639799682,-5.916992723003678,-5.04230180638668,-6.609546746805785,-6.167439262914534,-7.089336741380613,-6.246432016622639,-9.619541777591133,-8.157646426391423,-7.523949386796164,-6.388341238597978,-5.17478187430219,-5.491839394034188,-4.835656228774205,-5.940467915064685,-6.99535117406875,-6.252414792947696,-4.153380585703241,-6.8833813846402,-6.99985848900669
-0.8778710081091622,-8.25857227810694,-6.572878618766935,-4.791676110126677,-7.173018929815656,-7.949152987280513,-8.144285646691673,-6.159922022582518,-6.090850283184436,-6.296611989625322,-7.1852430622317485,-7.402496646999481,-3.50681123695463,-7.3515082619962255,-7.367224962059401,-8.004820503161136,-5.598331724780938,-7.597224503987957,-6.550617523158906,-5.948288833050654,-5.839704277215117,-6.683628681698961,-7.174784320920525,-7.596230339275184,-7.8013277405114785,-7.1964030071234735,-8.540649640240364,-7.084837741646254,-4.246816440293771,-7.413756435370921,-7.290770236853958,-7.775066595530553,-5.684915880323755,-6.787299743654835,-8.451943949739913,-11.160322252868928,-5.050879775053857,-7.938908960297365,-6.86993013516375,-6.9834542133393676,-5.554121380315209,-6.999858186561852,-6.748037991289891,-6.32571232046636,-5.731956342377511,-6.452885008128145,-6.2526672152161344,-5.921987355867285,-8.087398922353444,-6.057054643172768,-6.980780379548333,-6.347471121991584,-6.306840123602319,-7.700716094654437,-8.574131586652486,-5.835019178237066,-3.455934520347613,-7.036634999830503,-7.898288305092693,-5.117721475784106,-6.075259214560567,-7.23569781990162,-5.697224835163473,-8.146351674685487,-7.370889252361557,-4.376804132486004,-7.172990197786725,-5.467923740959258,-8.874672486758472,-7.052291127267247,-7.046341301516674,-7.633328311567788,-4.869382194462279,-6.376248799648088,-7.577203349309575,-6.854125197642519,-7.085465737022815,-7.133815050735704,-7.977473018711615,-5.5550651019296895,-5.505941917116978,-7.386922203365908,-7.64072496322304,-5.940875800286852,-5.0575690159872995,-6.6142401075768165,-6.182270346728309,-7.091341678914947,-6.258039295566481,-9.609536795829973,-8.151032140285725,-7.538208747094376,-6.397366138293316,-5.2062697387132255,-5.507377020132525,-4.85105119379307,-5.9580892351695836,-7.003481522932143,-6.260254218333773,-4.172900524279845,-6.895453447358329,-7.007847664927722
-0.8735087812313376,-8.23421746934722,-6.578456821683234,-4.8107048914142965,-7.1767243352189,-7.944334746707566,-8.14661624649471,-6.153049623762744,-6.0997700805059925,-6.307438481208229,-7.213748870806643,-7.40513277108111,-3.532365704453044,-7.358061820432558,-7.377828165038938,-8.00206105253914,-5.610554117940344,-7.597308518269284,-6.553495996204483,-5.958298512697227,-5.85832448911009,-6.69332913149465,-7.178923348632812,-7.6150060989842085,-7.808459757537314,-7.195273324581988,-8.54147050198749,-7.0947303760083855,-4.270242448088783,-7.420225264297581,-7.292797667809586,-7.773654505284061,-5.6774077208003835,-6.798129155824336,-8.467858257626345,-11.156034765570615,-5.069089357679769,-7.937925672587393,-6.887729805301629,-6.991184179092739,-5.572725641992736,-7.004970853055508,-6.758658295153384,-6.338034142905407,-5.742910131594013,-6.4588903562267905,-6.261321457483936,-5.929024071493825,-8.088026874054208,-6.065924796030139,-6.989935791920425,-6.358116021772873,-6.316553543666765,-7.7004353417189115,-8.56938380412677,-5.844488496375165,-3.482876467553613,-7.046073133383108,-7.914300979850005,-5.141616592423378,-6.090838150854086,-7.240610436268942,-5.705370355374122,-8.140798182258015,-7.375057913851968,-4.404420413586362,-7.180683976604483,-5.482965292138482,-8.870357962822183,-7.065200958103359,-7.053585913927285,-7.635900622915661,-4.891767195635668,-6.382563106723037,-7.586131225816782,-6.862047776338677,-7.095402501879594,-7.136903556795722,-7.98142407315026,-5.568773537869183,-5.487516618360654,-7.403289539657708,-7.656122435249147,-5.9586165976030605,-5.072836225587882,-6.6189334683478345,-6.197101430542098,-7.093346616449331,-6.269646574510354,-9.599531814068776,-8.144417854179995,-7.552468107392544,-6.406391037988649,-5.225606461247893,-5.522914646230856,-4.866446158811909,-5.975710555274488,-7.011611871795542,-6.2680936437198245,-4.192420462856493,-6.9075255100764466,-7.015836840848741
-0.869146554353513,-4.50632113713583,-6.584035024599498,-4.829733672701921,-7.1604851511099445,-7.939516506134593,-8.1489468462978,-6.132903615646664,-6.108689877827518,-6.318264972791125,-7.242254679381518,-7.407768895162752,-3.557920171951457,-7.364615378868933,-7.388431368018519,-7.999301601917106,-5.62277651109975,-7.597392532550649,-6.556374469250059,-5.944488517748356,-5.876944701004975,-6.699404117591799,-7.18306237634513,-7.6337818586932515,-7.815313720778505,-7.194143642040497,-8.542291363734655,-7.104623010370498,-4.293668455883832,-7.42132685538097,-7.294825098765243,-7.772242415037563,-5.6647466411618055,-6.8089585679938445,-8.47962580974836,-11.151747278272252,-5.087298940305676,-7.936942384877397,-6.905529475439509,-6.998914144846099,-5.591329903670281,-7.010083519549215,-6.769278599016895,-6.350355965344436,-5.753863920810548,-6.46489570432543,-6.269975699751757,-5.936060787120371,-8.088654825754961,-6.074794948887514,-6.999091204292574,-6.368760921554168,-6.326266963731222,-7.700154588783448,-8.564636021601066,-5.853957814513278,-3.5098184147596374,-7.055511266935706,-7.920689908508003,-5.159415895325055,-6.106417087147638,-7.245523052636251,-5.713515875584746,-8.135244689830554,-7.379226575342342,-4.432036694686743,-7.188377755422284,-5.498006843317688,-8.86604343888587,-7.078110788939434,-7.060830526337859,-7.617529421516747,-4.914152196809058,-6.388877413797981,-7.590624473751543,-6.869970355034823,-7.105339266736366,-7.139992062855703,-7.985375127588905,-5.5824819738086715,-5.4690913196043605,-7.419656875949501,-7.6618025670447105,-5.95325303819656,-5.088103435188502,-6.623626829118859,-6.211932514355893,-7.095351553983696,-6.281253853454215,-9.589526832307596,-8.137803568074304,-7.566727467690763,-6.4154159376839806,-5.244943183782548,-5.538452272329211,-4.8818411238307675,-5.993331875379368,-7.019742220658935,-6.275933069105914,-4.211940401433097,-6.919597572794564,-7.023826016769772
-0.8647843274756883,-7.01066269019036,-6.589613227515773,-4.84876245398952,-7.134868950070613,-7.9346982655616145,-8.151277446100845,-6.112757607530552,-6.117609675149074,-6.329091464374026,-7.259973750314067,-7.410405019244375,-3.5834746394498644,-7.371168937305278,-7.3990345709980385,-7.99654215129511,-5.634998904259181,-7.597476546832021,-6.559252942295623,-5.925195401323967,-5.895564912899911,-6.705479103688965,-7.187201404057411,-7.6525576184022945,-7.822167684019665,-7.193013959499018,-8.543112225481826,-7.114515644732624,-4.317094463678838,-7.422428446464366,-7.29685252972089,-7.770830324791034,-5.65208556152322,-6.819787980163377,-8.481300742414513,-11.147459790973919,-5.105508522931613,-7.935959097167412,-6.923329145577357,-7.006644110599477,-5.6099341653478385,-7.015196186042865,-6.779898902880394,-6.362677787783464,-5.764817710027076,-6.47090105242407,-6.278629942019595,-5.9430975027469355,-8.089282777455745,-6.062586047892162,-6.984789924502073,-6.379405821335507,-6.3346096962716585,-7.6854309390651725,-8.559888239075343,-5.863427132651351,-3.536760361965662,-7.064949400488285,-7.927078837166015,-5.17721519822672,-6.111880990235989,-7.25043566900356,-5.7216613957953335,-8.129691197403114,-7.383395236832685,-4.4596529757871,-7.188914254646699,-5.5130483944969555,-8.86172891494958,-7.091020619775559,-7.0680751387484575,-7.590784975375481,-4.911640700295499,-6.395191720872911,-7.59511772168626,-6.877892933730975,-7.115276031593163,-7.143080568915696,-7.989326182027556,-5.596190409748178,-5.450666020848035,-7.436024212241275,-7.667482698840238,-5.942998864278714,-5.103370644789097,-6.628320189889884,-6.226763598169713,-7.097356491518043,-6.29286113239807,-9.579521850546431,-8.131189281968625,-7.580986827988937,-6.418436872268496,-5.264279906317185,-5.529347140887821,-4.897236088849601,-6.0109531954842845,-7.0278725695223025,-6.283772494491941,-4.231460340009708,-6.931669635512688,-7.016701539856194
-0.8604221005978636,-6.26433818074164,-6.595191430432055,-4.867791235277164,-7.1092527490313,-7.929880024988673,-8.135362961729118,-6.092611599414434,-6.126529472470619,-6.339917955956978,-7.250861604672753,-7.413041143326004,-3.6090291069482525,-7.377722495741597,-7.409637773977626,-7.974521614554317,-5.647221297418587,-7.597560561113386,-6.5621314153411925,-5.905902284899547,-5.899290514569618,-6.711554089786133,-7.187947902304581,-7.65843343765581,-7.82902164726087,-7.191884276957502,-8.543933087228977,-7.124408279094723,-4.340520471473838,-7.423530037547787,-7.298879960676535,-7.769418234544524,-5.63942448188463,-6.830617392332885,-8.457396496992844,-11.143172303675575,-5.123718105557532,-7.934975809457397,-6.941128815715249,-7.014374076352842,-5.628538427025402,-7.020308852536528,-6.790519206743873,-6.373264266962416,-5.775771499243597,-6.476906400522697,-6.287284184287428,-5.950134218373475,-8.089910729156504,-6.04199710219525,-6.964497835979941,-6.390050721116777,-6.3147678845890916,-7.655658717740218,-8.555140456549621,-5.872896450789425,-3.540791967936215,-7.074387534040882,-7.923902681435268,-5.195014501128392,-6.097947347739243,-7.255348285370856,-5.729806916005976,-8.124137704975647,-7.387563898323071,-4.4872692568874815,-7.1670810273994885,-5.520676870706105,-8.857414391013291,-7.094257100244148,-7.075319751159031,-7.564040529234185,-4.904585223672799,-6.394119163561739,-7.583025479867413,-6.885815512427109,-7.125212796449917,-7.1461690749757025,-7.99327723646617,-5.606325079925942,-5.432240722091705,-7.4464994050557305,-7.673162830635809,-5.9233285304092576,-5.118637854389704,-6.626661644041922,-6.241594681983489,-7.099361429052445,-6.304468411341905,-9.569516868785245,-8.124574995862915,-7.594415970908969,-6.397929140287673,-5.2836166288518465,-5.515443051493509,-4.912631053868441,-6.028574515589176,-7.036002918385702,-6.291611919878061,-4.24698303720453,-6.943741698230799,-6.995202519196651
-0.856059873720039,-9.41888455922212,-6.600769633348355,-4.8868200165647515,-7.0836365479919925,-7.925061784415682,-8.108076172583957,-6.072465591298347,-6.135449269792175,-6.3507444475398485,-7.235495679191913,-7.386524933879419,-3.634583574446679,-7.362830271165865,-7.3935742874327,-7.942149755073642,-5.659443690578011,-7.589532433771766,-6.565009888386763,-5.886609168475126,-5.888276914667742,-6.705295395155103,-7.162396739215679,-7.642549816829407,-7.835875610502036,-7.190128524504597,-8.54475394897616,-7.134300913456842,-4.3536369558616945,-7.42463162863122,-7.3009073916322,-7.756462420311671,-5.626763402246051,-6.8414468045024295,-8.429489989942361,-11.110077645065196,-5.141927688183451,-7.933992521747425,-6.95892848585311,-7.022104042106214,-5.647142688702935,-7.02542151903019,-6.801139510607379,-6.355887775698747,-5.786725288460113,-6.482911748621337,-6.295938426555236,-5.957170934000028,-8.090538680857263,-6.021408156498319,-6.9442057474578025,-6.400695620898104,-6.294926072906486,-7.62588649641524,-8.547420825701987,-5.882365768927524,-3.5355010356244945,-7.083825667593486,-7.9006316748735,-5.212813804030044,-6.08401370524251,-7.260260901738183,-5.737952436216607,-8.118584212548205,-7.391732559813452,-4.506385639691939,-7.145247800152273,-5.506047938303008,-8.853099867076953,-7.077507526540895,-7.076970037140518,-7.5372960830929,-4.897529747050062,-6.370762858579741,-7.557893204101288,-6.870515991125912,-7.135149561306708,-7.149257581035677,-7.977169269289997,-5.615676911953823,-5.413815423335405,-7.448493184430531,-7.678842962431361,-5.903658196539732,-5.1339050639903,-6.601679319775039,-6.256425765797284,-7.101366366586824,-6.316075690285778,-9.559511887024048,-8.117960709757236,-7.594276367195842,-6.377421408306874,-5.302953351386502,-5.501538962099129,-4.928026018887286,-6.046195835694068,-7.022890145231006,-6.27579517952113,-4.236815749050923,-6.92802235300493,-6.973703498537108
-0.8516976468422143,-8.72545044207471,-6.606347836264637,-4.905848797852383,-7.05802034695266,-7.920243543842741,-8.080789383438809,-6.052319583182217,-6.144369067113687,-6.349713387455734,-7.215800607328696,-7.359451506999418,-3.66013804194508,-7.339636318072473,-7.374455695768438,-7.909777895592949,-5.667688413608973,-7.559803258564081,-6.543738699164564,-5.867316052050718,-5.877263314765885,-6.681577985901093,-7.13684557612679,-7.6172341416154605,-7.842729573743203,-7.159148778233398,-8.545574810723293,-7.144193547818955,-4.347260597860312,-7.428032769328385,-7.2754700906775485,-7.725254043602206,-5.614102322607498,-6.852276216671932,-8.401583482891853,-11.07607890661879,-5.160137270809344,-7.906159233016035,-6.976728155990958,-7.029834007859592,-5.665746950380493,-7.023769556224556,-6.811759814470858,-6.33851128443509,-5.797679077676647,-6.479479976758426,-6.30459266882305,-5.964207649626574,-8.091166632558009,-6.000819210801433,-6.923913658935684,-6.411340520679406,-6.275084261223907,-7.596114275090286,-8.512834534066084,-5.8918350870656235,-3.5282136392232673,-7.09326380114606,-7.877360668311707,-5.230613106931715,-6.07008006274577,-7.265173518105486,-5.746097956427231,-8.088890909053154,-7.3726441544228765,-4.493759434994457,-7.1234145729050375,-5.491419005899935,-8.848785343140682,-7.060757952837649,-7.054389058014955,-7.510551636951615,-4.89047427042735,-6.347406553597735,-7.532760928335138,-6.848699807981727,-7.145086326163494,-7.152346087095683,-7.951365981366272,-5.625028743981703,-5.395390124579106,-7.450486963805295,-7.684523094226881,-5.883987862670257,-5.119490229460055,-6.576696995508125,-6.271256849611073,-7.10337130412117,-6.327682969229652,-9.549506905262882,-8.092020110158918,-7.594136763482748,-6.356913676326056,-5.308294697574727,-5.487634872704817,-4.9434209839061385,-6.0638171557989535,-7.001271984308097,-6.2538979811661815,-4.226648460897333,-6.910378161169085,-6.952204477877622
-0.8473354199643897,-8.06876025931712,-6.6119260391809185,-4.924877579140001,-7.032404145913347,-7.915425303269756,-8.053502594293654,-6.032173575066149,-6.153288864435219,-6.33059765202249,-7.188828104010886,-7.332378080119413,-3.6856925094434745,-7.316442364979075,-7.355337104104187,-7.877406036112287,-5.649929573991281,-7.530074083356434,-6.516735791927035,-5.84802293562631,-5.866249714864015,-6.657860576647097,-7.111294413037895,-7.5919184664015145,-7.849583536984388,-7.1281690319622,-8.546395672470476,-7.154086182181037,-4.340884239858935,-7.406560524288778,-7.247632551207539,-7.694045666892798,-5.601441242968869,-6.863105628841458,-8.37367697584135,-11.042080168172365,-5.178346853435275,-7.875307931912137,-6.965333049515529,-7.02468477113919,-5.672882662240092,-6.998914785497909,-6.822380118334363,-6.321134793171408,-5.779489987183419,-6.4555311165842895,-6.313246911090882,-5.9712443652531135,-8.091794584258805,-5.980230265104515,-6.9036215704135575,-6.412398325575769,-6.255242449541321,-7.566342053765289,-8.478248242430192,-5.894117689124354,-3.520926242822064,-7.102701934698658,-7.854089661749926,-5.248412409833368,-6.0561464202490125,-7.2700861344728205,-5.754243476637861,-8.053455987578385,-7.346927017215974,-4.479989128532595,-7.101581345657833,-5.4767900734968755,-8.844470819204375,-7.04400837913439,-7.03180807888941,-7.4838071908103245,-4.883418793804632,-6.324050248615718,-7.507628652569002,-6.826883624837522,-7.1550230910202846,-7.128452557202825,-7.925562693442528,-5.611161278590288,-5.376964825822807,-7.442107788638482,-7.690203226022427,-5.864317528800769,-5.1049034445183,-6.551714671241198,-6.286087933424862,-7.1053762416555415,-6.339290248173507,-9.539501923501716,-8.05550056785002,-7.593997159769602,-6.33640594434525,-5.297699775440691,-5.473730783310505,-4.958815948924978,-6.081438475903852,-6.979653823385181,-6.232000782811158,-4.216481172743712,-6.892733969333295,-6.930705457218054
-0.842973193086565,-6.08251547435981,-6.61068152767282,-4.94390636042762,-7.006787944874034,-7.910607062696808,-8.026215805148492,-6.012027566949987,-6.162208661756806,-6.311481916589216,-7.161855600693051,-7.305304653239413,-3.7112469769418945,-7.293248411885671,-7.336218512439937,-7.845034176631594,-5.632170734373577,-7.500344908148798,-6.489732884689524,-5.828729819201902,-5.855236114962171,-6.634143167393112,-7.085743249949024,-7.566602791187587,-7.856437500225561,-7.097189285690976,-8.547216534217652,-7.145078262928132,-4.334507881857521,-7.381086363532088,-7.2197950117375544,-7.6628372901833455,-5.588780163330316,-6.855937457429428,-8.345770468790867,-11.008081429725946,-5.195405575558018,-7.844456630808289,-6.944991810063885,-7.002328640193663,-5.661393809761226,-6.974060014771237,-6.8181856360658015,-6.303758301907727,-5.760438585562773,-6.431582256410115,-6.32190115335869,-5.97080430643836,-8.068351202518667,-5.959641319407628,-6.883329481891413,-6.392940751688059,-6.235400637858741,-7.536569832440322,-8.443661950794281,-5.873472592644974,-3.513638846420836,-7.112140068251268,-7.830818655188152,-5.2659333710355405,-6.04221277775226,-7.261887224639541,-5.750098232249168,-8.018021066103666,-7.321209880009055,-4.466218822070708,-7.079748118410623,-5.4621611410937785,-8.837306692418869,-7.027258805431163,-7.009227099763891,-7.457062744669047,-4.87636331718192,-6.300693943633744,-7.482496376802865,-6.805067441693317,-7.153664073342427,-7.101525122985747,-7.899759405518826,-5.590478452058701,-5.358539527066476,-7.414003003692075,-7.69405719070265,-5.844647194931294,-5.090316659576512,-6.526732346974322,-6.300919017238669,-7.102933007082562,-6.350753464170819,-9.529496941740506,-8.018981025541134,-7.5737122990714605,-6.315898212364451,-5.287104853306643,-5.459826693916156,-4.9742109139438115,-6.0990597960087625,-6.958035662462265,-6.210103584456203,-4.206313884590098,-6.8750897774974815,-6.909206436558524
-0.8386109662087403,-6.27591771091385,-6.585992940740595,-4.936529000859782,-6.9811717438347145,-7.905788822123835,-7.998929016003351,-5.991881558833925,-6.171128459078326,-6.292366181155986,-7.134883097375266,-7.278231226359388,-3.73680144444032,-7.27005445879226,-7.31709992077568,-7.812662317150888,-5.6144118947558495,-7.470615732941151,-6.462729977452026,-5.809436702777488,-5.844222515060295,-6.610425758139083,-7.060192086860116,-7.5412871159736214,-7.86329146346674,-7.066209539419772,-8.548037395964803,-7.124764489734845,-4.3281315238561255,-7.353977467240627,-7.191957472267583,-7.631628913473919,-5.5761190836917125,-6.836555947699169,-8.317863961740352,-10.974082691279554,-5.209157226878963,-7.81360532970441,-6.92107949291482,-6.979972509248122,-5.6499049572823425,-6.949205244044553,-6.798579105838466,-6.286381810644014,-5.741387183942183,-6.407633396235978,-6.330555395626523,-5.947577502135069,-8.038798597698376,-5.939052373710716,-6.863037393369293,-6.373483177800336,-6.2155588261761245,-7.506797611115375,-8.409075659158383,-5.852827496165599,-3.5063514500196398,-7.121578201803853,-7.807547648626365,-5.253433166089122,-6.028279135255552,-7.236564491586016,-5.728004299700294,-7.9825861446289474,-7.295492742802097,-4.452448515608815,-7.0579148911633816,-5.4475322086907125,-8.802705515411681,-7.010509231727899,-6.986646120638352,-7.430318298527775,-4.869307840559196,-6.277337638651746,-7.45736410103674,-6.783251258549112,-7.133356411100233,-7.074597688768668,-7.873956117595113,-5.569795625527113,-5.340114228310158,-7.3858982187456315,-7.6694455528554,-5.8249768610618124,-5.0757298746347495,-6.5017500227074265,-6.3157501010524575,-7.07465928344878,-6.332060563953005,-9.519491959979309,-7.982461483232249,-7.543372510625222,-6.295390480383615,-5.276509931172589,-5.445922604521813,-4.98960587896265,-6.116681116113642,-6.936417501539344,-6.188206386101229,-4.196146596436514,-6.857445585661667,-6.8877074158989995
-0.8342487393309157,-7.5088351038359,-6.561304353808346,-4.925237313472908,-6.955555542795395,-7.900970581550875,-7.971642226858196,-5.9717355507177885,-6.180048256399857,-6.273250445722717,-7.10791059405745,-7.251157799479395,-3.7623559119387213,-7.246860505698862,-7.297981329111436,-7.780290457670226,-5.595737305417296,-7.44088655773351,-6.435727070214485,-5.790143586353087,-5.833208915158425,-6.586708348885098,-7.0346409237712395,-7.515971440759675,-7.863366504560792,-7.035229793148586,-8.548858257711961,-7.104450716541527,-4.321755165854749,-7.324024984312948,-7.1641199327975675,-7.600420536764448,-5.563458004053166,-6.817174437968953,-8.289957454689851,-10.940083952833135,-5.20658847042528,-7.782754028600525,-6.89716717576571,-6.9576163783025935,-5.638416104803477,-6.924350473317899,-6.77897257561115,-6.2690053193803505,-5.722335782321543,-6.383684536061817,-6.339209637894324,-5.924350697831797,-8.009245992878093,-5.918463428013799,-6.842745304847167,-6.354025603912625,-6.195717014493575,-7.477025389790402,-8.374489367522486,-5.832182399686187,-3.499064053618387,-7.102654890614572,-7.784276642064597,-5.240932961142679,-6.014345492758812,-7.211241758532515,-5.705910367151439,-7.947151223154228,-7.269775605595195,-4.438678209146959,-7.036081663916177,-5.432903276287647,-8.76810433840447,-6.993759658024652,-6.964065141512814,-7.403573852386471,-4.86225236393649,-6.253981333669722,-7.432231825270603,-6.76143507540492,-7.113048748858032,-7.047670254551608,-7.848152829671381,-5.549112798995532,-5.321688929553859,-7.357793433799206,-7.644833915008194,-5.805306527192338,-5.061143089692974,-6.4767676984405185,-6.3305811848662525,-7.046385559815029,-6.313367663735192,-9.502489037286278,-7.9459419409233565,-7.513032722178953,-6.274882748402821,-5.265915009038554,-5.432018515127476,-4.980264373510506,-6.132225181631822,-6.9147993406164465,-6.16630918774625,-4.185979308282913,-6.839801393825852,-6.866208395239444
-0.829886512453091,-7.38411121263978,-6.536615766876115,-4.913945626086047,-6.929939341756094,-7.896152340977921,-7.944355437713042,-5.951589542601708,-6.184038984614025,-6.254134710289493,-7.080938090739652,-7.2240843725994015,-3.7879103794371467,-7.223666552605477,-7.278862737447161,-7.747918598189539,-5.576241280174429,-7.411157382525843,-6.408724162976993,-5.770850469928691,-5.822195315256568,-6.562990939631101,-7.009089760682356,-7.490655765545723,-7.8396477715549615,-7.004250046877418,-8.529953568411877,-7.084136943348228,-4.315378807853359,-7.294072501385282,-7.136282393327583,-7.569212160055021,-5.550796924414568,-6.797792928238719,-8.262050947639366,-10.906085214386728,-5.189815608021924,-7.751902727496646,-6.873254858616638,-6.935260247356984,-5.626927252324619,-6.899495702591234,-6.759366045383809,-6.251628828116644,-5.703284380700903,-6.3597356758876735,-6.3202835370916,-5.9011238935285375,-7.979693388057822,-5.897874482316905,-6.822453216325028,-6.334568030024914,-6.17633777215134,-7.447253168465449,-8.339903075886607,-5.811537303206844,-3.4917766572171782,-7.0816293154536005,-7.761005635502792,-5.228432756196231,-6.000411850262067,-7.185919025479008,-5.683816434602603,-7.911716301679497,-7.244058468388275,-4.424907902685072,-7.014248436668974,-5.418274343884536,-8.733503161397309,-6.977010084321388,-6.941484162387281,-7.3768294062451805,-4.855196887313765,-6.230625028687729,-7.40709954950446,-6.739618892260709,-7.092741086615825,-7.020742820334561,-7.822349541747662,-5.52842997246395,-5.303263630797547,-7.329688648852769,-7.62022227716097,-5.785636193322843,-5.046556304751193,-6.45178537417361,-6.3347316511816505,-7.018111836181266,-6.2946747635173965,-9.461912465275375,-7.909422398614464,-7.482692933732696,-6.254375016422022,-5.256439303436055,-5.418114425733146,-4.965177324333877,-6.132288628400718,-6.893181179693518,-6.144411989391263,-4.175812020129267,-6.822157201990051,-6.844709374579939
-0.8255242855752664,-6.12792128535985,-6.51192717994391,-4.90265393869918,-6.904323140716775,-7.89133410040493,-7.9170686485679065,-5.931443534485602,-6.162221529004461,-6.235018974856224,-7.053965587421817,-7.197010945719407,-3.813464846935548,-7.200472599512041,-7.259744145782948,-7.715546738708852,-5.556745254931545,-7.381428207318227,-6.381721255739469,-5.751557353504295,-5.811181715354711,-6.539273530377104,-6.983538597593442,-7.465340090331783,-7.815929038549118,-6.97327030060622,-8.500112274684822,-7.063823170154905,-4.309002449851952,-7.264120018457653,-7.1084448538576055,-7.538003783345563,-5.53813584477599,-6.778411418508466,-8.23414444058889,-10.872086475940334,-5.173042745618587,-7.72105142639278,-6.8493425414675535,-6.912904116411481,-5.615438399845723,-6.874640931864587,-6.739759515156454,-6.2342523368530065,-5.684232979080275,-6.335786815713512,-6.2983154899636835,-5.877897089225266,-7.950140783237563,-5.87728553662,-6.802161127802891,-6.315110456137172,-6.160041993493243,-7.417480947140494,-8.305316784250714,-5.790892206727469,-3.48448926081595,-7.060603740292635,-7.737734628941036,-5.215932551249769,-5.986478207765345,-7.160596292425476,-5.661722502053736,-7.876281380204778,-7.21834133118133,-4.411137596223192,-6.992415209421751,-5.403645411481501,-8.698901984390115,-6.960260510618148,-6.918903183261718,-7.350084960103909,-4.848141410691065,-6.207268723705731,-7.381967273738304,-6.717802709116523,-7.072433424373631,-6.99381538611749,-7.796546253823961,-5.507747145932382,-5.2848383320412475,-7.301583863906369,-7.595610639313745,-5.765965859453387,-5.031969519809412,-6.426803049906722,-6.318854673181455,-6.989838112547514,-6.275981863299545,-9.421335893264446,-7.872902856305578,-7.45235314528647,-6.23386728444118,-5.249386933244048,-5.404210336338815,-4.950090275157265,-6.11471481987567,-6.871563018770609,-6.122514791036302,-4.165644731975683,-6.804513010154237,-6.823210353920403
-0.8211620586974416,-7.59009893672471,-6.487238593011666,-4.891362251312312,-6.874972029557624,-7.886515859831989,-7.889781859422758,-5.911297526369472,-6.1404040733949286,-6.2159032394230005,-7.026993084104014,-7.169937518839377,-3.81439985000765,-7.177278646418656,-7.240625554118661,-7.683174879228184,-5.53724922968869,-7.351699032110555,-6.3547183485019465,-5.732264237079887,-5.800168115452842,-6.515556121123094,-6.957987434504577,-7.440024415117831,-7.792210305543276,-6.942290554335021,-8.470270980957768,-7.043509396961605,-4.3026260918505255,-7.234167535529981,-7.080607314387589,-7.506795406636148,-5.525474765137405,-6.759029908778252,-8.206237933538375,-10.838087737493892,-5.156269883215237,-7.690200125288895,-6.825430224318463,-6.890547985465921,-5.603949547366858,-6.849786161137872,-6.720152984929132,-6.216875845589299,-5.66518157745966,-6.311837955539369,-6.276347442835729,-5.854670284921982,-7.920588178417267,-5.856696590923088,-6.78186903928074,-6.295652882249456,-6.143746214835121,-7.387708725815491,-8.270730492614804,-5.770247110248076,-3.477201864414753,-7.039578165131675,-7.714463622379224,-5.203432346303352,-5.972544565268612,-7.13527355937195,-5.639628569504886,-7.840846458730016,-7.192622701741745,-4.397367289761305,-6.97058198217451,-5.389016479078429,-8.664300807382897,-6.943510936914877,-6.89632220413618,-7.323340513962637,-4.841085934068347,-6.183912418723739,-7.35683499797218,-6.695986525972306,-7.052125762131443,-6.96688795190043,-7.770742965900236,-5.487064319400776,-5.266413033284935,-7.273479078959924,-7.570999001466526,-5.746295525583893,-5.01738273486765,-6.402975033555736,-6.302977695181284,-6.961564388913739,-6.257288963081744,-9.380759321253548,-7.836383313996674,-7.422013356840182,-6.2133595524604,-5.242334563052027,-5.390306246944473,-4.935003225980635,-6.097141011350628,-6.847990267128142,-6.10061759268131,-4.155477443822082,-6.786868818318423,-6.801711333260872
-0.816799831819617,-5.84520927767155,-6.462550006079448,-4.880070563925439,-6.844537607337921,-7.861592555908543,-7.862495070277591,-5.891151518253385,-6.118586617785365,-6.196787503989726,-7.000020580786197,-7.142864091959408,-3.809002823076484,-7.154084693325265,-7.22150696245441,-7.65080301974749,-5.5177532044457935,-7.321969856902913,-6.327715441264442,-5.712971120655454,-5.789154515550985,-6.4918387118690974,-6.932436271415657,-7.414708739903885,-7.768491572537439,-6.9113108080638295,-8.440429687230719,-7.023195623768306,-4.296249733849142,-7.204215052602339,-7.052769774917624,-7.475587029926709,-5.512813685498821,-6.739648399048011,-8.178331426487873,-10.804088999047497,-5.139497020811893,-7.65934882418501,-6.8015179071693845,-6.868191854520375,-5.59246069488798,-6.824931390411231,-6.70054645470179,-6.199499354325649,-5.646130175839039,-6.287889095365214,-6.254379395707769,-5.831443480618703,-7.891035573596983,-5.836107645226189,-6.761576950758639,-6.276195308361733,-6.12745043617703,-7.357936504490543,-8.236144200978925,-5.749602013768702,-3.4699144680135507,-7.018552589970735,-7.691192615817468,-5.190932141356902,-5.958610922771866,-7.109950826318462,-5.61753463695605,-7.805411537255297,-7.16689914039108,-4.383596983299418,-6.948748754927306,-5.374387546675345,-8.629699630375741,-6.926761363211643,-6.873741225010654,-7.296596067821358,-4.8340304574456345,-6.160556113741709,-7.331702722206036,-6.674170342828114,-7.031818099889229,-6.939960517683371,-7.744939677976516,-5.466381492869201,-5.247987734528629,-7.245374294013462,-7.546387363619321,-5.726625191714412,-5.002795949925887,-6.381573035931812,-6.287100717181089,-6.933290665279987,-6.2385960628639365,-9.340182749242626,-7.799863771687775,-7.391673568393926,-6.1928518204796,-5.235282192860006,-5.376402157550148,-4.919916176804006,-6.079567202825573,-6.821801621090122,-6.078720394326367,-4.145310155668492,-6.76922462648259,-6.780212312601329
-0.8124376049417923,-7.052771321754,-6.437861419147223,-4.8687788765385465,-6.8141031851182365,-7.825640040929853,-7.835208281132449,-5.871005510137273,-6.0967691621758195,-6.17767176855647,-6.973048077468374,-7.115790665079383,-3.803605796145355,-7.130890740231835,-7.202388370790179,-7.6184311602667965,-5.498257179202921,-7.29224068169526,-6.300712534026919,-5.693678004231059,-5.778140915649115,-6.468121302615094,-6.906885108326793,-7.38939306468992,-7.744772839531589,-6.88033106179265,-8.410588393503689,-7.002881850574969,-4.2898733758477405,-7.174262569674686,-7.024932235447615,-7.444378653217269,-5.5001526058602295,-6.720266889317771,-8.15042491943739,-10.770090260601048,-5.12272415840855,-7.628497523081143,-6.777605590020307,-6.8458357235748215,-5.580971842409102,-6.800076619684546,-6.680939924474461,-6.182122863061955,-5.627078774218411,-6.2639402351910585,-6.232411348579858,-5.80821667631545,-7.861482968776699,-5.815518699529296,-6.7412848622365,-6.256737734474004,-6.1111546575189335,-7.3281642831655835,-8.201557909343034,-5.728956917289327,-3.462627071612304,-6.9975270148097755,-7.667921609255663,-5.178431936410465,-5.944677280275127,-7.084628093264924,-5.59544070440717,-7.769976615780546,-7.141175579040408,-4.369826676837543,-6.926915527680108,-5.35975861427226,-8.595098453368548,-6.910011789508391,-6.851160245885103,-7.2698516216800675,-4.826974980822897,-6.137199808759729,-7.306570446439924,-6.652354159683915,-7.011510437647028,-6.913033083466293,-7.719136390052803,-5.4456986663376385,-5.229562435772336,-7.217269509067043,-7.521775725772114,-5.706954857844911,-4.9882091649841245,-6.360171038307944,-6.271223739180888,-6.9050169416462115,-6.219903162646141,-9.299606177231716,-7.763344229378877,-7.361333779947687,-6.172344088498789,-5.228229822668004,-5.362498068155824,-4.904829127627388,-6.061993394300556,-6.79561297505206,-6.056823195971331,-4.135142867514858,-6.7515804346467885,-6.758713291941805
-0.8080753780639677,-3.88316478720681,-6.413172832214981,-4.857487189151698,-6.783668762898559,-7.78968752595115,-7.8079214919873,-5.850859502021168,-6.074951706566256,-6.15855603312324,-6.946075574150565,-7.088717238199396,-3.798208769214214,-7.10769678713845,-7.18326977912591,-7.586059300786122,-5.478761153960049,-7.262511506487606,-6.273709626789409,-5.674384887806613,-5.767127315747264,-6.444403893361115,-6.881333945237879,-7.364077389475962,-7.721054106525771,-6.849351315521457,-8.380747099776627,-6.9825680773816945,-4.2834970178463765,-7.1443100867470255,-6.997094695977631,-7.413170276507836,-5.487491526221639,-6.700885379587537,-8.122518412386881,-10.736091522154666,-5.105951296005188,-7.597646221977283,-6.753693272871216,-6.823479592629262,-5.569482989930219,-6.7752218489578935,-6.661333394247126,-6.164746371798273,-5.6080273725977845,-6.23999137501691,-6.210443301451904,-5.784989872012172,-7.831930363956435,-5.794929753832371,-6.720992773714362,-6.23728016058628,-6.094858878860811,-7.298392061840617,-8.166971617707116,-5.708311820809947,-3.455339675211082,-6.976501439648803,-7.6446506026939005,-5.1659317314640045,-5.930743637778375,-7.059305360211399,-5.573346771858321,-7.734541694305833,-7.115452017689712,-4.356056370375687,-6.9050823004328725,-5.345129681869213,-8.560497276361335,-6.8932622158051196,-6.828579266759565,-7.2431071755387775,-4.819919504200185,-6.11384350377773,-7.281438170673775,-6.630537976539711,-6.991202775404834,-6.886105649249221,-7.69333310212909,-5.42501583980607,-5.211137137016024,-7.18916472412063,-7.497164087924871,-5.687284523975443,-4.973622380042331,-6.33876904068402,-6.2553467611807045,-6.876743218012467,-6.201210262428309,-9.259029605220794,-7.726824687069978,-7.330993991501437,-6.151836356517971,-5.221177452475984,-5.348593978761475,-4.889742078450777,-6.044419585775514,-6.7694243290140586,-6.034925997616383,-4.124975579361257,-6.733936242810993,-6.7372142712823
-0.803713151186143,-7.03925838231191,-6.388484245282756,-4.846195501764812,-6.753234340678856,-7.753735010972454,-7.780634702842139,-5.830713493905063,-6.053134250956686,-6.139440297690015,-6.919103070832767,-7.061643811319383,-3.7928117422830603,-7.084502834045071,-7.164151187461653,-7.553687441305429,-5.459265128717219,-7.232782331279983,-6.249680054986403,-5.655091771382218,-5.7561137158453946,-6.420686484107112,-6.855782782148977,-7.338761714262022,-7.697335373519916,-6.818371569250272,-8.350439043647697,-6.9622543041883835,-4.277120659844949,-7.114357603819365,-6.969257156507634,-7.381961899798378,-5.47483044658306,-6.6815038698573215,-8.094611905336379,-10.702092783708247,-5.089178433601831,-7.566794920873379,-6.7297809557221315,-6.801123461683709,-5.557994137451348,-6.750367078231221,-6.641726864019809,-6.14736988053461,-5.588975970977188,-6.2160425148427665,-6.18847525432395,-5.761763067708906,-7.80237775913612,-5.774340808135478,-6.700700685192223,-6.21782258669857,-6.078563100202708,-7.268619840515651,-8.132385326071237,-5.687666724330548,-3.448052278809861,-6.955475864487831,-7.621379596132107,-5.15343152651758,-5.912390568267514,-7.033982627157885,-5.551252839309454,-7.699106772831089,-7.089728456339053,-4.3422860639137815,-6.883249073185637,-5.330500749466127,-8.525896099354156,-6.876512642101861,-6.805998287634045,-7.216362729397499,-4.812864027577467,-6.090487198795738,-7.256305894907657,-6.6087217933955245,-6.970895113162627,-6.859178215032168,-7.667529814205364,-5.404333013274451,-5.192711838259675,-7.161059939174186,-7.472552450077653,-5.667614190105961,-4.959035595100574,-6.317367043060145,-6.239469783180516,-6.848469494378697,-6.182517362210501,-9.218453033209858,-7.690305144761111,-7.300654203055168,-6.1313286245371845,-5.214125082283988,-5.334689889367138,-4.874655029274135,-6.0268457772504656,-6.743235682976027,-6.013028799261421,-4.114808291207692,-6.716292050975179,-6.715715250622745
-0.7993509243083183,-7.65200460849287,-6.363795658350526,-4.834903814377951,-6.722799918459171,-7.71778249599377,-7.753347913696991,-5.810567485788957,-6.031316795347134,-6.120324562256747,-6.892130567514932,-7.034570384439384,-3.7874147153519377,-7.061308880951648,-7.145032595797409,-7.521315581824742,-5.439769103474354,-7.203053156072305,-6.226325929923771,-5.635798654957829,-5.745100115943532,-6.396969074853096,-6.830231619060119,-7.31344603904807,-7.673616640514085,-6.787391822979079,-8.315921485576185,-6.941940530995059,-4.270744301843567,-7.08440512089173,-6.941419617037638,-7.3507535230889385,-5.462169366944488,-6.662122360127081,-8.066705398285883,-10.668094045261828,-5.072405571198506,-7.535943619769513,-6.705868638573034,-6.7787673307381615,-5.546505284972489,-6.725512307504525,-6.6221203337924734,-6.1299933892709095,-5.569924569356542,-6.192093654668599,-6.166507207196027,-5.738536263405622,-7.772825154315868,-5.753751862438572,-6.680408596670085,-6.19836501281086,-6.062267321544592,-7.238847619190672,-8.09779903443532,-5.667021627851179,-3.4407648824086454,-6.934450289326885,-7.5981085895703275,-5.1409313215711565,-5.893801810295262,-7.0086598941043965,-5.52915890676063,-7.663671851356358,-7.064004894988382,-4.328515757451919,-6.861415845938465,-5.315871817063049,-8.491294922346963,-6.859763068398622,-6.7834173085085006,-7.189618283256202,-4.805808550954767,-6.067130893813702,-7.2311736191415195,-6.586905610251326,-6.950587450920433,-6.832250780815096,-7.641726526281644,-5.3836501867428765,-5.174286539503382,-7.132955154227773,-7.44794081223044,-5.64794385623648,-4.944448810158793,-6.295965045436215,-6.21937028172636,-6.820195770744946,-6.1638244619926805,-9.177876461198968,-7.653785602452206,-7.270314414608929,-6.110820892556366,-5.2070727120919855,-5.320785799972801,-4.859567980097523,-6.009271968725417,-6.717047036937989,-5.991131600906441,-4.104641003054053,-6.698647859139352,-6.694216229963215
-0.7949886974304936,-6.43171787961394,-6.339107071418308,-4.82361212699109,-6.69236549623948,-7.68182998101508,-7.726061124551842,-5.790421477672864,-6.0094993397375704,-6.101208826823485,-6.8651580641971215,-7.007496957559391,-3.7820176884207966,-7.038114927858231,-7.125914004133165,-7.488943722344086,-5.420273078231437,-7.173323980864676,-6.202971804861133,-5.616505538533396,-5.734086516041656,-6.373251665599086,-6.804680455971229,-7.2881303638341235,-7.649897907508223,-6.756412076707869,-8.281403927504671,-6.921626757801766,-4.264367943842153,-7.054452637964039,-6.913582077567666,-7.319545146379512,-5.4495082873059095,-6.642740850396841,-8.0387988912354,-10.630906062783557,-5.055632708795138,-7.5050923186656275,-6.681956321423969,-6.756411199792614,-5.5350164324936175,-6.700657536777865,-6.602513803565113,-6.112616898007228,-5.550873167735939,-6.168144794494462,-6.144539160068085,-5.715309459102337,-7.7432725494955585,-5.733162916741655,-6.660116508147966,-6.178907438923124,-6.0459715428864955,-7.209075397865737,-8.063212742799454,-5.6463765313718115,-3.433477486007443,-6.913424714165938,-7.574837583008559,-5.1284311166246885,-5.875213052322972,-6.983337161050871,-5.507064974211749,-7.628236929881626,-7.038281333637679,-4.314745450990052,-6.839582618691205,-5.301242884659977,-8.45669374533977,-6.843013494695369,-6.760836329382931,-7.16287383711493,-4.798753074332036,-6.043774588831728,-7.206041343375345,-6.565089427107102,-6.930279788678213,-6.805323346598036,-7.615923238357925,-5.3629673602113135,-5.15586124074707,-7.104850369281335,-7.423329174383203,-5.628273522366979,-4.929862025217037,-6.274563047812328,-6.198812087708567,-6.79192204711117,-6.145131561774867,-9.137299889188032,-7.61726606014332,-7.239974626162667,-6.09031316057553,-5.200020341899965,-5.306881710578477,-4.844480930920899,-5.991698160200369,-6.6908583908999635,-5.969234402551455,-4.094473714900463,-6.681003667303551,-6.67271720930369
-0.790626470552669,-7.18402430123153,-6.314418484486071,-4.812320439604223,-6.661931074019814,-7.645877466036403,-7.698774335406694,-5.770275469556734,-5.987681884128039,-6.082093091390261,-6.838185560879312,-6.980423530679372,-3.7766206614896483,-7.014920974764858,-7.106795412468889,-7.456571862863386,-5.400777052988584,-7.143594805657035,-6.179617679798495,-5.5972124221090125,-5.723072916139799,-6.349534256345127,-6.779129292882352,-7.262814688620159,-7.626179174502387,-6.725432330436677,-8.246886369433165,-6.901312984608442,-4.257991585840769,-7.024500155036385,-6.885744538097662,-7.288336769670059,-5.436847207667313,-6.6233593406666005,-8.010892384184885,-10.592195202068687,-5.038859846391776,-7.474241017561761,-6.658044004274865,-6.73405506884708,-5.523527580014741,-6.675802766051213,-6.58290727333779,-6.09524040674354,-5.531821766115299,-6.144195934320332,-6.122571112940137,-5.692082654799072,-7.713719944675306,-5.712573971044774,-6.639824419625834,-6.159449865035401,-6.027257782262146,-7.179303176540758,-8.02862645116355,-5.625731434892418,-3.426190089606221,-6.892399139004978,-7.55156657644676,-5.11593091167827,-5.856624294350751,-6.958014427997352,-5.4849710416629005,-7.592802008406889,-7.012557772287002,-4.300975144528177,-6.817749391444001,-5.2866139522569044,-8.42209256833259,-6.826263920992123,-6.7382553502573925,-7.1361293909736645,-4.79169759770933,-6.020418283849717,-7.18090906760924,-6.543273243962898,-6.909972126436025,-6.778395912380958,-7.590119950434218,-5.342284533679708,-5.137435941990758,-7.07674558433491,-7.398717536536004,-5.608603188497517,-4.915275240275237,-6.253161050188409,-6.178253893690785,-6.763648323477419,-6.126438661557047,-9.096723317177123,-7.580746517834434,-7.209634837716403,-6.069805428594737,-5.192967971707945,-5.292977621184146,-4.8293938817442825,-5.974124351675358,-6.664669744861938,-5.947337204196487,-4.0843064267468545,-6.663359475467736,-6.651218188644173
-0.7862642436748444,-6.85705651114775,-6.289729897553847,-4.801028752217343,-6.631496651800118,-7.6099249510577005,-7.671487546261539,-5.750129461440628,-5.9658644285184685,-6.062977355956993,-6.811213057561489,-6.953350103799385,-3.771223634558532,-6.9917270216714416,-7.087676820804652,-7.424200003382699,-5.381281027745711,-7.113865630449394,-6.156263554735857,-5.577919305684604,-5.7120593162379665,-6.325816847091085,-6.753578129793432,-7.237499013406225,-7.602460441496563,-6.6944525841654965,-8.212368811361658,-6.880999211415136,-4.251615227839368,-6.994547672108737,-6.857906998627678,-7.257128392960595,-5.424186128028734,-6.60397783093638,-7.982985877134396,-10.553484341353832,-5.022086983988426,-7.44338971645787,-6.634131687125794,-6.711698937901508,-5.512038727535863,-6.650947995324522,-6.56330074311043,-6.077863915479858,-5.512770364494684,-6.12024707414617,-6.100603065812208,-5.668855850495812,-7.684167339855023,-5.691985025347862,-6.619532331103695,-6.139992291147678,-6.006220063841406,-7.149530955215779,-7.9940401595276525,-5.60508633841305,-3.4189026932049744,-6.871373563844,-7.528295569884967,-5.103430706731791,-5.83803553637848,-6.932691694943814,-5.462877109114046,-7.55736708693217,-6.98683421093633,-4.287204838066296,-6.795916164196784,-5.2719850198538385,-8.387491391325415,-6.809514347288889,-6.715674371131879,-7.1093849448323425,-4.784642121086593,-5.997061978867712,-7.1557767918430715,-6.521457060818687,-6.889664464193812,-6.751468478163899,-7.564316662510505,-5.321601707148126,-5.119010643234471,-7.048640799388466,-7.374105898688785,-5.588932854628029,-4.900688455333462,-6.231759052564504,-6.1576956996730035,-6.735374599843649,-6.107745761339252,-9.056146745166188,-7.54422697552553,-7.179295049270184,-6.049297696613951,-5.185915601515949,-5.2790735317897965,-4.814306832567652,-5.956550543150297,-6.6384810988239,-5.925440005841495,-4.074139138593228,-6.645715283631941,-6.629719167984643
-0.7819020167970196,-6.88719079933963,-6.265041310621597,-4.78973706483047,-6.601062229580421,-7.573972436078992,-7.6442007571163915,-5.729983453324516,-5.9440469729088985,-6.043861620523762,-6.78424055424371,-6.926276676919366,-3.765826607627397,-6.9685330685780436,-7.068558229140407,-7.391828143902006,-5.36178500250287,-7.084136455241746,-6.132909429673244,-5.558626189260166,-5.701045716336066,-6.302099437837095,-6.728026966704549,-7.212183338192273,-7.578741708490719,-6.663472837894305,-8.17785125329014,-6.860685438221838,-4.245238869837979,-6.964595189181083,-6.830069459157675,-7.225920016251162,-5.41152504839015,-6.584596321206139,-7.955079370083906,-10.514773480638961,-5.005314121585088,-7.412538415354003,-6.610219369976728,-6.6893428069559615,-5.500549875056992,-6.626093224597887,-6.5436942128831195,-6.060487424216207,-5.493718962874063,-6.096298213972021,-6.078635018684272,-5.645629046192528,-7.654614735034752,-5.671396079650969,-6.599240242581557,-6.120534717259967,-5.985182345420633,-7.119758733890819,-7.959453867891767,-5.5844412419336695,-3.411615296803766,-6.850347988683054,-7.505024563323192,-5.09093050178536,-5.819446778406215,-6.907368961890307,-5.440783176565184,-7.521932165457426,-6.961110649585646,-4.2734345316043845,-6.774082936949586,-5.257356087450747,-8.35289021431821,-6.792764773585631,-6.693093392006303,-7.0826404986910765,-4.777586644463894,-5.973705673885707,-7.130644516076953,-6.4996408776745005,-6.869356801951618,-6.724541043946827,-7.538513374586792,-5.300918880616558,-5.100585344478146,-7.020536014442054,-7.349494260841547,-5.56926252075856,-4.886101670391712,-6.210357054940599,-6.137137505655229,-6.707100876209898,-6.089052861121407,-9.01557017315529,-7.50770743321665,-7.148955260823914,-6.028789964633126,-5.178863231323934,-5.265169442395479,-4.799219783391028,-5.938976734625255,-6.612292452785862,-5.903542807486528,-4.063971850439638,-6.628071091796133,-6.608220147325106
-0.777539789919195,-8.44654839356031,-6.240352723689385,-4.778445377443615,-6.570627807360743,-7.538019921100321,-7.616913967971243,-5.709837445208423,-5.922229517299353,-6.0247458850905,-6.757268050925894,-6.899203250039385,-3.7604295806962496,-6.941334092155793,-7.049439637476158,-7.359456284421325,-5.3422889772599795,-7.054407280034074,-6.109555304610593,-5.539333072835789,-5.690032116434228,-6.278382028583079,-6.70247580361566,-7.186867662978333,-7.555022975484889,-6.632493091623106,-8.143333695218638,-6.840371665028532,-4.238862511836564,-6.93464270625343,-6.802231919687691,-7.194711639541747,-5.398863968751565,-6.565214811475918,-7.927172863033404,-10.476062619924125,-4.988541259181745,-7.381687114250124,-6.586307052827612,-6.666986676010427,-5.489061022578108,-6.601238453871203,-6.5240876826557965,-6.043110932952507,-5.474667561253448,-6.072349353797866,-6.056666971556324,-5.622402241889281,-7.625062130214474,-5.650807133954027,-6.578948154059437,-6.101077143372225,-5.964144626999862,-7.08998651256586,-7.92486757625587,-5.563796145454282,-3.4043279004025564,-6.829322413522094,-7.481753556761418,-5.078430296838905,-5.800858020433964,-6.8820462288367805,-5.418689244016336,-7.486497243982701,-6.935387088234981,-4.259664225142535,-6.752249709702371,-5.242727155047706,-8.318289037311034,-6.776015199882372,-6.670512412880777,-7.055896052549799,-4.770531167841194,-5.950349368903715,-7.1055122403108095,-6.477824694530303,-6.849049139709429,-6.697613609729774,-7.512710086663066,-5.2802360540849635,-5.0821600457218405,-6.992431229495641,-7.32488262299433,-5.549592186889066,-4.871514885449931,-6.188955057316706,-6.1165793116374285,-6.6788271525761225,-6.070359960903618,-8.974993601144355,-7.471187890907752,-7.118615472377658,-6.008282232652308,-5.171810861131913,-5.251265353001136,-4.784132734214405,-5.921402926100232,-6.586103806747836,-5.881645609131548,-4.05380456228603,-6.610426899960287,-6.586721126665569
-0.7731775630413703,-6.45094877783917,-6.215664136757154,-4.767153690056729,-6.540193385141046,-7.502067406121612,-7.589627178826082,-5.689691437092305,-5.900412061689821,-6.0056301496572635,-6.730295547608072,-6.872129823159379,-3.7550325537651146,-6.913328332832242,-7.030321045811876,-7.327084424940625,-5.322792952017094,-7.0246781048264575,-6.0862011795479365,-5.5200399564113685,-5.679018516532358,-6.2546646193291,-6.676924640526765,-7.161551987764387,-7.531304242479059,-6.6015133453519015,-8.108816137147107,-6.8200578918352015,-4.232486153835163,-6.904690223325776,-6.77439438021772,-7.163503262832307,-5.386202889113012,-6.54583330174569,-7.8992663559828955,-10.437351759209267,-4.971768396778389,-7.350835813146252,-6.562394735678547,-6.644630545064861,-5.4734859750010125,-6.57638368314455,-6.504481152428461,-6.025734441688825,-5.455616159632827,-6.048400493623691,-6.034698924428389,-5.599175437585997,-7.595509525394159,-5.630218188257127,-6.558656065537267,-6.081619569484522,-5.94310690857909,-7.0602142912408805,-7.890281284619984,-5.543151048974926,-3.3970405040013345,-6.808296838361147,-7.458482550199612,-5.065930091892481,-5.782269262461699,-6.856723495783274,-5.396595311467455,-7.451062322507969,-6.909663526884303,-4.245893918680661,-6.730416482455129,-5.228098222644615,-8.283687860303823,-6.759265626179108,-6.6479314337552635,-7.029151606408502,-4.763475691218488,-5.9269930639217225,-7.0803799645446475,-6.45600851138611,-6.828741477467235,-6.67068617551269,-7.4869067987393345,-5.259553227553383,-5.063734746965554,-6.964326444549196,-7.300270985147117,-5.529921853019585,-4.856928100508168,-6.1675530596928,-6.096021117619659,-6.650553428942365,-6.051667060685792,-8.934417029133463,-7.434668348598853,-7.088275683931401,-5.987774500671516,-5.164758490939918,-5.237361263606787,-4.769045685037775,-5.903829117575183,-6.55991516070983,-5.859748410776587,-4.043637274132428,-6.59278270812448,-6.5652221060060265
-0.7688153361635457,-5.57306707716072,-6.190975549824924,-4.755862002669855,-6.509758962921355,-7.466114891142947,-7.562340389680952,-5.669545428976187,-5.878594606080244,-5.986514414224001,-6.703323044290249,-6.845056396279361,-3.7496355268339734,-6.885322573508678,-7.011202454147645,-7.294712565459963,-5.303296926774222,-6.994948929618791,-6.062847054485336,-5.500746839986954,-5.668004916630532,-6.230947210075103,-6.651373477437882,-7.136236312550428,-7.507585509473203,-6.570533599080728,-8.074298579075613,-6.799744118641896,-4.2261097958337865,-6.874737740398128,-6.746556840747704,-7.132294886122856,-5.373541809474414,-6.526451792015431,-7.8713598489324,-10.398640898494387,-4.954995534375045,-7.319984512042385,-6.538482418529431,-6.622274414119314,-5.457159020359167,-6.551528912417872,-6.4848746222011195,-6.008357950425143,-5.436564758012187,-6.024451633449574,-6.012730877300434,-5.575948633282731,-7.565956920573913,-5.60962924256024,-6.538363977015154,-6.062161995596786,-5.92206919015835,-7.03044206991594,-7.85569499298408,-5.522505952495521,-3.389753107600101,-6.787271263200176,-7.435211543637819,-5.053429886946038,-5.76368050448944,-6.8314007627297295,-5.374501378918619,-7.415627401033231,-6.883939965533625,-4.232123612218768,-6.7085832552079125,-5.213469290241549,-8.249086683296618,-6.742516052475855,-6.625350454629706,-7.002407160267217,-4.7564202145957575,-5.903636758939686,-7.055247688778541,-6.43419232824193,-6.808433815225034,-6.643758741295618,-7.461103510815614,-5.238870401021808,-5.045309448209198,-6.936221659602765,-7.275659347299905,-5.5102515191500965,-4.842341315566387,-6.146151062068901,-6.075462923601891,-6.622279705308595,-6.0329741604679965,-8.893840457122536,-7.398148806289961,-7.057935895485132,-5.967266768690711,-5.157706120747891,-5.223457174212462,-4.753958635861151,-5.886255309050186,-6.533726514671797,-5.837851212421595,-4.033469985978826,-6.575138516288684,-6.543723085346522
-0.764453109285721,-5.24017464631759,-6.166286962892687,-4.744570315282975,-6.4793245407016515,-7.43016237616425,-7.535053600535791,-5.6493994208601,-5.856777150470705,-5.9673986787907705,-6.676350540972439,-6.817982969399373,-3.7442384999028633,-6.857316814185152,-6.992083862483388,-7.260683733152064,-5.283800901531362,-6.965219754411137,-6.039492929422704,-5.481453723562534,-5.656991316728631,-6.207229800821068,-6.625822314348998,-7.1109206373364815,-7.483866776467353,-6.539553852809554,-8.039781021004075,-6.7794303454485965,-4.219733437832378,-6.844785257470449,-6.71871930127772,-7.101086509413416,-5.360880729835824,-6.507070282285197,-7.843453341881916,-10.359930037779542,-4.9382226719716895,-7.2891332109385125,-6.514570101380384,-6.599918283173748,-5.440832065717276,-6.526674141691206,-6.4652680919737655,-5.990981459161474,-5.417513356391572,-6.000502773275413,-5.990762830172536,-5.55272182897944,-7.536404315753636,-5.589040296863347,-6.518071888493041,-6.042704421709057,-5.901031471737572,-7.000669848590967,-7.821108701348176,-5.501860856016153,-3.3824657111989165,-6.766245688039241,-7.4119405370760445,-5.040929681999608,-5.745091746517207,-6.806078029676204,-5.352407446369776,-7.3801924795584934,-6.858216404182941,-4.218353305756887,-6.686750027960715,-5.198840357838483,-8.214485506289437,-6.725766478772628,-6.6027694755041555,-6.975662714125939,-4.749364737973039,-5.880280453957694,-7.03011541301238,-6.4123761450977135,-6.788126152982809,-6.6168313070785585,-7.435300222891895,-5.218187574490214,-5.026884149452893,-6.908116874656321,-7.251047709452668,-5.490581185280603,-4.827754530624619,-6.124749064444989,-6.054904729584097,-6.5940059816748375,-6.01428126025017,-8.853263885111595,-7.361629263981069,-7.027596107038893,-5.946759036709905,-5.1506537505558825,-5.209553084818138,-4.738871586684534,-5.8686815005251,-6.50753786863376,-5.815954014066602,-4.023302697825231,-6.557494324452851,-6.522224064686979
-0.7600908824078964,-6.50338977163748,-6.141598375960463,-4.7332786278961265,-6.4488901184819865,-7.394209861185554,-7.507766811390643,-5.629253412743995,-5.8349596948611415,-5.948282943357521,-6.649378037654623,-6.79090954251938,-3.7388414729717034,-6.8293110548615825,-6.972965270819137,-7.226370953865607,-5.26430487628849,-6.935490579203489,-6.016138804360035,-5.462160607138144,-5.645977716826763,-6.183512391567083,-6.600271151260109,-7.085604962122535,-7.460148043461517,-6.508574106538325,-8.005263462932575,-6.759060948656477,-4.213357079831002,-6.814832774542784,-6.6908817618077165,-7.069878132703977,-5.348219650197245,-6.487688772555,-7.81554683483142,-10.321219177064673,-4.921449809568352,-7.258281909834609,-6.490657784231293,-6.577562152228195,-5.424505111075418,-6.501819370964535,-6.44566156174643,-5.973604967897786,-5.398461954770944,-5.976553913101269,-5.968794783044576,-5.529495024676174,-7.50685171093332,-5.56845135116643,-6.497779799970902,-6.02324684782134,-5.879993753316787,-6.9708976272659875,-7.786522409712297,-5.481215759536784,-3.375178314797676,-6.745220112878269,-7.388669530514283,-5.028429477053177,-5.726502988544954,-6.780755296622716,-5.330313513820903,-7.344757558083788,-6.832492842832289,-4.204582999295006,-6.6649168007134545,-5.184211425435405,-8.179884329282263,-6.70901690506935,-6.580188496378654,-6.948918267984629,-4.742309261350308,-5.8569241489756765,-7.004983137246274,-6.390559961953515,-6.767818490740614,-6.589903872861493,-7.4094969349682005,-5.197504747958633,-5.008458850696587,-6.880012089709896,-7.226436071605462,-5.470910851411128,-4.813167745682837,-6.103347066821078,-6.034346535566303,-6.565732258041074,-5.9955883600323565,-8.812687313100696,-7.325109721672189,-6.997256318592637,-5.926251304729106,-5.143601380363899,-5.195648995423808,-4.723784537507879,-5.851107692000064,-6.481349222595727,-5.794056815711635,-4.013135409671622,-6.5398501326170555,-6.5007250440274795
-0.7557286555300716,-6.12473375760424,-6.116909789028264,-4.721986940509247,-6.418455696262296,-7.3582573462068455,-7.480480022245501,-5.609107404627883,-5.813142239251559,-5.929167207924272,-6.6224055343368065,-6.763836115639355,-3.733444446040556,-6.801305295538025,-6.953846679154881,-7.192058174579094,-5.244808851045623,-6.9057614039958235,-5.992784679297422,-5.442867490713731,-5.63496411692493,-6.159794982313099,-6.574719988171188,-7.060289286908577,-7.4364293104556864,-6.477594360267157,-7.970745904861043,-6.733804241310018,-4.206980721829588,-6.784880291615142,-6.663044222337745,-7.038669755994544,-5.335558570558654,-6.468307262824735,-7.787640327780912,-10.282508316349823,-4.904676947164996,-7.227430608730742,-6.466745467082196,-6.555206021282648,-5.40817815643356,-6.476964600237869,-6.426055031519107,-5.956228476634092,-5.379410553150317,-5.952605052927121,-5.94682673591664,-5.5062682203729025,-7.477299106113056,-5.547862405469518,-6.4774877114487825,-6.003789273933635,-5.858956034896041,-6.941125405941022,-7.751936118076387,-5.460570663057392,-3.367890918396461,-6.724194537717285,-7.365398523952484,-5.0159292721067406,-5.707914230572696,-6.755432563569203,-5.30821958127206,-7.309322636609037,-6.806769281481611,-4.190812692833138,-6.643083573466269,-5.169582493032338,-8.145283152275038,-6.692267331366111,-6.557607517253066,-6.922173821843383,-4.73525378472759,-5.833567843993678,-6.979850861480131,-6.368743778809291,-6.747510828498401,-6.562976438644439,-7.383693647044469,-5.176821921427064,-4.990033551940288,-6.851907304763471,-7.201824433758218,-5.451240517541659,-4.798580960741068,-6.0819450691971655,-6.0137883415485405,-6.537458534407298,-5.976895459814549,-8.772110741089774,-7.288590179363291,-6.966916530146373,-5.905743572748294,-5.136549010171873,-5.181744906029477,-4.708697488331286,-5.8335338834750345,-6.455160576557702,-5.772159617356661,-4.00296812151802,-6.522205940781254,-6.479226023367918
-0.751366428652247,-6.69041084112627,-6.092221202096033,-4.710695253122379,-6.388021274042599,-7.322304831228174,-7.453193233100358,-5.58896139651179,-5.79132478364204,-5.910051472491016,-6.595433031019002,-6.736762688759374,-3.7280474191094335,-6.773299536214474,-6.934728087490649,-7.157745395292612,-5.225312825802745,-6.876032228788201,-5.969430554234803,-5.4235743742893225,-5.623950517023042,-6.136077573059102,-6.5491688250823366,-7.034973611694631,-7.412710577449843,-6.446614613995959,-7.936228346789549,-6.708547533963591,-4.200604363828192,-6.754927808687482,-6.6352066828677545,-7.00746137928511,-5.322897490920063,-6.448925753094514,-7.759733820730422,-10.243797455634928,-4.887904084761633,-7.196579307626876,-6.442833149933105,-6.5328498903371015,-5.391851201791676,-6.452109829511197,-6.406448501291766,-5.938851985370422,-5.3603591515297015,-5.928656192752959,-5.924858688788685,-5.48304141606963,-7.447746501292791,-5.527273459772618,-6.45719562292665,-5.984331700045907,-5.837918316475269,-6.911353184616055,-7.717349826440519,-5.439925566578023,-3.3606035219952393,-6.703168962556345,-7.342127517390716,-5.003429067160292,-5.68932547260045,-6.730109830515664,-5.286125648723198,-7.273887715134312,-6.781045720130927,-4.177042386371263,-6.621250346219078,-5.154953560629266,-8.110681975267884,-6.675517757662859,-6.535026538127546,-6.895429375702098,-4.7281983081048775,-5.810211539011698,-6.954718585713981,-6.3469275956650995,-6.727203166256213,-6.536049004427373,-7.357890359120756,-5.156139094895477,-4.97160825318397,-6.823802519817039,-7.177212795911019,-5.431570183672178,-4.783994175799306,-6.060543071573285,-5.993230147530771,-6.509184810773541,-5.958202559596735,-8.731534169078877,-7.252070637054392,-6.936576741700117,-5.88523584076747,-5.129496639979864,-5.167840816635121,-4.693610439154657,-5.815960074949974,-6.42897193051967,-5.750262419001681,-3.992800833364387,-6.5045617489454335,-6.457727002708394
-0.7470042017744223,-9.30204434367382,-6.06753261516379,-4.699403565735512,-6.35758685182292,-7.286352316249484,-7.4259064439552045,-5.5688153883956595,-5.769507328032476,-5.89093573705776,-6.568460527701155,-6.709689261879362,-3.7226503921783296,-6.745293776890923,-6.915609495826367,-7.1234326160061485,-5.205816800559885,-6.846303053580547,-5.946076429172127,-5.404281257864896,-5.612936917121197,-6.112360163805086,-6.523617661993429,-7.009657936480697,-7.3889918444440195,-6.41563486772476,-7.9017107887180424,-6.6832908266171325,-4.194228005826784,-6.724975325759815,-6.6073691433977455,-6.976253002575659,-5.310236411281491,-6.42954424336428,-7.731827313679908,-10.205086594920104,-4.871131222358296,-7.1657280065229845,-6.41892083278404,-6.510493759391548,-5.37552424714983,-6.427255058784513,-6.386841971064443,-5.921475494106728,-5.34130774990908,-5.904707332578809,-5.902890641660756,-5.459814611766352,-7.418193896472495,-5.506684514075725,-6.436903534404506,-5.9648741261581835,-5.816880598054485,-6.881580963291089,-7.682763534804615,-5.4192804700986485,-3.3533161255940174,-6.682143387395366,-7.318856510828929,-4.990928862213843,-5.670736714628179,-6.704787097462145,-5.264031716174337,-7.23845279365958,-6.755322158780224,-4.163272079909396,-6.599417118971818,-5.1403246282262,-8.07608079826069,-6.6587681839596,-6.512445559001995,-6.868684929560813,-4.721142831482159,-5.786855234029693,-6.929586309947857,-6.325111412520888,-6.706895504014025,-6.509121570210314,-7.332087071197061,-5.135456268363915,-4.95318295442767,-6.795697734870601,-7.152601158063806,-5.411899849802696,-4.769407390857543,-6.03914107394938,-5.972671953512965,-6.480911087139784,-5.939509659378914,-8.69095759706796,-7.215551094745506,-6.906236953253885,-5.864728108786658,-5.122444269787868,-5.15393672724081,-4.678523389978027,-5.798386266424957,-6.402783284481639,-5.728365220646732,-3.9826335452107786,-6.48691755710962,-6.436227982048852
-0.7426419748965977,-7.74290530424159,-6.042844028231571,-4.688111878348632,-6.327152429603248,-7.250399801270788,-7.398619654810037,-5.54866938027956,-5.747689872422912,-5.871820001624523,-6.541488024383389,-6.682615834999356,-3.7172533652471627,-6.717288017567354,-6.896490904162111,-7.089119836719655,-5.186320775317,-6.816573878372881,-5.922722304109514,-5.3849881414405125,-5.601923317219328,-6.088642754551082,-6.498066498904533,-6.984342261266739,-7.36527311143817,-6.384655121453556,-7.867193230646517,-6.6580341192707175,-4.18785164782542,-6.6950228428321745,-6.579531603927761,-6.945044625866206,-5.297575331642906,-6.410162733634027,-7.703920806629418,-10.166375734205253,-4.854358359954946,-7.134876705419099,-6.395008515634936,-6.488981002246244,-5.359197292507965,-6.402400288057847,-6.367235440837101,-5.904099002843059,-5.3222563482884535,-5.880758472404654,-5.880922594532814,-5.436587807463081,-7.388641291652223,-5.486095568378788,-6.416611445882374,-5.94541655227046,-5.7958428796337325,-6.851808741966135,-7.648177243168711,-5.398635373619262,-3.346028729192809,-6.661117812234413,-7.295585504267148,-4.978428657267401,-5.652147956655889,-6.679464364408638,-5.241937783625482,-7.203017872184843,-6.729598597429566,-4.149501773447496,-6.577583891724614,-5.123704991098856,-8.041479621253503,-6.642018610256354,-6.489864579876469,-6.841940483419504,-4.714087354859459,-5.7634989290477,-6.9044540341817076,-6.303295229376696,-6.686587841771812,-6.482194135993217,-7.306283783273317,-5.114773441832302,-4.934757655671346,-6.7675929499241825,-7.127989520216576,-5.392229515933221,-4.754820605915769,-6.017739076325462,-5.95211375949519,-6.452637363506026,-5.920816759161107,-8.650381025057039,-7.17903155243662,-6.875897164807634,-5.844220376805841,-5.115391899595841,-5.140032637846467,-4.663436340801403,-5.780812457899908,-6.376594638443613,-5.706468022291728,-3.972466257057196,-6.469273365273799,-6.41472896138934
-0.7382797480187729,-6.12718473420148,-6.018155441299347,-4.676820190961771,-6.296718007383558,-7.214447286292098,-7.371332865664901,-5.528523372163468,-5.725872416813367,-5.8527042661912745,-6.514515521065547,-6.655542408119356,-3.71185633831604,-6.68928225824379,-6.877372312497867,-7.054807057433166,-5.166824750074146,-6.786844703165259,-5.899368179046882,-5.365695025016104,-5.590909717317477,-6.06492534529711,-6.472515335815644,-6.9590265860527865,-7.341554378432333,-6.353675375182389,-7.832675672575005,-6.632777411924265,-4.181475289824,-6.665070359904502,-6.551694064457771,-6.9138362491567795,-5.284914252004316,-6.390781223903799,-7.676014299578947,-10.127664873490358,-4.83758549755159,-7.104025404315233,-6.3710961984858585,-6.4705892042137485,-5.3428703378661,-6.377545517331194,-6.347628910609766,-5.886722511579364,-5.303204946667826,-5.856809612230517,-5.858954547404885,-5.413361003159815,-7.359088686831921,-5.465506622681896,-6.396319357360236,-5.925958978382737,-5.774805161212948,-6.82203652064115,-7.61359095153282,-5.377990277139869,-3.3387413327915745,-6.640092237073467,-7.272314497705361,-4.965928452320964,-5.633559198683643,-6.654141631355131,-5.219843851076646,-7.167582950710123,-6.703875036078881,-4.135731466985634,-6.5557506644774035,-5.104029964453306,-8.006878444246322,-6.62526903655312,-6.467283600750906,-6.815196037278251,-4.707031878236741,-5.740142624065696,-6.879321758415564,-6.281479046232478,-6.666280179529623,-6.4552667017761705,-7.280480495349604,-5.094090615300721,-4.916332356915046,-6.739488164977764,-7.103377882369351,-5.372559182063739,-4.740233820973981,-5.99633707870155,-5.93155556547739,-6.424363639872245,-5.902083525123365,-8.609804453046097,-7.142512010127728,-6.845557376361372,-5.823712644825048,-5.10833952940384,-5.126128548452143,-4.648349291624785,-5.763238649374866,-6.350405992405581,-5.684570823936735,-3.962298968903575,-6.4516291734380165,-6.393229940729797
-0.7339175211409483,-6.42788290092506,-5.993466854367123,-4.665528503574891,-6.266283585163861,-7.178494771313415,-7.344046076519747,-5.508377364047343,-5.704054961203797,-5.833588530758031,-6.487543017747743,-6.628468981239356,-3.7064593113848927,-6.661276498920233,-6.858253720833617,-7.020494278146684,-5.147328724831255,-6.757115527957623,-5.876014053984219,-5.34640190859169,-5.579896117415614,-6.0412079360431,-6.446964172726774,-6.933710910838859,-7.317835645426509,-6.322695628911178,-7.798158114503491,-6.607520704577801,-4.175098931822598,-6.635117876976866,-6.523856524987767,-6.882627872447346,-5.272253172365762,-6.371399714173565,-7.648107792528426,-10.088954012775496,-4.820812635148234,-7.07317410321136,-6.347183881336755,-6.452197406181215,-5.3265433832242355,-6.352690746604522,-6.328022380382437,-5.869346020315701,-5.284153545047211,-5.832860752056356,-5.836986500276937,-5.3901341988565425,-7.329536082011656,-5.4449176769850025,-6.37602726883811,-5.906501404495033,-5.753767442792201,-6.792264299316184,-7.579004659896941,-5.357345180660488,-3.3314539363903526,-6.619066661912532,-7.249043491143574,-4.953428247374539,-5.614970440711415,-6.628818898301593,-5.197749918527791,-7.132148029235361,-6.678151474728223,-4.121961160523728,-6.533917437230181,-5.084354937807749,-7.9722772672391296,-6.608519462849856,-6.44470262162538,-6.7884515911369725,-4.699976401614016,-5.716786319083703,-6.854189482649439,-6.2596628630882805,-6.645972517287404,-6.428339267559117,-7.254677207425884,-5.0734077887691456,-4.89790705815874,-6.711383380031326,-7.078766244522126,-5.352888848194246,-4.7256470360322,-5.974935081077657,-5.910997371459602,-6.396089916238505,-5.878303830794526,-8.5692278810352,-7.1059924678188295,-6.815217587915096,-5.803204912844248,-5.101287159211819,-5.112224459057793,-4.633262242448156,-5.745664840849818,-6.324217346367562,-5.66267362558178,-3.9521316807499662,-6.433984981602196,-6.371730920070273
-0.7295552942631236,-5.00370487593521,-5.96877826743488,-4.654236816188011,-6.235849162944164,-7.142542256334706,-7.3167592873745795,-5.4882313559312506,-5.682237505594233,-5.814472795324794,-6.460570514429933,-6.601395554359357,-3.7010622844537453,-6.6332707395966946,-6.8391351291693665,-6.986181498860202,-5.127832699588408,-6.727386352749939,-5.852659928921594,-5.327108792167277,-5.568882517513732,-6.017490526789096,-6.421413009637871,-6.908395235624894,-7.294116912420666,-6.291715882639986,-7.763640556431978,-6.582263997231361,-4.168722573821215,-6.605165394049213,-6.496018985517783,-6.851419495737913,-5.259592092727146,-6.352018204443343,-7.620201285477955,-10.050243152060652,-4.804039772744891,-7.0423228021074875,-6.323271564187696,-6.433805608148713,-5.310216428582358,-6.327835975877844,-6.3084158501550895,-5.8519695290520195,-5.265102143426602,-5.808911891882213,-5.815018453149001,-5.366907394553252,-7.29998347719136,-5.424328731288084,-6.355735180315965,-5.887043830607309,-5.732729724371417,-6.7624920779912365,-7.54441836826103,-5.336700084181102,-3.3241665399891254,-6.5980410867515475,-7.225772484581794,-4.940928042428085,-5.596381682739144,-6.603496165248092,-5.175655985978916,-7.096713107760635,-6.652427913377526,-4.108190854061872,-6.512084209982952,-5.064679911162199,-7.937676090231919,-6.591769889146609,-6.422121642499848,-6.7617071449956505,-4.692920924991273,-5.693430014101674,-6.829057206883277,-6.237846679944088,-6.625664855045209,-6.401411833342052,-7.228873919502183,-5.052724962237577,-4.879481759402416,-6.683278595084895,-7.054154606674921,-5.333218514324751,-4.711060251090462,-5.953533083453752,-5.890439177441833,-6.36781619260473,-5.854524136465631,-8.528651309024271,-7.0694729255099436,-6.784877799468877,-5.782697180863412,-5.094234789019792,-5.0983203696634565,-4.618175193271538,-5.728091032324782,-6.298028700329524,-5.640776427226788,-3.941964392596377,-6.416340789766369,-6.350231899410736
-0.725193067385299,-5.97326139149038,-5.944089680502655,-4.6429451288011565,-6.2054147407244855,-7.106589741356034,-7.289472498229437,-5.468085347815139,-5.660420049984706,-5.795357059891526,-6.433598011112111,-6.574322127479344,-3.695665257522629,-6.605264980273119,-6.820016537505117,-6.9518687195737074,-5.108336674345535,-6.69765717754231,-5.829305803858975,-5.3078156757428685,-5.557868917611868,-5.993773117535068,-6.395861846548963,-6.8830795604109545,-7.270398179414823,-6.260736136368793,-7.729122998360466,-6.55700728988494,-4.162346215819814,-6.575212911121565,-6.468181446047787,-6.820211119028479,-5.24693101308858,-6.332636694713097,-7.592294778427428,-10.011532291345796,-4.787266910341547,-7.011471501003621,-6.299359247038611,-6.415413810116187,-5.293889473940506,-6.302981205151166,-6.288809319927779,-5.834593037788338,-5.246050741805962,-5.784963031708064,-5.793050406021047,-5.343680590249999,-7.270430872371095,-5.403739785591185,-6.335443091793845,-5.8675862567195685,-5.711692005950652,-6.732719856666257,-7.509832076625157,-5.316054987701746,-3.316879143587916,-6.577015511590582,-7.202501478020007,-4.928427837481635,-5.577792924766898,-6.578173432194572,-5.153562053430043,-7.0612781862859295,-6.626704352026867,-4.094420547600004,-6.490250982735742,-5.045004884516642,-7.903074913224744,-6.575020315443376,-6.399540663374291,-6.734962698854379,-4.68586544836858,-5.670073709119687,-6.802496699026314,-6.216030496799889,-6.605357192803015,-6.374484399124955,-7.203070631578464,-5.032042135705983,-4.86105646064611,-6.655173810138469,-7.029542968827708,-5.31354818045527,-4.696473466148681,-5.932131085829852,-5.869880983424052,-6.339542468970992,-5.830744442136767,-8.488074737013342,-7.032953383201058,-6.754538011022588,-5.762189448882619,-5.087182418827808,-5.084416280269145,-4.603088144094914,-5.710517223799765,-6.271840054291511,-5.61887922887182,-3.931797104442781,-6.398696597930567,-6.328732878751194
-0.7208308405074743,-9.22264587465616,-5.919401093570431,-4.6316534414143025,-6.174980318504795,-7.070637226377325,-7.262185709084295,-5.447939339699052,-5.6386025943751426,-5.776241324458277,-6.406625507794301,-6.547248700599351,-3.690268230591488,-6.57725922094958,-6.80089794584086,-6.917555940287232,-5.088840649102663,-6.6679280023346434,-5.805951678796318,-5.28852255931846,-5.546855317710018,-5.970055708281096,-6.370310683460087,-6.85776388519699,-7.246679446408986,-6.229756390097608,-7.694605440288972,-6.531750582538487,-4.155969857818412,-6.545260428193911,-6.44034390657779,-6.789002742319028,-5.234269933449996,-6.313255184982856,-7.5643882713769575,-9.972821430630933,-4.770494047938178,-6.980620199899755,-6.275446929889502,-6.397022012083678,-5.277562519298629,-6.278126434424494,-6.269202789700444,-5.817216546524668,-5.226999340185359,-5.761014171533902,-5.771082358893118,-5.320453785946727,-7.240878267550824,-5.38315083989428,-6.315151003271713,-5.84812868283187,-5.690654287529893,-6.702947635341285,-7.475245784989235,-5.295409891222346,-3.3095917471866887,-6.555989936429642,-7.179230471458233,-4.915927632535193,-5.559204166794627,-6.552850699141059,-5.131468120881219,-7.0258432648111855,-6.6009807906761955,-4.080650241138124,-6.468417755488526,-5.025329857871067,-7.868473736217551,-6.558270741740098,-6.376959684248765,-6.708218252713107,-4.678809971745868,-5.646717404137695,-6.772195497227969,-6.194214313655679,-6.585049530560807,-6.347556964907902,-7.177267343654744,-5.01135930917439,-4.842631161889792,-6.627069025192044,-7.004931330980471,-5.293877846585807,-4.681886681206887,-5.910729088205928,-5.849322789406283,-6.311268745337221,-5.806964747807903,-8.447498165002457,-6.996433840892159,-6.724198222576344,-5.74168171690182,-5.080130048635819,-5.0705121908747826,-4.588001094918266,-5.69294341527471,-6.245651408253466,-5.596982030516853,-3.92162981628916,-6.381052406094747,-6.307233858091676
-0.7164686136296496,-7.78483247131453,-5.8947125066382,-4.62036175402741,-6.144545896285117,-7.034684711398648,-7.234898919939128,-5.42779333158294,-5.616785138765579,-5.757125589025046,-6.379653004476472,-6.520175273719344,-3.684871203660353,-6.549253461626004,-6.781113193504538,-6.883243161000744,-5.069344623859778,-6.6388243885983425,-5.782597553733704,-5.269229442894046,-5.535841717808161,-5.946338299027074,-6.3447595203711975,-6.832448209983044,-7.222960713403125,-6.198776643826416,-7.660087882217446,-6.506493875192067,-4.14959349981701,-6.51530794526622,-6.412506367107806,-6.757794365609581,-5.221608853811423,-6.2938736752526285,-7.536481764326449,-9.934110569916088,-4.753721185534854,-6.949768898795857,-6.251534612740448,-6.378630214051164,-5.261235564656788,-6.253271663697848,-6.249596259473096,-5.799840055260974,-5.207947938564713,-5.737065311359772,-5.749114311765176,-5.297226981643467,-7.21132566273054,-5.362561894197368,-6.2948589147496,-5.8286711089441345,-5.669616569109095,-6.673175414016312,-7.440659493353336,-5.274764794742991,-3.302304350785467,-6.53496436126867,-7.15595946489644,-4.903427427588762,-5.540615408822356,-6.527527966087521,-5.109374188332339,-6.99040834333646,-6.575257229325512,-4.066879934676249,-6.44471520697593,-5.005654831225503,-7.83387255921037,-6.541521168036852,-6.35437870512322,-6.68147380657181,-4.671754495123156,-5.62336109915569,-6.741894295429625,-6.172398130511499,-6.564741868318613,-6.320629530690854,-7.151464055731037,-4.990676482642821,-4.824205863133493,-6.598964240245612,-6.9803196931332465,-5.274207512716326,-4.667299896265137,-5.889327090582029,-5.828764595388502,-6.282995021703452,-5.783185053479046,-8.406921592991528,-6.959914298583261,-6.6938584341300995,-5.721173984921021,-5.073077678443774,-5.056608101480465,-4.572914045741686,-5.675369606749668,-6.219462762215435,-5.575084832161867,-3.911462528135565,-6.363408214258945,-6.285734837432152
-0.7121063867518249,-6.90404085013941,-5.870023919705982,-4.609070066640568,-6.114111474065426,-6.998732196419939,-7.207612130793967,-5.407647323466847,-5.594967683156009,-5.738009853591784,-6.352680501158662,-6.493101846839338,-3.6794741767292303,-6.521247702302478,-6.7598724739319955,-6.84893038171425,-5.049848598616906,-6.611352989053418,-5.759243428671035,-5.249936326469663,-5.5248281179062975,-5.922620889773089,-6.319208357282308,-6.807132534769104,-7.1992419803973,-6.167796897555229,-7.6255703241459205,-6.481237167845621,-4.143217141815628,-6.485355462338585,-6.384668827637834,-6.726585988900155,-5.208947774172845,-6.274492165522395,-7.5085752572759406,-9.895399709201213,-4.73694832313151,-6.918917597691984,-6.227622295591333,-6.36023841601865,-5.244908610014886,-6.228416892971157,-6.229989729245748,-5.782463563997311,-5.188896536944073,-5.713116451185604,-5.727146264637259,-5.274000177340183,-7.181773057910269,-5.3419729485004686,-6.274566826227437,-5.809213535056405,-5.6485788506883425,-6.6434031926913715,-7.406073201717451,-5.254119698263622,-3.2950169543842636,-6.5139387861077225,-7.1326884583346715,-4.890927222642332,-5.522026650850111,-6.502205233034014,-5.087280255783496,-6.954973421861716,-6.549533667974815,-4.053109628214356,-6.417653758297379,-4.985979804579947,-7.799271382203183,-6.5247715943335995,-6.331797725997669,-6.654729360430531,-4.664699018500431,-5.600004794173673,-6.711593093631318,-6.150581947367288,-6.544434206076419,-6.293702096473745,-7.125660767807318,-4.969993656111252,-4.805780564377187,-6.5708594552991935,-6.9557080552860215,-5.254537178846844,-4.65271311132335,-5.867925092958142,-5.808206401370726,-6.254721298069682,-5.759405359150169,-8.366345020980601,-6.9233947562743685,-6.663518645683818,-5.700666252940178,-5.066025308251765,-5.042704012086128,-4.557826996565031,-5.65779579822462,-6.193274116177415,-5.553187633806886,-3.9012952399819625,-6.345764022423118,-6.264235816772609
-0.7077441598740003,-8.65905754431069,-5.845335332773739,-4.597778379253707,-6.083677051845723,-6.962779681441268,-7.18032534164885,-5.3875013153507165,-5.573150227546457,-5.718894118158522,-6.325707997840852,-6.466028419959351,-3.674077149798083,-6.493241942978915,-6.738631754359466,-6.814617602427786,-5.0303525733740395,-6.5804759123863805,-5.735889303608422,-5.230643210045236,-5.513814518004453,-5.898903480519086,-6.293657194193432,-6.781816859555132,-7.175523247391444,-6.136817151284031,-7.59105276607442,-6.455980460499169,-4.136840783814232,-6.4554029794109,-6.356831288167838,-6.6953776121906845,-5.196286694534248,-6.255110655792161,-7.4806687502254565,-9.856688848486344,-4.720175460728147,-6.888066296588105,-6.2037099784422605,-6.341846617986135,-5.22858165537304,-6.203562122244491,-6.210383199018413,-5.765087072733623,-5.169845135323452,-5.689167591011461,-5.705178217509292,-5.250773373036886,-7.152220453089966,-5.321384002803575,-6.2542747377053045,-5.789755961168682,-5.62754113226759,-6.6136309713663985,-7.371486910081541,-5.233474601784235,-3.2877295579830363,-6.492913210946751,-7.109417451772872,-4.878427017695877,-5.503437892877846,-6.476882499980501,-5.065186323234654,-6.9195385003869845,-6.523810106624163,-4.039339321752469,-6.390592309618778,-4.966304777934384,-7.764670205195972,-6.508022020630348,-6.3092167468721305,-6.6279849142892475,-4.6576435418777375,-5.576648489191674,-6.681291891832998,-6.1287657642230835,-6.5241265438342,-6.266774662256711,-7.099857479883599,-4.94931082957964,-4.787355265620888,-6.54275467035275,-6.931096417438797,-5.234866844977388,-4.638126326381575,-5.8465230953342235,-5.787648207352933,-6.226447574435919,-5.735625664821305,-8.32576844896971,-6.886875213965495,-6.633178857237573,-5.680158520959392,-5.058972938059769,-5.028799922691785,-4.542739947388402,-5.640221989699572,-6.167085470139408,-5.531290435451913,-3.8911279518283353,-6.328119830587311,-6.242736796113078
-0.7033819329961756,-7.32224624727648,-5.820646745841502,-4.586486691866827,-6.053242629626051,-6.926827166462553,-7.1530385525036895,-5.3673553072345985,-5.551332771936913,-5.69977838272531,-6.298735494523042,-6.438954993079345,-3.6686801228669355,-6.465236183655345,-6.717391034786943,-6.78030482314131,-5.010856548131161,-6.54959883571935,-5.712535178545778,-5.211350093620823,-5.502800918102565,-5.875186071265082,-6.268106031104524,-6.756501184341199,-7.1518045143856135,-6.105837405012826,-7.556535208002908,-6.430723753152717,-4.13046442581283,-6.42545049648329,-6.328993748697834,-6.664169235481238,-5.18362561489567,-6.2357291460619395,-7.452762243174961,-9.817977987771487,-4.703402598324791,-6.857214995484245,-6.179797661293189,-6.323454819953627,-5.212254700731181,-6.178707351517844,-6.190776668791096,-5.747710581469941,-5.1507937337028435,-5.665218730837312,-5.683210170381363,-5.227546568733627,-7.122667848269683,-5.300795057106651,-6.233982649183197,-5.770298387280966,-5.606503413846843,-6.58385875004142,-7.336900618445662,-5.212829505304861,-3.2804421615818207,-6.4718876357857855,-7.086146445211098,-4.8659268127494215,-5.4848491349055815,-6.451559766926976,-5.043092390685767,-6.8841035789122405,-6.498086545273466,-4.0255690152905945,-6.363530860940185,-4.946629751288846,-7.730069028188797,-6.491272446927102,-6.286635767746598,-6.601240468147963,-4.6505880652550005,-5.553292184209675,-6.650990690034667,-6.106949581078897,-6.503818881592018,-6.239847228039639,-7.074054191959879,-4.928628003048077,-4.768929966864551,-6.5146498854063175,-6.906484779591597,-5.215196511107912,-4.623539541439812,-5.825121097710331,-5.767090013335151,-6.198173850802167,-5.711845970492422,-8.28519187695878,-6.850355671656584,-6.602839068791348,-5.659650788978574,-5.051920567867762,-5.014895833297461,-4.527652898211796,-5.622648181174537,-6.140896824101365,-5.509393237096921,-3.88096066367474,-6.310475638751496,-6.2172689441082865
-0.699019706118351,-9.45072771947797,-5.795958158909285,-4.5751950044799345,-6.022808207406366,-6.890874651483876,-7.125751763358529,-5.347209299118505,-5.529515316327362,-5.680662647292036,-6.271762991205238,-6.411881566199358,-3.663283095935819,-6.437230424331794,-6.696150315214408,-6.7459920438548036,-4.9913605228882885,-6.51872175905232,-5.689181053483134,-5.192056977196439,-5.491787318200714,-5.851468662011103,-6.2425548680156275,-6.731185509127252,-7.1280857813797835,-6.0748576587416405,-7.522017649931401,-6.4054670458062954,-4.124088067811423,-6.395498013555612,-6.301156209227862,-6.632960858771824,-5.170964535257103,-6.216347636331699,-7.424855736124459,-9.779267127056643,-4.6866297359214295,-6.826363694380353,-6.155885344144085,-6.305063021921113,-5.195927746089317,-6.153852580791178,-6.171170138563742,-5.730334090206241,-5.131742332082228,-5.641269870663157,-5.661242123253415,-5.2043197644303545,-7.093115243449424,-5.2802061114097585,-6.2136905606610275,-5.750840813393261,-5.585465695426047,-6.554086528716447,-7.302314326809783,-5.192184408825493,-3.273154765180574,-6.450862060624832,-7.0628754386493355,-4.853426607803004,-5.466260376933348,-6.426237033873456,-5.020998458136918,-6.8486686574375275,-6.472362983922801,-4.011798708828732,-6.336469412261634,-4.926954724643264,-7.695467851181592,-6.474522873223843,-6.264054788621035,-6.574496022006672,-4.643532588632276,-5.5299358792276765,-6.620689488236335,-6.085133397934686,-6.483511219349804,-6.2129197938225795,-7.048250904036185,-4.90794517651649,-4.750504668108232,-6.486545100459892,-6.881873141744379,-5.195526177238425,-4.608952756498037,-5.803719100086401,-5.746531819317376,-6.16990012716841,-5.688066276163564,-8.244615304947859,-6.813836129347698,-6.5724992803450855,-5.6391430569977805,-5.044868197675747,-5.000991743903118,-4.512565849035172,-5.6050743726494945,-6.114708178063326,-5.487496038741953,-3.8707933755211315,-6.292831446915708,-6.190458818849309
-0.6946574792405262,-4.09813554247847,-5.771269571977047,-4.563903317093086,-5.992373785186663,-6.854922136505167,-7.098464974213368,-5.3270632910024,-5.5076978607177915,-5.661546911858792,-6.2447904878874345,-6.384808139319315,-3.6578860690046646,-6.409224665008237,-6.674909595641872,-6.711679264568321,-4.971864497645429,-6.487844682385302,-5.665826928420496,-5.172763860772013,-5.480773718298857,-5.827751252757087,-6.217003704926726,-6.705869833913269,-7.104367048373922,-6.043877912470455,-7.487500091859869,-6.380210338459843,-4.117711709810027,-6.36554553062797,-6.2733186697578285,-6.601752482062372,-5.158303455618506,-6.196966126601446,-7.396949229073969,-9.740556266341775,-4.669856873518104,-6.795512393276474,-6.131973026995014,-6.286671223888591,-5.1796007914474265,-6.128997810064507,-6.151563608336425,-5.71295759894259,-5.112690930461613,-5.617321010489001,-5.6392740761255045,-5.181092960127095,-7.063562638629116,-5.259617165712865,-6.193398472138933,-5.731383239505532,-5.564427977005281,-6.5243143073914815,-7.267728035173872,-5.171539312346081,-3.2658673687793716,-6.429836485463885,-7.039604432087536,-4.840926402856542,-5.447671618961064,-6.4009143008199425,-4.998904525588063,-6.813233735962778,-6.446639422572117,-3.9980284023668453,-6.309407963583059,-4.907279697997682,-7.6608666741743985,-6.457773299520603,-6.241473809495534,-6.547751575865375,-4.636477112009582,-5.506579574245659,-6.590388286438004,-6.063317214790469,-6.46320355710761,-6.185992359605495,-7.022447616112446,-4.887262349984915,-4.732079369351952,-6.458440315513467,-6.857261503897147,-5.175855843368924,-4.594365971556256,-5.782317102462514,-5.725973625299576,-6.141626403534647,-5.6642865818347,-8.204038732936954,-6.7773165870388,-6.542159491898822,-5.618635325016963,-5.037815827483732,-4.987087654508781,-4.49747879985853,-5.587500564124459,-6.088519532025301,-5.465598840386986,-3.8606260873675238,-6.275187255079893,-6.16364869359032
-0.6902952523627016,-7.99497227689491,-5.746580985044817,-4.552611629706206,-5.9619393629669855,-6.81896962152647,-7.071178185068238,-5.306917282886288,-5.485880405108253,-5.642431176425556,-6.2178179845696055,-6.357734712439314,-3.652489042073542,-6.3812189056846735,-6.6536688760693234,-6.677366485281852,-4.952368472402544,-6.456967605718283,-5.642472803357857,-5.153470744347611,-5.4697601183969935,-5.804033843503078,-6.191452541837855,-6.680554158699354,-7.080648315368103,-6.012898166199256,-7.452982533788375,-6.354953631113422,-4.1113353518086315,-6.335593047700297,-6.245481130287869,-6.570544105352945,-5.145642375979959,-6.177584616871237,-7.369042722023455,-9.701845405626925,-4.653081451940035,-6.764661092172621,-6.108060709845916,-6.268279425856077,-5.163273836805568,-6.104143039337822,-6.13195707810909,-5.695581107678934,-5.093639528840986,-5.59337215031484,-5.6173060289975565,-5.157866155823811,-7.034010033808857,-5.2390282200159595,-6.173106383616769,-5.711925665617815,-5.543390258584535,-6.494542086066521,-7.23314174353798,-5.150894215866719,-3.2585799723781497,-6.408810910302914,-7.016333425525769,-4.828426197910118,-5.429082860988812,-6.375591567766442,-4.976810593039227,-6.77779881448804,-6.420915861221465,-3.984258095904978,-6.2823465149044955,-4.887604671352144,-7.6262654971672115,-6.441023725817363,-6.218892830369952,-6.52100712972411,-4.62942163538687,-5.483223269263661,-6.560087084639678,-6.041501031646277,-6.442895894865403,-6.15906492538843,-6.996644328188733,-4.866579523453321,-4.713654070595615,-6.430335530567042,-6.832649866049936,-5.1561855094994185,-4.579779186614481,-5.760915104838608,-5.705415431281813,-6.113352679900877,-5.64050688750583,-8.163462160926025,-6.740797044729895,-6.511819703452559,-5.598127593036158,-5.03076345729173,-4.973183565114463,-4.482391750681913,-5.569926755599429,-6.062330885987269,-5.443701642032019,-3.8504587992139214,-6.257543063244086,-6.136838568331348
-0.6859330254848769,-8.42186643149607,-5.721892398112611,-4.541319942319339,-5.931504940747295,-6.783017106547793,-7.043891395923077,-5.286771274770195,-5.464062949498695,-5.6233154409923065,-6.190845481251783,-6.330661285559321,-3.647092015142376,-6.353213146361147,-6.632428156496819,-6.643053705995351,-4.9328724471596965,-6.426090529051234,-5.619118678295226,-5.1341776279232025,-5.45874651849513,-5.7803164342491,-6.165901378748985,-6.655238483485402,-7.056929582362261,-5.981918419928089,-7.418464975716837,-6.3296969237669884,-4.104958993807236,-6.305640564772662,-6.217643590817873,-6.539335728643486,-5.132981296341343,-6.1582031071410155,-7.341136214972958,-9.663134544912067,-4.636300959619683,-6.73380979106871,-6.084148392696826,-6.249887627823569,-5.146946882163704,-6.079288268611145,-6.112350547881748,-5.678204616415208,-5.074588127220346,-5.5694232901407155,-5.595337981869615,-5.134639351520551,-7.004457428988579,-5.2184392743190475,-6.152814295094669,-5.692468091730086,-5.522352540163744,-6.464769864741568,-7.198555451902089,-5.130249119387338,-3.2512925759769598,-6.387785335141948,-6.993062418963976,-4.815925992963676,-5.410494103016578,-6.350268834712916,-4.954716660490366,-6.742363893013309,-6.395192299870762,-3.970487789443097,-6.255285066225914,-4.867929644706593,-7.591664320160032,-6.4242741521140925,-6.196311851244444,-6.494262683582813,-4.622366158764152,-5.459866964281669,-6.529785882841377,-6.019684848502078,-6.422588232623178,-6.132137491171383,-6.970841040265026,-4.845896696921733,-4.695228771839334,-6.402230745620611,-6.8080382282026735,-5.136515175629943,-4.565192401672737,-5.7395131072147025,-5.684857237264019,-6.085078956267114,-5.616727193176966,-8.122885588915103,-6.7042775024210215,-6.481479915006333,-5.577619861055365,-5.02371108709971,-4.959279475720132,-4.467304701505301,-5.552352947074374,-6.03614223994925,-5.421804443677033,-3.840291511060313,-6.239898871408259,-6.110028443072371
-0.6815707986070524,-4.74778118935396,-5.6972038111803744,-4.5300282549324775,-5.901070518527598,-6.747064591569103,-7.016604606777935,-5.266625266654077,-5.442245493889131,-5.604199705559051,-6.1638729779339725,-6.303587858679309,-3.641694988211272,-6.325207387037559,-6.611187436924302,-6.608740926708882,-4.913376421916824,-6.39521345238421,-5.595764553232575,-5.114884511498776,-5.447732918593261,-5.7565990249951025,-6.140350215660077,-6.629922808271443,-7.033210849356436,-5.950938673656878,-7.383947417645343,-6.304440216420542,-4.098582635805828,-6.27568808184499,-6.189806051347875,-6.50812735193406,-5.120320216702752,-6.13882159741075,-7.313229707922475,-9.624423684197211,-4.619520467299337,-6.702958489964837,-6.060236075547741,-6.231495829791074,-5.130619927521858,-6.052623463369506,-6.092744017654413,-5.660828125151558,-5.0555367255997306,-5.545474429966554,-5.573369934741654,-5.111412547217279,-6.97490482416829,-5.197850328622149,-6.132522206572506,-5.673010517842356,-5.501314821742985,-6.434997643416595,-7.163969160266185,-5.1096040229079644,-3.2440051795757316,-6.366759759980988,-6.969791412402195,-4.803425788017239,-5.391905345044332,-6.324946101659378,-4.932622727941504,-6.706928971538583,-6.369468738520097,-3.956717482981235,-6.228223617547326,-4.848254618061037,-7.557063143152838,-6.4061410454454695,-6.1737308721188935,-6.4675182374415465,-4.615310682141439,-5.436510659299663,-6.499484681043002,-5.997868665357861,-6.402280570380989,-6.1052100569542915,-6.9450377523413005,-4.825213870390159,-4.676803473083016,-6.374125960674173,-6.7834265903555115,-5.116844841760493,-4.550605616730956,-5.718111109590791,-5.664299043246238,-6.05680523263335,-5.592947498848096,-8.0823090169042,-6.6677579601121355,-6.451140126560052,-5.557112129074547,-5.016658716907708,-4.945375386325783,-4.452217652328665,-5.534779138549332,-6.0099535939111925,-5.399907245322052,-3.830124222906699,-6.222254679572438,-6.083218317813394
-0.6772085717292277,-9.60352562492334,-5.672515224248137,-4.518736567545598,-5.870636096307925,-6.7111120765904255,-6.989317817632774,-5.246479258537959,-5.420428038279586,-5.5850839701258135,-6.136900474616169,-6.276514431799334,-3.636297961280131,-6.297201627714021,-6.589946717351736,-6.574428147422406,-4.893880396673927,-6.364336375717174,-5.572410428169944,-5.095591395074375,-5.4367193186914164,-5.7328816157410865,-6.114799052571188,-6.604607133057472,-7.009492116350574,-5.919958927385661,-7.349429859573823,-6.279183509074065,-4.092206277804458,-6.245735598917336,-6.161968511877891,-6.476918975224633,-5.1076591370641795,-6.119440087680536,-7.2853232008719795,-9.585712823482348,-4.6027399749789835,-6.672107188860971,-6.036323758398657,-6.213104031758553,-5.114292972879974,-6.02227689197256,-6.073137487427071,-5.643451633887869,-5.036485323979109,-5.521525569792392,-5.55140188761375,-5.088185742913988,-6.945352219348031,-5.177261382925237,-6.112230118050386,-5.653552943954646,-5.480277103322219,-6.4052254220916165,-7.129382868630293,-5.08895892642859,-3.2367177831744973,-6.345734184820048,-6.946520405840408,-4.790925583070803,-5.373316587072067,-6.299623368605878,-4.910528795392649,-6.671494050063864,-6.3437451771694064,-3.942947176519329,-6.201162168868775,-4.82857959141548,-7.522461966145664,-6.3838969871704405,-6.151149892993336,-6.440773791300243,-4.608255205518721,-5.413154354317671,-6.4691834792446885,-5.976052482213663,-6.381972908138782,-6.078282622737257,-6.919234464417581,-4.804531043858578,-4.658378174326704,-6.346021175727754,-6.758814952508268,-5.097174507890992,-4.536018831789181,-5.69670911196691,-5.643740849228463,-6.028531508999599,-5.569167804519226,-8.041732444893265,-6.631238417803243,-6.420800338113788,-5.536604397093735,-5.009606346715687,-4.931471296931459,-4.4371306031520605,-5.517205330024278,-5.983764947873167,-5.378010046967066,-3.819956934753103,-6.204610487736637,-6.056408192554385
-0.6728463448514029,-8.02596340505314,-5.647826637315919,-4.50744488015873,-5.840201674088241,-6.675159561611723,-6.962031028487619,-5.22633325042186,-5.398610582670028,-5.56596823469254,-6.1099279712983465,-6.2494410049193405,-3.630900934348996,-6.26919586839047,-6.568705997779231,-6.540115368135893,-4.87438437143108,-6.333459299050162,-5.549056303107306,-5.076298278649954,-5.425705718789534,-5.709164206487083,-6.089247889482299,-6.579291457843551,-6.985773383344757,-5.8889791811144745,-7.314912301502329,-6.253926801727644,-4.0858299198030625,-6.2157831159896695,-6.134130972407907,-6.445710598515187,-5.094998057425595,-6.100058577950295,-7.257416693821489,-9.547001962767492,-4.585959482658644,-6.641255887757092,-6.012411441249578,-6.194712233726032,-5.097966018238109,-5.991930320575646,-6.053530957199748,-5.626075142624156,-5.017433922358501,-5.497576709618262,-5.5294338404857895,-5.064958938610736,-6.915799614527735,-5.156672437228331,-6.091938029528241,-5.6340953700669045,-5.459239384901442,-6.375453200766668,-7.094796576994389,-5.068313829949215,-3.22943038677327,-6.324708609659114,-6.923249399278627,-4.778425378124347,-5.354727829099803,-6.274300635552364,-4.888434862843788,-6.63605912858912,-6.318021615818729,-3.929176870057436,-6.174100720190188,-4.808904564769905,-7.4878607891384705,-6.361652928895405,-6.1285689138678165,-6.414029345158953,-4.60119972889599,-5.389798049335666,-6.438882277446357,-5.954236299069477,-6.361665245896594,-6.051355188520179,-6.8934311764938805,-4.7838482173270025,-4.639952875570386,-6.317916390781316,-6.734203314661049,-5.077504174021517,-4.5214320468474,-5.67530711434298,-5.623182655210681,-6.00025778536583,-5.545388110190349,-8.001155872882366,-6.594718875494357,-6.390460549667544,-5.516096665112949,-5.002553976523685,-4.91756720753711,-4.422043553975437,-5.499631521499267,-5.9575763018351475,-5.3561128486121055,-3.809789646599488,-6.186966295900816,-6.029598067295414
-0.6684841179735783,-4.03322638821331,-5.623138050383682,-4.496153192771857,-5.809767251868545,-6.639207046633027,-6.934744239342464,-5.206187242305754,-5.376793127060452,-5.5468524992592965,-6.082955467980536,-6.222367578039347,-3.6255039074178486,-6.241190109066925,-6.547465278206695,-6.505802588849411,-4.854888346188194,-6.302582222383137,-5.52570217804468,-5.0570051622255585,-5.414692118887671,-5.685446797233092,-6.063696726393422,-6.553975782629611,-6.96205465033892,-5.8579994348433075,-7.2803947434308105,-6.228670094381223,-4.07945356180166,-6.185830633062028,-6.106293432937923,-6.414502221805735,-5.082336977787004,-6.080677068220074,-7.229510186770975,-9.50829110205263,-4.5691789903382904,-6.610404586653238,-5.988499124100494,-6.176320435693518,-5.081639063596244,-5.96158374917875,-6.033924426972388,-5.608698651360493,-4.998382520737861,-5.473627849444107,-5.507465793357854,-5.041732134307457,-6.886247009707457,-5.136083491531444,-6.0716459410061026,-5.6146377961792,-5.438201666480695,-6.345680979441709,-7.0602102853585285,-5.047668733469835,-3.222142990372098,-6.303683034498142,-6.899978392716859,-4.7659251731778856,-5.336139071127538,-6.248977902498838,-4.866340930294951,-6.600624207114401,-6.292298054468088,-3.91540656359558,-6.147039271511637,-4.789229538124329,-7.453259612131291,-6.339408870620383,-6.105987934742284,-6.3872848990177,-4.59377970074137,-5.366441744353661,-6.408581075648038,-5.932420115925272,-6.341357583654381,-6.02442775430312,-6.8676278885701425,-4.763165390795397,-4.621527576814068,-6.289811605834897,-6.709591676813824,-5.057833840152029,-4.506845261905631,-5.653905116719093,-5.602624461192907,-5.971984061732072,-5.521608415861498,-7.960579300871451,-6.5581993331854465,-6.360120761221293,-5.495588933132125,-4.9955016063316835,-4.903663118142779,-4.406956504798794,-5.484494060733762,-5.931387655797122,-5.334215650257137,-3.7996223584458866,-6.169322104065008,-6.002787942036424
-0.6641218910957536,-4.00648137564482,-5.598449463451458,-4.484861505384989,-5.7793328296488475,-6.60325453165435,-6.907457450197329,-5.186041234189674,-5.3549756714508945,-5.5277367638260655,-6.055982964662726,-6.19529415115931,-3.62010688048672,-6.213184349743355,-6.523466162581906,-6.471489809562935,-4.8353923209453535,-6.271705145716094,-5.50234805298203,-5.037712045801175,-5.403678518985821,-5.661729387979088,-6.038145563304501,-6.52866010741564,-6.938335917333058,-5.827019688572116,-7.245877185359279,-6.203413387034752,-4.073077203800259,-6.1558781501343685,-6.078455893467908,-6.383293845096295,-5.069675898148432,-6.061295558489852,-7.201603679720492,-9.46958024133776,-4.552398498017951,-6.579553285549353,-5.964586806951429,-6.157928637660997,-5.065312108954373,-5.93123717778183,-6.01431789674509,-5.591322160096825,-4.979331119117234,-5.449678989269932,-5.485497746229931,-5.018505330004173,-6.856694404887161,-5.115494545834501,-6.051353852483995,-5.595180222291489,-5.41716394805991,-6.315908758116717,-7.025623993722612,-5.027023636990454,-3.2148555939708574,-6.282657459337176,-6.876707386155047,-4.753424968231468,-5.317550313155292,-6.223655169445313,-4.844246997746084,-6.565189285639664,-6.266574493117417,-3.9016362571336876,-6.119977822833074,-4.76955451147876,-7.418658435124091,-6.317164812345347,-6.083406955616733,-6.360540452876409,-4.581117481121451,-5.343991997011404,-6.378279873849719,-5.9106039327810675,-6.321049921412206,-5.997500320086054,-6.841824600646429,-4.74248256426384,-4.603102278057775,-6.261706820888466,-6.6849800389666125,-5.0381635062825545,-4.492258476963837,-5.6325031190951815,-5.5820662671751125,-5.943710338098309,-5.49782872153264,-7.920002728860535,-6.521679790876554,-6.329780972775049,-5.475081201151319,-4.986602880173088,-4.889759028748449,-4.391869455622177,-5.4713185181576,-5.905199009759084,-5.312318451902158,-3.7894550702922967,-6.151677912229188,-5.975977816777472
-0.659759664217929,-8.3155493961384,-5.573760876519221,-4.473569817998116,-5.748898407429163,-6.567302016675641,-6.880170661052199,-5.165895226073562,-5.333158215841344,-5.508621028392803,-6.029010461344892,-6.1682207242793226,-3.614709853555566,-6.185178590419786,-6.496597960009309,-6.4371770302764535,-4.8158962957024745,-6.24082806904907,-5.478993927919391,-5.018418929376742,-5.392664919083951,-5.63801197872511,-6.012594400215624,-6.503344432201713,-6.914617184327208,-5.796039942300911,-7.211359627287766,-6.178156679688319,-4.066700845798858,-6.125925667206708,-6.050618353997942,-6.35208546838685,-5.057014818509873,-6.041914048759587,-7.173697172669989,-9.430869380622903,-4.535618005697585,-6.548701984445455,-5.940674489802319,-6.139536839628495,-5.048985154312502,-5.900890606384903,-5.994711366517723,-5.573945668833143,-4.9602797174966184,-5.42573012909579,-5.463529699101957,-4.99527852570092,-6.827141800066903,-5.094905600137596,-6.031061763961864,-5.57572264840376,-5.396126229639145,-6.286136536791758,-6.991037702086721,-5.006378540511061,-3.2075681975696426,-6.261631884176223,-6.853436379593279,-4.740924763285025,-5.298961555183033,-6.1983324363917935,-4.8221530651972095,-6.5297543641649325,-6.2408509317667145,-3.887865950671838,-6.092916374154467,-4.749879484833215,-7.3840572581168855,-6.294920754070326,-6.060825976491189,-6.33249561988732,-4.568455261501481,-5.325073310535686,-6.347978672051362,-5.8887877496368874,-6.3007422591699855,-5.97057288586897,-6.8160213127227225,-4.7217997377322405,-4.584676979301475,-6.233602035942028,-6.660368401119406,-5.01849317241308,-4.477671692022087,-5.611101121471269,-5.56150807315735,-5.915436614464526,-5.474049027203757,-7.879426156849619,-6.487579677506935,-6.299441184328767,-5.454573469170508,-4.97391713955983,-4.8758549393541,-4.376782406445559,-5.458142975581456,-5.879010363721046,-5.290421253547159,-3.779287782138695,-6.134033720393393,-5.949167691518482
-0.6553974373401042,-5.08586759175159,-5.5490722895870155,-4.4622781306112485,-5.718463985209478,-6.531349501696964,-6.85288387190702,-5.145749217957444,-5.311340760231786,-5.489505292959561,-6.0020379580271,-6.141147297399329,-3.60931282662445,-6.157172831096241,-6.469729757436737,-6.402864250989971,-4.7964002704596025,-6.209950992382046,-5.455639802856778,-4.99912581295234,-5.378918911140839,-5.614294569471101,-5.987043237126723,-6.478028756987754,-6.890898451321372,-5.7650601960297125,-7.176842069216259,-6.152899972341898,-4.060324487797468,-6.095973184279048,-6.022780814527933,-6.320877091677404,-5.044353738871257,-6.022532539029359,-7.145790665619475,-9.392158519908028,-4.518837513377239,-6.517850683341595,-5.916762172653241,-6.121145041595981,-5.032658199670656,-5.870544034987988,-5.9751048362904005,-5.556569177569461,-4.941228315875997,-5.401781268921653,-5.441561651974028,-4.972051721397629,-6.797589195246619,-5.074316654440722,-6.0107696754397315,-5.556265074516031,-5.375088511218386,-6.256364315466797,-6.956451410450841,-4.9857334440316805,-3.200280801168396,-6.240606309015245,-6.830165373031493,-4.7284245583386015,-5.280372797210768,-6.173009703338274,-4.800059132648367,-6.494319442690207,-6.215127370416037,-3.8740956442099446,-6.065854925475917,-4.730204458187659,-7.349456081109705,-6.272676695795303,-6.038244997365663,-6.303387871346099,-4.555793041881543,-5.306154624059975,-6.317677470253061,-5.866971566492676,-6.2804345969277975,-5.943645451651898,-6.790218024799016,-4.701116911200666,-4.566251680545151,-6.20549725099559,-6.635756763272176,-4.998822838543573,-4.463084907080312,-5.589699123847376,-5.540949879139556,-5.8871628908307505,-5.450269332874869,-7.838849584838678,-6.455517298942383,-6.269101395882548,-5.4340657371897025,-4.961231398946584,-4.861950849959807,-4.361695357268904,-5.444967433005275,-5.852821717683052,-5.268524055192179,-3.769120493985093,-6.116389528557584,-5.9223575662595165
-0.6510352104622796,-5.58689048476429,-5.524383702654779,-4.450986443224387,-5.688029562989806,-6.495396986718261,-6.825597082761871,-5.125603209841345,-5.289523304622247,-5.470389557526311,-5.97506545470929,-6.114073870519323,-3.6039157996933273,-6.129167071772696,-6.44286155486414,-6.368551471703476,-4.77690424521673,-6.179073915715021,-5.432285677794128,-4.9798326965279145,-5.362204055004709,-5.590577160217078,-5.96149207403784,-6.452713081773802,-6.867179718315535,-5.734080449758526,-7.142324511144753,-6.127643264995452,-4.0539481297960664,-6.066020701351388,-5.994943275057948,-6.289668714967965,-5.03169265923269,-6.003151029299112,-7.1178841585689785,-9.35344765919317,-4.502057021056904,-6.4869993822376975,-5.892849855504144,-6.102753243563454,-5.016331245028797,-5.840197463591068,-5.955498306063071,-5.539192686305779,-4.922176914255376,-5.377832408747504,-5.41959360484608,-4.948824917094363,-6.768036590426335,-5.053727708743822,-5.990477586917593,-5.536807500628314,-5.354050792797614,-6.226592094141844,-6.921865118814962,-4.965088347552312,-3.192993404767174,-6.21958073385431,-6.806894366469718,-4.715924353392127,-5.261784039238522,-6.147686970284774,-4.777965200099512,-6.458884521215463,-6.189403809065365,-3.8603253377480637,-6.038793476797354,-4.710529431542096,-7.31485490410253,-6.250432637520274,-6.0156640182401055,-6.2742801228048535,-4.543130822261579,-5.287235937584281,-6.287376268454717,-5.845155383348472,-6.260126934685578,-5.916718017434833,-6.764414736875289,-4.680434084669078,-4.547826381788858,-6.177392466049165,-6.611145125424963,-4.979152504674104,-4.44849812213855,-5.568297126223459,-5.520391685121781,-5.858889167197011,-5.426489638546017,-7.798273012827787,-6.423454920377837,-6.2387616074362535,-5.413558005208891,-4.948545658333344,-4.848046760565438,-4.3466083080923,-5.4317918904291504,-5.826633071645007,-5.246626856837206,-3.7589532058314656,-6.0987453367217705,-5.895547441000515
-0.6466729835844549,-9.41376738501722,-5.499695115722567,-4.4396947558375075,-5.657595140770097,-6.459444471739571,-6.798310293616729,-5.105457201725227,-5.267705849012659,-5.451273822093068,-5.94809295139148,-6.087000443639323,-3.59851877276218,-6.101161312449114,-6.415993352291555,-6.334238692416958,-4.757408219973839,-6.148196839047997,-5.40893155273149,-4.9605395801035,-5.345489198868543,-5.566859750963081,-5.935940910948957,-6.42739740655985,-6.843460985309711,-5.70310070348734,-7.107806953073234,-6.102386557649019,-4.047571771794665,-6.036068218423722,-5.96710573558797,-6.258460338258543,-5.017977863387636,-5.983769519568897,-7.089977651518495,-9.314736798478327,-4.485276528736552,-6.456148081133837,-5.868937538355066,-6.084361445530958,-5.000004290386907,-5.809850892194128,-5.93589177583573,-5.521816195042122,-4.903125512634742,-5.35388354857333,-5.397625557718144,-4.925598112791097,-6.734331266083241,-5.033138763046917,-5.9701854983954545,-5.517349926740591,-5.3330130743768365,-6.196819872816883,-6.887278827179039,-4.944443251072919,-3.1857060083659716,-6.198555158693345,-6.777946102494768,-4.7034241484456905,-5.243195281266289,-6.122364237231247,-4.755871267550663,-6.423449599740738,-6.163680247714676,-3.846555031286152,-6.011732028118765,-4.690854404896521,-7.280253727095312,-6.228188579245251,-5.993083039114567,-6.245172374263664,-4.530468602641648,-5.268317251108544,-6.257075066656385,-5.823339200204273,-6.2398192724433965,-5.889790583217761,-6.738611448951564,-4.659751258137497,-4.529401083032527,-6.149287681102727,-6.586533487577738,-4.959482170804616,-4.433911337196762,-5.546895128599566,-5.499833491104,-5.8306154435632545,-5.402709944217152,-7.757696440816858,-6.391392541813259,-6.208421818990028,-5.3930502732280665,-4.935859917720098,-4.834142671171127,-4.331521258915676,-5.418616347852982,-5.80044442560697,-5.224729658482245,-3.748785917677864,-6.081101144885956,-5.86873731574155
-0.6423107567066303,-7.21230026176015,-5.475006528790318,-4.428403068450646,-5.627160718550425,-6.423491956760887,-6.771023504471549,-5.085311193609109,-5.245888393403107,-5.432158086659818,-5.921120448073651,-6.05992701675933,-3.5931217458310254,-6.073155553125582,-6.389125149718978,-6.2999259131305,-4.737912194730991,-6.117319762380979,-5.385577427668858,-4.9412464636791045,-5.328774342732371,-5.543142341709096,-5.910389747860074,-6.402081731345891,-6.819742252303881,-5.672120957216142,-7.073289395001714,-6.07712985030256,-4.0411954137932815,-6.006115735496074,-5.939268196117961,-6.227251961549104,-4.999248349862946,-5.964388009838676,-7.062071144468,-9.276025937763452,-4.4684960364162,-6.425296780029958,-5.845025221205981,-6.065969647498432,-4.983677335745049,-5.779504320797245,-5.916285245608388,-5.504439703778422,-4.884074111014133,-5.329934688399206,-5.375657510590215,-4.90237130848782,-6.69901126054583,-5.012549817349999,-5.949893409873341,-5.497892352852862,-5.31197535595609,-6.1670476514918855,-6.852692535543142,-4.923798154593532,-3.178418611964731,-6.17752958353238,-6.748917797141653,-4.6909239434992545,-5.224606523294006,-6.0970415041777155,-4.733777335001789,-6.388014678266025,-6.13795668636401,-3.8327847248243083,-5.984670579440197,-4.67117937825097,-7.245652550088132,-6.205944520970222,-5.9705020599890295,-6.216064625722462,-4.517806383021696,-5.249398564632826,-6.2267738648580595,-5.801523017060062,-6.219511610201183,-5.862863149000707,-6.7128081610278505,-4.639068431605903,-4.510975784276215,-6.121182896156315,-6.5619218497305205,-4.939811836935128,-4.419324552254993,-5.525493130975672,-5.4792752970861995,-5.802341719929485,-5.378930249888301,-7.717119868805954,-6.359330163248687,-6.178082030543797,-5.372542541247243,-4.923174177106877,-4.8202385817768025,-4.31643420973904,-5.405440805276826,-5.774255779568956,-5.20283246012727,-3.7386186295242743,-6.063456953050148,-5.841927190482566
-0.6379485298288056,-6.97180890273437,-5.4503179418580805,-4.417111381063742,-5.596726296330728,-6.387539441782197,-6.743736715326426,-5.065165185493041,-5.224070937793562,-5.4130423512265695,-5.894147944755847,-6.032853589879311,-3.5877247188999215,-6.045149793802012,-6.362256947146387,-6.265613133844025,-4.718416169488113,-6.08644268571393,-5.362223302606202,-4.9219533472546715,-5.3120594865962225,-5.519424932455086,-5.884838584771178,-6.376766056131958,-6.796023519298031,-5.641141210944956,-7.038771836930214,-6.0518731429561266,-4.03481905579188,-5.9761632525684325,-5.911430656647965,-6.19604358483967,-4.9805188363382555,-5.945006500108411,-7.0341646374175095,-9.237315077048613,-4.451715544095847,-6.394445478926073,-5.821112904056897,-6.047577849465936,-4.9673503811031905,-5.7491577494002994,-5.89667871538106,-5.487063212514765,-4.865022709393513,-5.3059858282250625,-5.353689463462292,-4.879144504184529,-6.663691255008406,-4.9919608716531,-5.929601321351184,-5.478434778965151,-5.290937637535299,-6.137275430166932,-6.818106243907243,-4.903153058114151,-3.171131215563541,-6.156504008371439,-6.71988949178855,-4.678423738552818,-5.206017765321754,-6.071718771124209,-4.711683402452953,-6.352579756791262,-6.11223312501332,-3.819014418362441,-5.957609130761621,-4.651504351605407,-7.211051373080958,-6.183700462695187,-5.947921080863491,-6.186956877181266,-4.505144163401751,-5.23047987815712,-6.196472663059734,-5.779706833915889,-6.199203947958995,-5.8359357147836475,-6.687004873104144,-4.618385605074353,-4.492550485519909,-6.093078111209877,-6.537310211883289,-4.920141503065653,-4.404737767313224,-5.504091133351767,-5.45871710306843,-5.774067996295721,-5.355150555559424,-7.676543296795026,-6.327267784684129,-6.147742242097527,-5.352034809266469,-4.9104884364936,-4.806334492382447,-4.30134716056241,-5.39226526270067,-5.7480671335309435,-5.18093526177226,-3.728451341370648,-6.04581276121434,-5.815117065223589
-0.633586302950981,-2.78237623910866,-5.425629354925869,-4.4058196936769,-5.56629187411105,-6.353887589026267,-6.716449926181271,-5.04501917737691,-5.2022534821840045,-5.393926615793295,-5.867175441438031,-6.005780162999318,-3.5823276919687617,-6.017144034478455,-6.3353887445737955,-6.2313003545575425,-4.698920144245266,-6.055565609046918,-5.338869177543589,-4.9026602308302945,-5.295344630460062,-5.495322384430387,-5.8592874216822635,-6.351450380917998,-6.772304786292194,-5.610161464673752,-7.004254278858695,-6.026616435609693,-4.028442697790491,-5.946210769640754,-5.8835931171779805,-6.1648352081302376,-4.961789322813547,-5.925624990378202,-7.006258130366995,-9.19860421633375,-4.434935051775519,-6.363594177822207,-5.7972005869078,-6.029186051433421,-4.951023426461325,-5.718811178003366,-5.877072185153724,-5.469686721251058,-4.845971307772879,-5.282036968050908,-5.331721416334344,-4.855917699881288,-6.628371249470971,-4.9713719259561815,-5.90930923282909,-5.458977205077447,-5.269899919114552,-6.107503208841972,-6.78351995227137,-4.882507961634783,-3.163843819162313,-6.135478433210448,-6.690861186435429,-4.665923533606387,-5.187429007349476,-6.046396038070683,-4.689589469904098,-6.31714483531655,-6.086509563662661,-3.805244111900554,-5.930547682083052,-4.631829324959825,-7.1764501960737395,-6.1614564044201705,-5.925340101737965,-6.15784912864002,-4.492481943781826,-5.211561191681415,-6.166171461261396,-5.757890650771666,-6.178896285716757,-5.809008280566582,-6.6612015851804305,-4.597702778542772,-4.474125186763597,-6.064973326263458,-6.512698574036077,-4.900471169196178,-4.390150982371449,-5.482689135727849,-5.438158909050643,-5.745794272661952,-5.331370861230542,-7.635966724784103,-6.29520540611957,-6.117402453651246,-5.331527077285663,-4.897802695880386,-4.792430402988091,-4.286260111385824,-5.379089720124483,-5.721878487492899,-5.159038063417299,-3.7182840532170456,-6.028168569378507,-5.788306939964611
-0.6292240760731562,-9.28282090593436,-5.400940767993619,-4.39452800629002,-5.53585745189134,-6.3225792443720135,-6.689163137036116,-5.024873169260811,-5.180436026574447,-5.3748108803600765,-5.840202938120227,-5.978706736119305,-3.5769306650376267,-5.989138275154898,-6.308520542001193,-6.196987575271049,-4.679424119002374,-6.024688532379887,-5.315515052480951,-4.88336711440588,-5.278629774323877,-5.469100556912812,-5.833736258593374,-6.326134705704046,-6.748586053286352,-5.579181718402565,-6.969736720787182,-6.001359728263247,-4.021878079394663,-5.916258286713113,-5.855755577707959,-6.13362683142078,-4.943059809288856,-5.906243480647974,-6.978351623316499,-9.159893355618882,-4.4181545594551475,-6.332742876718328,-5.773288269758747,-6.0107942534008885,-4.934696471819479,-5.688464606606458,-5.857465654926389,-5.4523102299873765,-4.826919906152251,-5.258088107876746,-5.30975336920639,-4.832690895577997,-6.593051243933572,-4.9507829802592696,-5.88709615853922,-5.4395196311897305,-5.248862200693787,-6.077730987517006,-6.748933660635454,-4.861862865155409,-3.1565564227611036,-6.114452858049483,-6.661832881082307,-4.6534233286599385,-5.168840249377218,-6.021073305017176,-4.667495537355224,-6.281709913841806,-6.060786002311984,-3.791473805438679,-5.903486233404464,-4.612154298314306,-7.141849019066559,-6.139212346145149,-5.9027591226124265,-6.128741380098818,-4.479819724161881,-5.192642505205697,-6.135870259463064,-5.736074467627454,-6.158588623474575,-5.782080846349523,-6.635398297256699,-4.577019952011172,-4.455699888007286,-6.036868541317026,-6.48808693618884,-4.880800835326703,-4.375564197429699,-5.461287138103969,-5.417600715032849,-5.717520549028206,-5.30759116690169,-7.595390152773193,-6.263143027555011,-6.087062665205007,-5.311019345304876,-4.8851169552670966,-4.7785263135937734,-4.271173062209162,-5.365914177548352,-5.695689841454861,-5.1371408650623245,-3.7081167650634494,-6.010524377542706,-5.761496814705615
-0.6248618491953316,-8.66364088145843,-5.3762521810614015,-4.383236318903147,-5.505423029671668,-6.291270899717761,-6.661876347890963,-5.004727161144712,-5.158618570964889,-5.355695144926834,-5.813230434802405,-5.9516333092393054,-3.5715336381064793,-5.961132515831328,-6.281652339428633,-6.162674795984579,-4.6599280937594765,-5.993811455712857,-5.2921609274182995,-4.864073997981453,-5.261914918187716,-5.44287872939523,-5.808185095504485,-6.300819030490112,-6.724867320280533,-5.548201972131373,-6.935219162715676,-5.976103020916807,-4.012971929969115,-5.886305803785459,-5.827918038237993,-6.102418454711327,-4.924330295764141,-5.886861970917721,-6.9504451162660095,-9.12118249490402,-4.401374067134795,-6.3018915756144676,-5.749375952609637,-5.992402455368405,-4.918369517177584,-5.6581180352095375,-5.837859124699054,-5.434933738723701,-4.807868504531636,-5.234139247702616,-5.287785322078454,-4.809464091274726,-6.557731238396167,-4.93019403456239,-5.860864454259831,-5.420062057301976,-5.227824482273015,-6.047958766192033,-6.7143473689995625,-4.8412177686760405,-3.1492690263598764,-6.093427282888536,-6.632804575729192,-4.640923123713489,-5.150251491404972,-5.995750571963657,-4.645401604806363,-6.246274992367062,-6.035062440961287,-3.777703498976792,-5.8764247847259,-4.592479271668724,-7.107247842059359,-6.116968287870126,-5.880178143486876,-6.0996336315576025,-4.467157504541899,-5.173723818729985,-6.105569057664726,-5.714258284483274,-6.138280961232393,-5.755153412132445,-6.609595009332979,-4.55633712547961,-4.4372745892509675,-6.008763756370607,-6.46347529834164,-4.861130501457234,-4.360977412487919,-5.439885140480038,-5.39704252101508,-5.689246825394437,-5.283811472572814,-7.554813580762264,-6.231080648990452,-6.056722876758757,-5.2905116133240275,-4.872431214653856,-4.764622224199443,-4.256086013032552,-5.352738634972196,-5.669501195416841,-5.115243666707351,-3.6979494769098356,-5.992880185706897,-5.734686689446638
-0.6204996223175069,-3.21768625080427,-5.351563594129158,-4.371944631516279,-5.474988607451997,-6.2599625550635265,-6.63458955874582,-4.9845811530286,-5.136801115355344,-5.336579409493578,-5.786257931484582,-5.9245598823592935,-3.5661366111753567,-5.933126756507783,-6.254784136856023,-6.12836201669809,-4.640432068516623,-5.962934379045833,-5.268806802355674,-4.8447808815570585,-5.245200062051556,-5.416656901877648,-5.782633932415608,-6.2755033552761725,-6.701148587274678,-5.517222225860206,-6.900701604644137,-5.9508463135703735,-4.004065780543587,-5.856353320857774,-5.800080498768002,-6.071210078001901,-4.90560078223942,-5.867480461187518,-6.922538609215508,-9.082471634189176,-4.38459357481443,-6.271040274510589,-5.719949250946283,-5.974010657335872,-4.902042562535743,-5.627771463812617,-5.818252594471718,-5.417557247460038,-4.788817102911021,-5.210190387528435,-5.265817274950506,-4.786237286971454,-6.522411232858744,-4.909605088865484,-5.834632749980454,-5.400604483414278,-5.206786763852231,-6.018186544867061,-6.67976107736367,-4.820572672196641,-3.1419816299586545,-6.0724017077275825,-6.603776270376083,-4.62842291876704,-5.131662733432719,-5.970427838910143,-4.623307672257514,-6.210840070892355,-6.009338879610616,-3.7639331925149238,-5.84936333604735,-4.572804245023154,-7.072646665052173,-6.094724229595091,-5.857597164361337,-6.070525883016388,-4.454495284921979,-5.154805132254273,-6.0752678558664135,-5.692442101339064,-6.117973298990167,-5.7282259779153915,-6.583791721409247,-4.535654298947997,-4.418849290494674,-5.980658971424163,-6.4388636604943965,-4.841460167587746,-4.3463906275461435,-5.418483142856151,-5.376484326997299,-5.660973101760705,-5.260031778243937,-7.514237008751335,-6.1990182704259,-6.0263830883125,-5.270003881343235,-4.859745474040635,-4.750718134805119,-4.240998963855934,-5.33956309239604,-5.64331254937881,-5.093346468352365,-3.6877821887562394,-5.975235993871084,-5.707876564187636
-0.6161373954396823,-8.05579759534531,-5.32687500719694,-4.360652944129431,-5.444554185232281,-6.228654210409274,-6.607302769600684,-4.964435144912488,-5.114983659745794,-5.317463674060316,-5.759285428166772,-5.897486455479299,-3.560739584244234,-5.905120997184232,-6.2279159342834145,-6.094049237411609,-4.620936043273776,-5.932057302378821,-5.2454526772930485,-4.82548776513265,-5.228485205915408,-5.390435074360053,-5.757082769326719,-6.2501876800622265,-6.677429854268841,-5.486242479588995,-6.866184046572643,-5.925589606223921,-3.9951596311180584,-5.826400837930158,-5.772242959298,-6.040001701292467,-4.88687126871471,-5.848098951457278,-6.894632102164999,-9.0437607734743,-4.367813082494096,-6.240188973406685,-5.6900401424494635,-5.95561885930337,-4.8857156078938475,-5.597424892415709,-5.797952128061021,-5.4001807561963435,-4.769765701290406,-5.186241527354286,-5.243849227822564,-4.763010482668188,-6.487091227321327,-4.889016143168584,-5.808401045701083,-5.381146909526536,-5.185749045431478,-5.988414323542094,-6.645174785727785,-4.799927575717255,-3.1346942335574326,-6.051376132566617,-6.574747965022974,-4.615922713820598,-5.113073975460448,-5.945105105856636,-4.601213739708683,-6.175405149417605,-5.983615318259944,-3.7501628860530367,-5.822301887368768,-4.553129218377579,-7.038045488044986,-6.072480171320049,-5.8350161852357925,-6.041418134475167,-4.441833065302016,-5.13588644577858,-6.044966654068075,-5.670625918194847,-6.097665636747985,-5.701298543698307,-6.55798843348554,-4.514971472416429,-4.400423991738355,-5.952554186477726,-6.414252022647191,-4.821789833718265,-4.331803842604368,-5.397081145232252,-5.35592613297953,-5.632699378126904,-5.236252083915098,-7.473660436740451,-6.16695589186131,-5.996043299866256,-5.249496149362416,-4.847059733427377,-4.736814045410794,-4.225911914679304,-5.326387549819885,-5.617123903340759,-5.07144926999741,-3.677614900602631,-5.957591802035257,-5.681066438928671
-0.6117751685618575,-2.32020384816555,-5.302186420264709,-4.349361256742557,-5.414119763012615,-6.197345865755058,-6.580015980455517,-4.94428913679637,-5.093166204136242,-5.298347938627116,-5.732312924848956,-5.870413028599294,-3.555342557313087,-5.877115237860669,-6.201047731710867,-6.059736458125101,-4.601440018030872,-5.9011802257117845,-5.222098552230404,-4.806194648708242,-5.211770349779248,-5.364213246842485,-5.73153160623783,-6.224872004848262,-6.65371112126298,-5.455262733317803,-6.831666488501143,-5.900332898877494,-3.9862534816925104,-5.796448355002485,-5.744405419828028,-6.008793324583003,-4.86814175519002,-5.825624252655003,-6.866725595114509,-9.005049912759443,-4.35103259017375,-6.209337672302812,-5.660131033952614,-5.93722706127085,-4.869388653252002,-5.5670783210187755,-5.772273645105307,-5.382804264932662,-4.750714299669753,-5.1622926671801554,-5.221881180694641,-4.739783678364929,-6.451771221783916,-4.868427197471672,-5.782169341421724,-5.361689335638819,-5.164711327010706,-5.958642102217153,-6.610588494091862,-4.7792824792378985,-3.1274068371562116,-6.030350557405664,-6.545719659669883,-4.603422508874179,-5.094485217488227,-5.9197823728031045,-4.576693805036873,-6.139970227942867,-5.957891756909267,-3.7363925795911754,-5.795240438690187,-4.533454191732041,-7.0034443110378115,-6.050236113045033,-5.812435206110266,-6.012310385933959,-4.4291708456820835,-5.116967759302875,-6.014665452269762,-5.648809735050654,-6.077357974505766,-5.67437110948126,-6.5321851455618205,-4.494288645884853,-4.381998692982056,-5.924449401531301,-6.3896403847999785,-4.802119499848752,-4.317217057662606,-5.375679147608327,-5.335367938961748,-5.604425654493153,-5.212472389586178,-7.433083864729522,-6.1348935132967695,-5.965703511419992,-5.2289884173816175,-4.834373992814144,-4.722909956016451,-4.2108248655026745,-5.313212007243704,-5.590935257302759,-5.049552071642418,-3.6674476124490107,-5.939947610199462,-5.654256313669693
-0.6074129416840329,-10.0960499727304,-5.277497833332491,-4.338069569355677,-5.383685340792918,-6.166037521100811,-6.552729191310356,-4.924143128680283,-5.071348748526685,-5.279232203193817,-5.705340421531146,-5.843339601719288,-3.549945530381958,-5.849109478537124,-6.174179529138258,-6.025423678838639,-4.581943992788013,-5.870303149044753,-5.1987444271677665,-4.7869015322838155,-5.195055493643081,-5.337991419324915,-5.70598044314896,-6.199556329634285,-6.629992388257167,-5.424282987046598,-6.797148930429604,-5.875076191531035,-3.977347332266988,-5.766495872074831,-5.7165678803580375,-5.977584947873575,-4.849412241665311,-5.800145092791642,-6.838819088063994,-8.966339052044587,-4.334252097853403,-6.178486371198952,-5.630221925455826,-5.918835263238341,-4.851431260121519,-5.5367317496218424,-5.746595162149606,-5.36542777366898,-4.731662898049138,-5.138343807006007,-5.199913133566693,-4.716556874061644,-6.416451216246505,-4.847838251774748,-5.755937637142336,-5.342231761751109,-5.143673608589916,-5.928869880892168,-6.576002202456002,-4.7586373827585176,-3.1201194407550084,-6.009324982244729,-6.516691354316719,-4.59092230392775,-5.075896459515962,-5.894459639749579,-4.548497554142733,-6.104535306468142,-5.932168195558601,-3.722622273129301,-5.768178990011624,-4.513779165086478,-6.9688431340306,-6.0279920547700225,-5.789854226984709,-5.983202637392713,-4.416508626062133,-5.098049072827138,-5.984364250471418,-5.626993551906475,-6.057050312263578,-5.647443675264163,-6.506381857638089,-4.47360581935326,-4.363573394225738,-5.896344616584869,-6.36502874695276,-4.782449165979277,-4.302630272720818,-5.354277149984434,-5.314809744943967,-5.5761519308593765,-5.1886926952573456,-7.392507292718606,-6.10283113473221,-5.935363722973736,-5.208480685400806,-4.821688252200898,-4.709005866622121,-4.195737816326051,-5.300036464667555,-5.564746611264715,-5.027654873287463,-3.6572803242954146,-5.92230341836366,-5.62744618841071
-0.6030507148062082,-3.40506483628152,-5.25280924640026,-4.326777881968816,-5.3532509185732335,-6.134729176446552,-6.525442402165208,-4.903997120564159,-5.049531292917127,-5.260116467760574,-5.678367918213323,-5.816266174839294,-3.544548503450817,-5.8211037192135855,-6.147311326565661,-5.99111089955215,-4.562447967545158,-5.839426072377735,-5.175390302105129,-4.767608415859426,-5.178340637506915,-5.311769591807333,-5.680429280060038,-6.174240654420357,-6.606273655251299,-5.393303240775419,-6.76263137235811,-5.8498194841845965,-3.968441182841434,-5.736543389147177,-5.6887303408880285,-5.9463765711641425,-4.830682728140614,-5.77466593292833,-6.810912581013511,-8.927628191329736,-4.317471605533057,-6.147635070095067,-5.600312816958976,-5.900443465205821,-4.832464479050935,-5.506385178224934,-5.720916679193911,-5.348051282405304,-4.712611496428524,-5.114394946831851,-5.177945086438776,-4.693330069758384,-6.3811312107091,-4.827249306077856,-5.72970593286299,-5.322774187863386,-5.122635890169163,-5.899097659567183,-6.541415910820104,-4.737992286279113,-3.112832044353774,-5.988299407083745,-6.487663048963628,-4.578422098981282,-5.055363024907015,-5.869136906696066,-4.520301303248624,-6.069100384993416,-5.906444634207918,-3.708851966667395,-5.741117541333061,-4.494104138440909,-6.934241957023419,-6.005747996494982,-5.767273247859183,-5.954094888851536,-4.403846406442176,-5.079130386351426,-5.954063048673073,-5.60517736876227,-6.0367426500213766,-5.620516241047122,-6.480578569714376,-4.452922992821666,-4.345148095469432,-5.868239831638443,-6.340417109105523,-4.762778832109789,-4.288043487779049,-5.332875152360529,-5.294251550926161,-5.547878207225613,-5.164913000928482,-7.351930720707689,-6.070768756167627,-5.905019648310366,-5.187972953420013,-4.8090025115876465,-4.695101777227771,-4.180650767149433,-5.286860922091399,-5.538557965226701,-5.005757674932451,-3.6471130361418194,-5.9046592265278335,-5.60063606315172
-0.5986884879283836,-5.31442487117547,-5.228120659468055,-4.315486194581961,-5.3228164963535365,-6.103420831792324,-6.4981556130200655,-4.883851112448061,-5.027713837307557,-5.241000732327343,-5.651395414895519,-5.789192747959301,-3.539151476519682,-5.793097959890016,-6.120443123993076,-5.956798120265662,-4.542951942302274,-5.808548995710705,-5.152036177042509,-4.7483152994350055,-5.1616257813707485,-5.285547764289738,-5.654878116971149,-6.1489249792063925,-6.582554922245469,-5.3623234945042135,-6.7281138142865915,-5.824562776838175,-3.9595350334159116,-5.706590906219524,-5.660892801418044,-5.9151681944546715,-4.811953214615912,-5.749186773064993,-6.783006073963022,-8.888917330614849,-4.300691113212691,-6.116783768991194,-5.570403708462176,-5.8820516671733,-4.813497697980358,-5.47603860682802,-5.695238196238216,-5.330674791141616,-4.69356009480789,-5.09044608665769,-5.155977039310797,-4.670103265455112,-6.3458112051716515,-4.8066603603809375,-5.703474228583606,-5.303316613975644,-5.101598171748392,-5.869325438242235,-6.5068296191842,-4.7173471897997565,-3.105544647952553,-5.9672738319227925,-6.4586347436105065,-4.565921894034858,-5.034111464097672,-5.843814173642559,-4.492105052354496,-6.033665463518673,-5.88072107285724,-3.6950816602055454,-5.714056092654473,-4.474429111795346,-6.899640780016239,-5.983503938219953,-5.744692268733645,-5.924987140310315,-4.391184186822244,-5.060211699875707,-5.923761846874767,-5.583361185618059,-6.01643498777917,-5.5935888068300565,-6.454775281790681,-4.432240166290097,-4.326722796713114,-5.840135046692031,-6.315805471258311,-4.743108498240333,-4.273456702837281,-5.3114731547366425,-5.2736933569083915,-5.519604483591888,-5.141133306599605,-7.311354148696761,-6.0387063776030745,-5.874671144157094,-5.1674652214391825,-4.796316770974395,-4.681197687833447,-4.165563717972822,-5.273685379515249,-5.512369319188651,-4.9838604765774965,-3.6369457479882046,-5.887015034692044,-5.573825937892736
-0.5943262610505589,-2.33854083071123,-5.2034320725358,-4.3041945071950565,-5.292382074133853,-6.072112487138083,-6.470868823874936,-4.863705104331943,-5.005896381697999,-5.2218849968940875,-5.6244229115776845,-5.762119321079314,-3.533754449588521,-5.765092200566477,-6.093574921420492,-5.92248534097918,-4.523455917059382,-5.7776719190436685,-5.128682051979852,-4.729022183010611,-5.144910925234588,-5.259325936772157,-5.629326953882248,-6.123609303992453,-6.558836189239645,-5.3313437482330155,-6.693596256215091,-5.799306069491723,-3.9506288839903707,-5.67663842329187,-5.633055261948053,-5.88395981774527,-4.793223701091184,-5.723707613201638,-6.755099566912525,-8.850206469899998,-4.283910620892351,-6.0859324678873215,-5.540494599965357,-5.863659869140785,-4.794530916909786,-5.445692035431086,-5.669559713282508,-5.313298299877941,-4.674508693187269,-5.06649722648354,-5.13400899218288,-4.646876461151853,-6.310491199634253,-4.786071414684057,-5.677242524304236,-5.283859040087927,-5.080560453327632,-5.839553216917276,-6.472243327548308,-4.696702093320388,-3.098257251551325,-5.946248256761833,-6.429606438257398,-4.55342168908839,-5.012859903288341,-5.818491440589045,-4.466059660704489,-5.9982305420439666,-5.854997511506555,-3.681311353743646,-5.686994643975897,-4.454754085149783,-6.865039603009033,-5.961259879944949,-5.722111289608088,-5.895879391769094,-4.378521967202293,-5.041293013400008,-5.893460645076429,-5.561545002473873,-5.996127325536976,-5.566661372612991,-6.428971993866956,-4.411557339758516,-4.308297497956809,-5.812030261745587,-6.291193833411092,-4.723438164370832,-4.258869917895512,-5.290071157112705,-5.253135162890617,-5.491330759958105,-5.117353612270734,-7.2707775766858385,-6.006643999038515,-5.844322640003784,-5.146957489458402,-4.783631030361154,-4.667293598439117,-4.150476668796198,-5.260509836939081,-5.486180673150625,-4.961963278222536,-3.6267784598346022,-5.86937084285623,-5.547015812633759
-0.5899640341727342,-7.94826529702322,-5.178743485603575,-4.2929028198082015,-5.2619476519141495,-6.040804142483848,-6.443582034729782,-4.843559096215837,-4.98407892608846,-5.202769261460839,-5.59745040825988,-5.735045894199307,-3.5283574226574173,-5.737086441242895,-6.066706718847895,-5.888172561692704,-4.503959891816523,-5.746794842376631,-5.105327926917233,-4.70972906658619,-5.128196069098427,-5.233104109254575,-5.603775790793371,-6.098293628778519,-6.5351174562338015,-5.300364001961842,-6.659078698143566,-5.774049362145252,-3.941722734564829,-5.646685940364234,-5.605217722478044,-5.852751441035792,-4.774494187566525,-5.698228453338308,-6.727193059862036,-8.811495609185148,-4.267130128572017,-6.0550811667834425,-5.51058549146852,-5.84526807110829,-4.775564135839209,-5.415345464034159,-5.643881230326795,-5.29592180861424,-4.655457291566654,-5.042548366309392,-5.112040945054945,-4.623649656848556,-6.275171194096868,-4.765482468987157,-5.651010820024865,-5.264401466200204,-5.059522734906854,-5.809780995592315,-6.437657035912398,-4.676056996841002,-3.0909698551501155,-5.925222681600867,-6.400578132904289,-4.540921484141966,-4.991608342478979,-5.793168707535507,-4.442819126085982,-5.96279562056921,-5.829273950155884,-3.667541047281759,-5.659933195297347,-4.435079058504207,-6.830438426001865,-5.939015821669914,-5.699530310482562,-5.866771643227886,-4.365859747582348,-5.022374326924303,-5.863159443278109,-5.539728819329662,-5.975819663294775,-5.539733938395925,-6.403168705943255,-4.390874513226941,-4.289872199200497,-5.783925476799174,-6.2665821955638865,-4.703767830501333,-4.244283132953737,-5.268669159488819,-5.232576968872823,-5.463057036324348,-5.09357391794187,-7.230201004674954,-5.974581620473976,-5.813974135850501,-5.126449757477585,-4.7709452897479085,-4.6533895090447865,-4.135389619619556,-5.247334294362925,-5.4599920271126,-4.94006607986753,-3.6166111716809946,-5.851726651020416,-5.520205687374776
-0.5856018072949095,-4.63638575335006,-5.154054898671351,-4.281611132421347,-5.2315132296944835,-6.0094957978295955,-6.416295245584627,-4.823413088099744,-4.962261470478903,-5.183653526027583,-5.5704779049420825,-5.707972467319283,-3.5229603957262823,-5.709080681919363,-6.039838516275304,-5.853859782406216,-4.4844638665736625,-5.715917765709613,-5.081973801854582,-4.690435950161801,-5.1114812129622615,-5.206882281737012,-5.578224627704494,-6.072977953564567,-6.511398723227952,-5.269384255690643,-6.624561140072071,-5.74879265479885,-3.932816585139294,-5.616733457436569,-5.577380183008079,-5.821543064326378,-4.755764674041809,-5.672749293474971,-6.699286552811547,-8.772784748470297,-4.250349636251658,-6.024229865679564,-5.480676382971707,-5.826876273075763,-4.7565973547686005,-5.38499889263727,-5.6182027473711065,-5.278545317350583,-4.636405889946014,-5.018599506135248,-5.090072897927009,-4.600422852545272,-6.239851188559457,-4.744893523290252,-5.624779115745488,-5.244943892312488,-5.038485016486095,-5.780008774267349,-6.403070744276532,-4.655411900361639,-3.0836824587488945,-5.904197106439914,-6.371549827551155,-4.52842127919553,-4.9703567816696355,-5.767845974482,-4.419578591467494,-5.927360699094485,-5.803550388805213,-3.653770740819904,-5.632871746618765,-4.415404031858657,-6.795837248994678,-5.916771763394885,-5.676949331357011,-5.837663894686678,-4.353197527962422,-5.003455640448591,-5.83285824147979,-5.517912636185451,-5.955512001052561,-5.512806504178847,-6.377365418019517,-4.3701916866953345,-4.2714469004441975,-5.755820691852718,-6.241970557716649,-4.684097496631857,-4.229696348011962,-5.247267161864901,-5.212018774855035,-5.434783312690559,-5.069794223612994,-7.189624432664012,-5.942519241909411,-5.7836256316971975,-5.105942025496773,-4.758259549134675,-4.639485419650437,-4.120302570442932,-5.234158751786756,-5.43380338107458,-4.918168881512569,-3.606443883527392,-5.834082459184613,-5.49339556211581
-0.5812395804170849,-3.33990225850216,-5.129366311739114,-4.270319445034467,-5.201078807474793,-5.978187453175355,-6.389008456439454,-4.803267079983651,-4.940444014869339,-5.1645377905943395,-5.5435054016242855,-5.680899040439283,-3.5175633687951287,-5.681074922595781,-6.012970313702739,-5.819547003119746,-4.464967841330784,-5.685040689042589,-5.0586196767919445,-4.671142833737374,-5.094766356826126,-5.180660454219424,-5.552673464615611,-6.047662278350608,-6.487679990222116,-5.238404509419439,-6.590043582000552,-5.723535947452391,-3.923910435713771,-5.586780974508896,-5.549542643538088,-5.790334687616945,-4.737035160517119,-5.647270133611622,-6.67138004576105,-8.734073887755429,-4.233569143931319,-5.99337856457571,-5.450767274474882,-5.808484475043248,-4.737630573698036,-5.35465232124033,-5.592524264415399,-5.261168826086902,-4.617354488325392,-4.994650645961086,-5.06810485079908,-4.577196048242012,-6.204531183022015,-4.7243045775933465,-5.598547411466105,-5.225486318424771,-5.017447298065361,-5.75023655294237,-6.368484452640602,-4.634766803882227,-3.076395062347679,-5.883171531278955,-6.342521522198059,-4.515921074249093,-4.949105220860286,-5.742523241428481,-4.3963380568490065,-5.891925777619753,-5.777826827454523,-3.640000434358017,-5.605810297940196,-4.395729005213087,-6.761236071987454,-5.89452770511985,-5.654172680087504,-5.8085561461454445,-4.340535308342459,-4.98453695397286,-5.802557039681446,-5.496096453041271,-5.935204338810373,-5.485879069961794,-6.351562130095809,-4.349508860163779,-4.253021601687867,-5.727715906906305,-6.217358919869456,-4.664427162762407,-4.215109563070193,-5.225865164241001,-5.191460580837273,-5.406509589056833,-5.046014529284142,-7.14904786065309,-5.910456863344839,-5.753277127543907,-5.0854342935159735,-4.7455738085213985,-4.625581330256119,-4.105215521266321,-5.2209832092106,-5.407614735036555,-4.896271683157571,-3.5962765953737907,-5.816438267348787,-5.46658543685682
-0.5768773535392602,-8.48921393277473,-5.10467772480689,-4.259027757647593,-5.170644385255089,-5.946879108521096,-6.3617216672943115,-4.783121071867533,-4.918626559259775,-5.1454220551611085,-5.516532898306463,-5.653825613559283,-3.5121663418639937,-5.653069163272224,-5.986102111130129,-5.785234223833246,-4.445471816087911,-5.6541636123755525,-5.035265551729325,-4.651849717312947,-5.078051500689959,-5.154438626701861,-5.5271223015267035,-6.022346603136662,-6.463961257216285,-5.207424763148285,-6.55552602392904,-5.69827924010597,-3.915004286288224,-5.556828491581229,-5.521705104068092,-5.759126310907499,-4.718305646992397,-5.621790973748285,-6.643473538710561,-8.695363027040571,-4.216788651610947,-5.962527263471812,-5.420858165978063,-5.790092677010759,-4.718663792627489,-5.324305749843409,-5.56684578145971,-5.2437923348232385,-4.598303086704783,-4.970701785786932,-5.046136803671131,-4.553969243938741,-6.169211177484591,-4.703715631896422,-5.572315707186747,-5.206028744537042,-4.996409579644577,-5.720464331617429,-6.333898161004717,-4.6141217074028535,-3.06910766594647,-5.862145956117995,-6.313493216844962,-4.503420869302643,-4.927853660050949,-5.717200508374968,-4.373097522230513,-5.856490856145028,-5.752103266103845,-3.626230127896136,-5.578748849261614,-4.376053978567543,-6.726634894980292,-5.872283646844828,-5.625158708817716,-5.779448397604236,-4.3278730887225265,-4.965618267497167,-5.772255837883121,-5.474280269897048,-5.91489667656816,-5.4589516357447225,-6.325758842172084,-4.328826033632198,-4.234596302931586,-5.699611121959867,-6.192747282022206,-4.644756828892919,-4.200522778128418,-5.204463166617108,-5.170902386819466,-5.378235865423063,-5.022234834955272,-7.108471288642168,-5.878394484780274,-5.722928623390648,-5.066169104330478,-4.7328880679081715,-4.611677240861776,-4.090128472089685,-5.207807666634444,-5.381426088998523,-4.874374484802609,-3.5861093072201635,-5.79879407551296,-5.4397753115978436
-0.5725151266614357,-9.71819830043229,-5.079989137874659,-4.247736070260726,-5.1402099630354305,-5.915570763866862,-6.3344348781491755,-4.762975063751421,-4.896809103650225,-5.126306319727885,-5.48956039498864,-5.62675218667929,-3.5067693149328525,-5.625063403948679,-5.959233908557525,-5.750921444546776,-4.425975790845052,-5.623286535708553,-5.011911426666681,-4.632556600888559,-5.061336644553774,-5.12821679918426,-5.501571138437808,-5.997030927922722,-6.440242524210423,-5.1764450168770795,-6.521008465857502,-5.673022532759505,-3.9060981368627017,-5.526876008653575,-5.493867564598095,-5.727917934198029,-4.699576133467688,-5.596311813884961,-6.615567031660033,-8.65665216632572,-4.200008159290613,-5.931675962367933,-5.3909490574812375,-5.771700878978214,-4.69969701155688,-5.293959178446495,-5.541167298504009,-5.226415843559538,-4.57925168508415,-4.946752925612788,-5.024168756543183,-4.530742439635481,-6.1338911719471865,-4.683126686199523,-5.54608400290737,-5.186571170649331,-4.975371861223779,-5.690692110292425,-6.2993118693688315,-4.593476610923491,-3.061820269545236,-5.841120380957011,-6.2844649114918525,-4.490920664356195,-4.906602099241605,-5.691877775321455,-4.349856987612019,-5.821055934670302,-5.726379704753186,-3.6124598214342614,-5.551687400583045,-4.356378951921967,-6.692033717973093,-5.850039588569811,-5.596144737547985,-5.750340649063021,-4.31521086910257,-4.9466995810214485,-5.741954636084788,-5.452464086752868,-5.894589014325972,-5.432024201527669,-6.2999555542483705,-4.30814320710061,-4.216171004175255,-5.671506337013461,-6.168135644175,-4.625086495023432,-4.185935993186656,-5.1830611689931905,-5.150344192801704,-5.349962141789294,-4.998455140626396,-7.067894716631264,-5.846332106215716,-5.692580119237357,-5.0507757728010185,-4.720202327294932,-4.597773151467427,-4.075041422913073,-5.194367256425099,-5.355237442960479,-4.8524772864476295,-3.575942019066555,-5.781149883677153,-5.412965186338841
-0.5681528997836109,-10.560639523611,-5.05530055094241,-4.236444382873865,-5.109775540815721,-5.884262419212608,-6.307148089004021,-4.742829055635309,-4.874991648040686,-5.107190584294598,-5.46258789167083,-5.599678759799278,-3.5013722880017175,-5.597057644625103,-5.9323657059849415,-5.7166086652602885,-4.406479765602179,-5.592409459041497,-4.9885573016040174,-4.613263484464157,-5.044621788417639,-5.1019949716666595,-5.476019975348924,-5.97171525270877,-6.416523791204606,-5.145465270605875,-6.4864909077859885,-5.647765825413084,-3.8971919874371723,-5.496923525725941,-5.466030025128116,-5.696709557488601,-4.680846619942992,-5.5708326540215936,-6.587660524609556,-8.617941305610845,-4.183227666970279,-5.900824661264067,-5.361039948984419,-5.753309080945712,-4.680730230486297,-5.263612607049574,-5.5154888155483075,-5.209039352295875,-4.560200283463529,-4.92280406543864,-5.002200709415235,-4.507515635332209,-6.098571166409788,-4.662537740502618,-5.5198522986280425,-5.167113596761608,-4.95433414280302,-5.6609198889674905,-6.264725577732946,-4.572831514444092,-3.054532873144008,-5.820094805796083,-6.255436606138719,-4.478420459409764,-4.885350538432243,-5.666555042267948,-4.326616452993537,-5.78562101319554,-5.700656143402508,-3.5986895149723805,-5.524625951904482,-4.336703925276411,-6.657432540965906,-5.827795530294789,-5.567130766278217,-5.721232900521806,-4.302548649482637,-4.92778089454575,-5.7116534342864504,-5.430647903608657,-5.874281352083766,-5.405096767310591,-6.274152266324664,-4.287460380569035,-4.1977457054189555,-5.643401552067011,-6.143524006327782,-4.605416161153937,-4.171349208244887,-5.161659171369285,-5.129785998783916,-5.3216884181555555,-4.974675446297532,-7.027318144620342,-5.814269727651138,-5.662231615084048,-5.032781168516146,-4.707516586681673,-4.583869062073102,-4.05995437373645,-5.178314665834022,-5.329048796922459,-4.830580088092656,-3.5657747309129784,-5.763505691841351,-5.387309526181474
-0.5637906729057863,-10.7018972206375,-5.030611964010191,-4.225152695486998,-5.079341118596049,-5.85295407455838,-6.2798612998588785,-4.722683047519216,-4.853174192431116,-5.0880748488613605,-5.4356153883530265,-5.5726053329192835,-3.4959752610705888,-5.569051885301552,-5.9054975034123816,-5.682295885973794,-4.386983740359295,-5.561532382374473,-4.965203176541404,-4.593970368039749,-5.02790693228146,-5.075773144149097,-5.450468812260041,-5.946399577494811,-6.392805058198775,-5.11448552433467,-6.45197334971447,-5.622509118066632,-3.8882858380116314,-5.466971042798262,-5.438192485658107,-5.665501180779175,-4.662117106418295,-5.545353494158269,-6.5597540175590545,-8.579230444896002,-4.166447174649908,-5.869973360160182,-5.3311308404876,-5.734917282913203,-4.661763449415732,-5.2332660356526475,-5.489810332592625,-5.191662861032181,-4.5411488818429016,-4.8988552052645025,-4.980232662287293,-4.484288831028943,-6.063251160872346,-4.641948794805718,-5.493620594348635,-5.1476560228738855,-4.933296424382249,-5.631147667642518,-6.230139286097048,-4.552186417964718,-3.047245476742793,-5.799069230635124,-6.226408300785591,-4.465920254463315,-4.864098977622912,-5.641232309214415,-4.303375918375043,-5.750186091720834,-5.674932582051825,-3.5849192085104997,-5.497564503225887,-4.317028898630848,-6.622831363958694,-5.80555147201976,-5.538116795008455,-5.692125151980604,-4.289886429862681,-4.908862208070019,-5.681352232488119,-5.408831720464453,-5.85397368984157,-5.3781693330935125,-6.248348978400938,-4.266777554037441,-4.179320406662619,-5.615296767120592,-6.118912368480551,-4.5857458272844625,-4.156762423303118,-5.140257173745404,-5.109227804766134,-5.293414694521773,-4.950895751968662,-6.986741572609431,-5.782207349086573,-5.6318831109307705,-5.014505061962292,-4.694830846068421,-4.569964972678772,-4.044867324559832,-5.162262075242945,-5.30286015088444,-4.808682889737669,-3.555607442759376,-5.745861500005531,-5.36569399775975
-0.5594284460279616,-9.18204300357951,-5.00592337707798,-4.213861008100125,-5.048906696376358,-5.8216457299041275,-6.252574510713705,-4.7025370394031105,-4.831356736821552,-5.068959113428086,-5.408642885035191,-5.545531906039265,-3.490578234139454,-5.541046125978014,-5.8786293008397665,-5.647983106687305,-4.367487715116434,-5.5306553057074614,-4.94184905147876,-4.5746772516153404,-5.0111920761453055,-5.049551316631521,-5.42491764917114,-5.921083902280877,-6.369086325192913,-5.083505778063503,-6.4174557916429755,-5.597252410720192,-3.879379688586096,-5.437018559870595,-5.410354946188111,-5.634292804069735,-4.643387592893586,-5.519874334294945,-6.531847510508552,-8.540519584181139,-4.1496666823295545,-5.839122059056309,-5.301221731990775,-5.716525484880683,-4.6427966683451425,-5.202919464255714,-5.464131849636905,-5.174286369768505,-4.522097480222273,-4.874906345090335,-4.958264615159383,-4.461062026725658,-6.027931155334929,-4.6213598491088,-5.467388890069264,-5.128198448986162,-4.912258705961502,-5.601375446317546,-6.19555299446115,-4.531541321485337,-3.039958080341602,-5.778043655474164,-6.197379995432488,-4.45342004951686,-4.84284741681355,-5.61590957616089,-4.280135383756536,-5.71475117024609,-5.649209020701153,-3.5711489020486322,-5.470503054547337,-4.297353871985291,-6.588230186951519,-5.783307413744743,-5.5091028237386865,-5.663017403439389,-4.277224210242717,-4.889943521594313,-5.65105103068978,-5.387015537320235,-5.8336660275993575,-5.3512418988764345,-6.222545690477225,-4.246094727505848,-4.160895107906326,-5.587191982174148,-6.094300730633351,-4.566075493414974,-4.142175638361337,-5.118855176121474,-5.0886696107483536,-5.265140970887991,-4.927116057639779,-6.946165000598516,-5.750144970522026,-5.601534606777486,-4.996228955408444,-4.6821451054551755,-4.5560608832844665,-4.029780275383196,-5.146209484651882,-5.276671504846396,-4.786785691382696,-3.545440154605755,-5.7282173081697225,-5.344078469338038
-0.555066219150137,-9.73707065205387,-4.9812347901457485,-4.202569320713245,-5.018472274156655,-5.790337385249881,-6.225287721568563,-4.682391031286986,-4.809539281212013,-5.04984337799485,-5.381670381717387,-5.518458479159278,-3.485181207208319,-5.51304036665445,-5.851761098267182,-5.613670327400824,-4.347991689873556,-5.4997782290404125,-4.918494926416141,-4.555384135190945,-4.9944772200091325,-5.023329489113945,-5.399366486082257,-5.8957682270669,-6.345367592187077,-5.052526031792279,-6.382938233571469,-5.571995703373752,-3.8704735391605674,-5.407066076942954,-5.3825174067181205,-5.6030844273602955,-4.624658079368896,-5.494395174431615,-6.503941003458056,-8.50180872346629,-4.132886190009215,-5.80827075795243,-5.2713126234939685,-5.6981336868481876,-4.623829887274571,-5.1725728928588,-5.4384533666812285,-5.1569098785048295,-4.503046078601684,-4.850957484916192,-4.936296568031435,-4.437835222422393,-5.992611149797518,-4.600770903411913,-5.4411571857898995,-5.108740875098439,-4.891220987540718,-5.571603224992566,-6.16096670282524,-4.5108962250059745,-3.0326706839403617,-5.757018080313198,-6.16835169007936,-4.440919844570423,-4.8215958560042,-5.590586843107364,-4.256894849138061,-5.679316248771352,-5.623485459350488,-3.5573785955867576,-5.443441605868749,-4.277678845339715,-6.553629009944315,-5.761063355469702,-5.480088852468924,-5.633909654898169,-4.26456199062281,-4.871024835118589,-5.620749828891474,-5.365199354176049,-5.813358365357176,-5.324314464659381,-6.196742402553512,-4.225411900974273,-4.142469809149989,-5.55908719722771,-6.069689092786108,-4.546405159545518,-4.127588853419537,-5.097453178497581,-5.068111416730578,-5.236867247254227,-4.9033363633109275,-6.905588428587599,-5.718082591957462,-5.571186102624183,-4.9779528488546285,-4.669459364841936,-4.542156793890105,-4.01469322620656,-5.130156894060818,-5.25048285880837,-4.764888493027704,-3.5352728664521784,-5.710573116333909,-5.322462940916327
-0.5507039922723123,-1.30310855578598,-4.956546203213506,-4.191277633326359,-4.98803785193697,-5.75902904059564,-6.198000932423408,-4.662245023170887,-4.7877218256024365,-5.030727642561606,-5.354697878399577,-5.4913850522792655,-3.4797841802771963,-5.485034607330893,-5.824892895694609,-5.57935754811436,-4.328495664630677,-5.468901152373388,-4.895140801353491,-4.536091018766537,-4.9777623638729915,-4.997107661596357,-5.373815322993355,-5.87045255185296,-6.321648859181246,-5.021546285521119,-6.34842067549995,-5.546738996027332,-3.8615673897350264,-5.377113594015294,-5.354679867248136,-5.571876050650849,-4.605928565844161,-5.468916014568253,-6.476034496407547,-8.46309786275144,-4.116105697688869,-5.777419456848532,-5.241403514997131,-5.679741888815679,-4.604863106203975,-5.142226321461867,-5.41277488372549,-5.139533387241123,-4.483994676981031,-4.827008624742031,-4.914328520903481,-4.414608418119096,-5.957291144260119,-4.5801819577149825,-5.414925481510516,-5.089283301210735,-4.870183269119959,-5.541831003667601,-6.126380411189361,-4.4902511285265945,-3.025383287539153,-5.73599250515224,-6.139323384726277,-4.42841963962398,-4.8003442951948445,-5.565264110053851,-4.233654314519555,-5.643881327296639,-5.597761897999804,-3.5436082891248892,-5.416380157190199,-4.258003818694159,-6.519027832937134,-5.738819297194686,-5.4510748811991805,-5.604801906356942,-4.251899771002859,-4.852106148642889,-5.590448627093155,-5.343383171031857,-5.79305070311495,-5.2973870304423345,-6.1709391146297925,-4.204729074442673,-4.1240445103937144,-5.530982412281297,-6.045077454938883,-4.526734825676005,-4.113002068477781,-5.076051180873644,-5.047553222712784,-5.20859352362047,-4.8795566689820635,-6.865011856576689,-5.686020213392915,-5.540837598470899,-4.959676742300793,-4.656773624228684,-4.52825270449578,-3.9996061770299427,-5.114104303469729,-5.224294212770357,-4.742991294672736,-3.525105578298545,-5.6929289244981005,-5.300847412494622
-0.5463417653944876,-0.707766541498866,-4.931857616281281,-4.1799859459394915,-4.95760342971728,-5.727720695941399,-6.170714143278292,-4.642099015054781,-4.765904369992898,-5.011611907128363,-5.327725375081749,-5.46431162539926,-3.474387153346055,-5.457028848007349,-5.798024693121994,-5.545044768827872,-4.308999639387817,-5.438024075706357,-4.871786676290847,-4.516797902342097,-4.961047507736812,-4.970885834078776,-5.348264159904466,-5.845136876639039,-6.297930126175415,-4.990566539249907,-6.313903117428449,-5.521482288680874,-3.85266124030946,-5.347161111087634,-5.326842327778171,-5.540667673941404,-4.587199052319459,-5.443436854704892,-6.448127989357052,-8.424387002036545,-4.099325205368509,-5.746568155744685,-5.211494406500312,-5.661350090783158,-4.585896325133422,-5.111879750064959,-5.387096400769801,-5.122156895977447,-4.464943275360404,-4.803059764567881,-4.892360473775526,-4.391381613815849,-5.921971138722696,-4.559593012018071,-5.38869377723114,-5.069825727322993,-4.849145550699199,-5.512058782342628,-6.0917941195534695,-4.469606032047195,-3.018095891137931,-5.71496692999128,-6.110295079373149,-4.4159194346775505,-4.7790927343855,-5.5399413770003445,-4.210413779901061,-5.608446405821889,-5.572038336649108,-3.529837982662996,-5.389318708511604,-4.238328792048602,-6.484426655929941,-5.716575238919645,-5.422862135934422,-5.575694157815733,-4.239237551382908,-4.833187462167171,-5.560147425294797,-5.321566987887652,-5.772743040872761,-5.270459596225244,-6.145135826706086,-4.184046247911111,-4.105619211637421,-5.502877627334872,-6.020465817091677,-4.507064491806543,-4.0984152835360055,-5.054649183249763,-5.026995028695003,-5.1803197999867185,-4.8557769746532,-6.8244352845657605,-5.653957834828337,-5.510489094317621,-4.941400635746921,-4.644087883615432,-4.51434861510145,-3.9845191278533125,-5.098051712878664,-5.198105566732306,-4.721094096317775,-3.514938290144956,-5.6752847326623055,-5.279231884072923
-0.5419795385166629,-10.1104211839454,-4.907169029349076,-4.168694258552618,-4.927169007497608,-5.696412351287159,-6.143427354133112,-4.621953006938676,-4.744086914383334,-4.992496171695113,-5.300752871763957,-5.43723819851926,-3.46899012641492,-5.429023088683754,-5.771156490549428,-5.510731989541365,-4.2895036141449445,-5.407146999039339,-4.848432551228209,-4.497504785917708,-4.944332651600639,-4.944664006561175,-5.322712996815564,-5.81982120142508,-6.274211393169572,-4.959586792978709,-6.279385559356918,-5.496225581334428,-3.843755090883925,-5.31720862815998,-5.299004788308187,-5.50945929723199,-4.568469538794762,-5.417957694841574,-6.420221482306581,-8.385676141321706,-4.082544713048151,-5.715716854640793,-5.1815852980035055,-5.642958292750657,-4.566929544062827,-5.08153317866805,-5.361417917814119,-5.104780404713753,-4.445891873739795,-4.779110904393751,-4.870392426647616,-4.368154809512564,-5.886651133185285,-4.539004066321197,-5.362462072951769,-5.050368153435257,-4.828107832278428,-5.482286561017674,-6.057207827917583,-4.448960935567826,-3.010808494736697,-5.693941354830333,-6.081266774020034,-4.403419229731114,-4.7578411735761446,-5.514618643946844,-4.187173245282586,-5.573011484347176,-5.5463147752984545,-3.516067676201109,-5.362257259833036,-4.218653765403052,-6.44982547892276,-5.694331180644628,-5.399255677127248,-5.54658640927455,-4.226575331762938,-4.814268775691472,-5.529846223496491,-5.299750804743429,-5.752435378630567,-5.243532162008185,-6.119332538782378,-4.163363421379535,-4.087193912881091,-5.474772842388422,-5.99585417924444,-4.487394157937073,-4.083828498594244,-5.033247185625852,-5.006436834677228,-5.152046076352949,-4.831997280324316,-6.783858712554844,-5.6218954562637595,-5.480140590164355,-4.923124529193104,-4.6314021430021795,-4.500444525707081,-3.9694320786766895,-5.081999122287594,-5.171916920694275,-4.699196897962795,-3.5047710019913536,-5.657640540826485,-5.257616355651186
-0.5376173116388383,-10.7862514683224,-4.8824804424168455,-4.157402571165757,-4.896734585277911,-5.665104006632919,-6.116140564987939,-4.6018069988225765,-4.722269458773776,-4.973380436261877,-5.273780368446141,-5.410164771639266,-3.4635930994837656,-5.401017329360215,-5.744288287976812,-5.476419210254889,-4.270007588902091,-5.376269922372328,-4.825078426165583,-4.478211669493282,-4.927617795464504,-4.918442179043593,-5.297161833726687,-5.794505526211134,-6.250492660163729,-4.928607046707536,-6.244868001285424,-5.470968873987994,-3.834848941458402,-5.287256145232332,-5.271167248838177,-5.478250920522531,-4.549740025270072,-5.392478534978231,-6.392314975256078,-8.346965280606838,-4.065764220727835,-5.684865553536933,-5.1516761895066745,-5.624566494718104,-4.547962762992237,-5.051186607271117,-5.335739434858392,-5.087403913450084,-4.426840472119167,-4.755162044219595,-4.848424379519686,-4.344928005209287,-5.8513311276478674,-4.518415120624279,-5.33623036867241,-5.0309105795475535,-4.807070113857662,-5.452514339692726,-6.022621536281686,-4.4283158390884525,-3.0035210983354697,-5.672915779669374,-6.052238468666956,-4.390919024784671,-4.73658961276682,-5.489295910893299,-4.163932710664092,-5.537576562872433,-5.520591213947752,-3.502297369739222,-5.33519581115446,-4.198978738757488,-6.415224301915542,-5.672087122369605,-5.375649218320041,-5.517478660733317,-4.213913112143007,-4.795350089215748,-5.499545021698159,-5.277934621599242,-5.732127716388348,-5.216604727791119,-6.093529250858634,-4.142680594847961,-4.068768614124791,-5.446668057442009,-5.971242541397234,-4.467723824067567,-4.069241713652487,-5.011845188001959,-4.985878640659458,-5.123772352719186,-4.808217585995458,-6.743282140543941,-5.589833077699208,-5.449792086011059,-4.904848422639238,-4.618716402388952,-4.4865404363127634,-3.9543450295000655,-5.065946531696505,-5.145728274656249,-4.677299699607815,-3.4946037138377513,-5.63999634899067,-5.236000827229475
-0.5332550847610136,-10.3643677426857,-4.857791855484602,-4.146110883778889,-4.866300163058239,-5.633795661978678,-6.088853775842803,-4.581660990706478,-4.7004520031642185,-4.954264700828646,-5.246807865128319,-5.383091344759267,-3.458196072552643,-5.373011570036652,-5.717420085404253,-5.4421064309684075,-4.2505115636592254,-5.345392845705291,-4.801724301102932,-4.458918553068893,-4.910902939328331,-4.892220351526043,-5.27161067063781,-5.769189850997176,-6.226773927157892,-4.897627300436331,-6.2103504432138985,-5.445712166641536,-3.8259427920328797,-5.25730366230466,-5.243329709368199,-5.447042543813098,-4.5310105117453565,-5.366999375114876,-6.364408468205583,-8.30825441989198,-4.048983728407464,-5.6540142524330355,-5.121767081009868,-5.6061746966855965,-4.528995981921672,-5.020840035874197,-5.310060951902704,-5.070027422186402,-4.407789070498552,-4.731213184045428,-4.826456332391707,-4.321701200906027,-5.8160111221104565,-4.497826174927392,-5.309998664393027,-5.01145300565983,-4.786032395436903,-5.422742118367716,-5.988035244645794,-4.4076707426090715,-2.9962337019342664,-5.651890204508402,-6.023210163313803,-4.3784188198382346,-4.715338051957458,-5.4639731778397795,-4.1406921760456035,-5.5021416413976825,-5.494867652597087,-3.488527063277373,-5.308134362475896,-4.179303712111926,-6.3806231249084115,-5.64984306409457,-5.352042759512836,-5.488370912192102,-4.201250892523074,-4.776431402740023,-5.469243819899834,-5.256118438455045,-5.711820054146166,-5.189677293574047,-6.0677259629349205,-4.12199776831638,-4.050343315368486,-5.418563272495584,-5.9466309035499965,-4.448053490198104,-4.054654928710681,-4.990443190378047,-4.9653204466416465,-5.095498629085447,-4.784437891666582,-6.7027055685330055,-5.557770699134642,-5.41944358185775,-4.886572316085415,-4.606030661775719,-4.472636346918446,-3.9392579803234478,-5.0498939411054655,-5.1195396286182175,-4.655402501252829,-3.4844364256841374,-5.622352157154875,-5.214385298807756
-0.528892857883189,-0.920165020265162,-4.833103268552397,-4.134819196392016,-4.835865740838542,-5.6024873173244245,-6.0615669866976605,-4.561514982590366,-4.6786345475546485,-4.935148965395359,-5.2198353618105084,-5.356017917879261,-3.4462140495037774,-5.345005810713114,-5.690551882831637,-5.407793651681913,-4.231015538416365,-5.314515769038267,-4.778370176040313,-4.439625436644478,-4.894188083192146,-4.86599852400843,-5.246059507548902,-5.743874175783211,-6.203055194152043,-4.866647554165145,-6.175832885142397,-5.420455459295108,-3.8170366426073254,-5.227351179377025,-5.215492169898184,-5.415834167103658,-4.512280998220653,-5.341520215251559,-6.336501961155055,-8.269543559177112,-4.032203236087092,-5.623162951329163,-5.091857972513036,-5.5877828986531135,-4.510029200851088,-4.990493464477264,-5.284382468947015,-5.052650930922752,-4.3887376688779245,-4.707264323871279,-4.8044882852637905,-4.298474396602742,-5.780691116573053,-4.47723722923048,-5.283766960113657,-4.99199543177212,-4.764994677016138,-5.3929698970427875,-5.953448953009909,-4.387025646129703,-2.988946305533058,-5.63086462934743,-5.99418185796072,-4.365918614891785,-4.694086491148102,-5.438650444786279,-4.117451641427122,-5.466706719922976,-5.469144091246416,-3.4747567568154922,-5.281072913797328,-4.159628685466362,-6.346021947901187,-5.627599005819554,-5.328436300705623,-5.4592631636509,-4.188588672903136,-4.75751271626433,-5.4389426181015015,-5.234302255310833,-5.691512391903966,-5.162749859356981,-6.041922675011207,-4.101314941784773,-4.031918016612154,-5.390458487549146,-5.92201926570281,-4.428383156328598,-4.040068143768931,-4.969041192754135,-4.944762252623877,-5.067224905451653,-4.760658197337706,-6.662128996522089,-5.525708320570089,-5.389095077704484,-4.868296209531568,-4.593344921162436,-4.458732257524084,-3.9241709311468185,-5.033841350514383,-5.093350982580204,-4.633505302897856,-3.4742691375305164,-5.604707965319054,-5.192769770386064
-0.5245306310053642,0.53286488254225,-4.8084146816201345,-4.123527509005142,-4.805431318618864,-5.571178972670184,-6.034280197552506,-4.5413689744742545,-4.656817091945098,-4.916033229962141,-5.192862858492711,-5.328944490999267,-3.4338126958309045,-5.317000051389551,-5.663683680259066,-5.373480872395419,-4.211519513173487,-5.283638692371236,-4.755016050977669,-4.42033232022007,-4.877473227056004,-4.839776696490873,-5.220508344460019,-5.718558500569271,-6.1793364611462005,-4.835667807893953,-6.1413153270708785,-5.395198751948675,-3.808130493181797,-5.19739869644934,-5.187654630428187,-5.384625790394225,-4.493551484695963,-5.3160410553881965,-6.308595454104566,-8.230832698462262,-4.0154227437667585,-5.592311650225309,-5.0619488640162364,-5.569391100620567,-4.49106241978051,-4.960146893080368,-5.258703985991314,-5.035274439659057,-4.369686267257304,-4.683315463697142,-4.7825202381358425,-4.27524759229949,-5.745371111035635,-4.4566482835336,-5.257535255834274,-4.972537857884396,-4.7439569585953665,-5.363197675717802,-5.918862661373992,-4.366380549650317,-2.9816589091318235,-5.6098390541865015,-5.965153552607554,-4.353418409945349,-4.672834930338753,-5.413327711732753,-4.09421110680861,-5.4312717984482255,-5.443420529895738,-3.4609864503535928,-5.254011465118739,-4.139953658820825,-6.311420770893994,-5.605354947544512,-5.30482984189843,-5.430155415109685,-4.175926453283154,-4.738594029788599,-5.408641416303176,-5.212486072166672,-5.671204729661752,-5.135822425139934,-6.016119387087488,-4.080632115253192,-4.013492717855849,-5.362353702602727,-5.897407627855566,-4.408712822459116,-4.025481358827137,-4.9476391951302485,-4.924204058606089,-5.038951181817901,-4.736878503008848,-6.621552424511186,-5.493645942005543,-5.3587465735511755,-4.850020102977733,-4.5806591805492465,-4.444828168129741,-3.9090838819701945,-5.017788759923312,-5.0671623365421725,-4.611608104542869,-3.4641018493769273,-5.587063773483247,-5.171154241964352
-0.5201684041275396,-9.32562934850868,-4.7837260946879105,-4.112235821618269,-4.774996896399173,-5.539870628015944,-6.006993408407332,-4.521222966358136,-4.634999636335534,-4.896917494528873,-5.165890355174882,-5.301871064119255,-3.4214113421580628,-5.288994292066018,-5.6368154776864685,-5.339168093108943,-4.192023487930589,-5.252761615704205,-4.731661925915012,-4.4010392037956745,-4.860758370919825,-4.813554868973278,-5.19495718137113,-5.693242825355325,-6.1556177281403945,-4.804688061622761,-6.106797768999366,-5.369942044602235,-3.79922434375625,-5.167446213521686,-5.159817090958209,-5.353417413684779,-4.4748219711712665,-5.290561895524867,-6.280688947054083,-8.189793739226825,-3.9986422514464124,-5.561460349121405,-5.032039755519412,-5.550999302588091,-4.472095638709946,-4.929800321683441,-5.2330255030356065,-5.0178979483953885,-4.3506348656366765,-4.659366603523005,-4.760552191007907,-4.252020787996211,-5.7100511054981995,-4.436059337836669,-5.231303551554915,-4.953080283996667,-4.7229192401746,-5.333425454392849,-5.884276369738107,-4.345735453170942,-2.974371512730614,-5.588813479025524,-5.9361252472544574,-4.340918204998931,-4.651583369529421,-5.38800497867924,-4.070970572190116,-5.3958368769735,-5.417696968545048,-3.4472161438917244,-5.2269500164401705,-4.120278632175218,-6.276819593886813,-5.5831108892694905,-5.2812233830912305,-5.401047666568483,-4.163264233663228,-4.7196753433129,-5.378340214504832,-5.190669889022443,-5.650897067419551,-5.108894990922844,-5.990316099163775,-4.059949288721629,-3.995067419099543,-5.334248917656289,-5.8727959900083535,-4.389042488589635,-4.010894573885374,-4.926237197506356,-4.903645864588315,-5.010677458184132,-4.713098808679978,-6.58097585250025,-5.461583563440978,-5.328398069397897,-4.8317439964238975,-4.56797343993597,-4.430924078735441,-3.8939968327935706,-5.001736169332248,-5.040973690504147,-4.589710906187908,-3.4539345612233125,-5.569419581647414,-5.149538713542647
-0.5158061772497149,-10.1915298405253,-4.759037507755686,-4.1009441342314386,-4.744562474179501,-5.508562283361728,-5.979706619262209,-4.50107695824203,-4.613182180725983,-4.877801759095605,-5.138917851857072,-5.274797637239248,-3.4090099884852023,-5.260988532742442,-5.6099472751138775,-5.30485531382248,-4.172527462687717,-5.221884539037175,-4.708307800852393,-4.381746087371254,-4.844043514783677,-4.787333041455697,-5.169406018282229,-5.667927150141373,-6.131898995134539,-4.773708315351569,-6.072280210927847,-5.3446853372557825,-3.790318194330733,-5.1374937305940325,-5.131979551488213,-5.322209036975321,-4.456092457646557,-5.26508273566153,-6.252782440003586,-8.147820730180966,-3.9818617591260654,-5.530609048017545,-5.0021306470225735,-5.532607504555558,-4.453128857639362,-4.89945375028652,-5.2073470200799115,-5.000521457131688,-4.331583464016055,-4.635417743348857,-4.738584143879953,-4.228793983692945,-5.674731099960795,-4.4154703921397696,-5.205071847275519,-4.933622710108931,-4.701881521753816,-5.303653233067876,-5.849690078102203,-4.325090356691567,-2.967084116329387,-5.567787903864571,-5.907096941901342,-4.328418000052464,-4.630331808720065,-5.362682245625726,-4.047730037571628,-5.360401955498744,-5.391973407194382,-3.4334458374298373,-5.199888567761613,-4.100603605529674,-6.242218416879621,-5.560866830994474,-5.257616924284024,-5.37193991802725,-4.150602014043258,-4.70075665683717,-5.348039012706512,-5.168853705878244,-5.630589405177357,-5.081967556705809,-5.964512811240062,-4.03926646219003,-3.9819837469080417,-5.30614413270987,-5.848184352161148,-4.369372154720147,-3.996307788943594,-4.904835199882443,-4.883087670570552,-4.982403734550374,-4.689319114351114,-6.540399280489335,-5.429521184876401,-5.2980495652446065,-4.813467889870062,-4.555287699322749,-4.417019989341117,-3.87890978361696,-4.985683578741153,-5.014785044466115,-4.567813707832916,-3.443767273069729,-5.551775389811606,-5.127923185120923
-0.5114439503718903,-0.930525423572332,-4.7343489208234555,-4.08965244684454,-4.7141280519597855,-5.477253938707482,-5.952419830117054,-4.480930950125938,-4.591364725116425,-4.858686023662374,-5.111945348539268,-5.24772421035923,-3.396608634812342,-5.232982773418891,-5.5830790725412935,-5.270542534535979,-4.153031437444863,-5.1910074623701385,-4.684953675789767,-4.362452970946847,-4.8273286586475175,-4.761111213938109,-5.143854855193339,-5.642611474927433,-6.108180262128703,-4.742728569080364,-6.037762652856333,-5.319428629909343,-3.781412044905192,-5.107541247666397,-5.1041420120182215,-5.2910006602659,-4.437362944121842,-5.239603575798188,-6.224875932953091,-8.105847721135124,-3.965081266805707,-5.500979618892457,-4.972221538525767,-5.514215706523031,-4.434162076568754,-4.869107178889581,-5.181668537124204,-4.983144965868037,-4.3125320623954275,-4.611468883174688,-4.716616096752042,-4.205567179389661,-5.6394110944233775,-4.394881446442864,-5.178840142996168,-4.914165136221234,-4.68084380333307,-5.273881011742904,-5.815103786466305,-4.304445260212175,-2.9597967199281836,-5.546762328703611,-5.878068636548252,-4.3159177951060395,-4.609080247910722,-5.337359512572207,-4.0244895029531405,-5.3249670340240245,-5.366249845843711,-3.419675530967975,-5.172827119083025,-4.0809285788841105,-6.207617239872415,-5.538622772719445,-5.234010465476812,-5.342832169486022,-4.137939794423326,-4.68183797036147,-5.317737810908162,-5.147037522734039,-5.610281742935163,-5.0550401224887125,-5.938709523316317,-4.018583635658454,-3.969251539037659,-5.278039347763439,-5.823572714313904,-4.349701820850679,-3.9817210040018436,-4.883433202258519,-4.862529476552745,-4.954130010916598,-4.66553942002225,-6.499822708478437,-5.397458806311842,-5.267701061091329,-4.795191783316202,-4.54260195870949,-4.403115899946762,-3.8638227344403298,-4.969630988150095,-4.988596398428096,-4.5459165094779355,-3.4335999849161025,-5.534131197975798,-5.106307656699199
-0.5070817234940656,-1.54110565807402,-4.709660333891243,-4.078360759457679,-4.683693629740095,-5.445945594053209,-5.925133040971919,-4.460784942009832,-4.5695472695068675,-4.8395702882291305,-5.084972845221445,-5.220650783479243,-3.384207281139475,-5.20497701409534,-5.556210869968715,-5.2362297552494965,-4.133535412201985,-5.160130385703139,-4.661599550727116,-4.343159854522439,-4.810613802511376,-4.734889386420533,-5.1183036921044565,-5.617295799713487,-6.084461529122841,-4.711748822809184,-6.003245094784821,-5.294171922562915,-3.7725058954796564,-5.077588764738737,-5.076304472548231,-5.259792283556461,-4.418633430597145,-5.214124415934857,-6.196969425902595,-8.063874712089246,-3.9483007744853476,-5.475906258553693,-4.942312430028949,-5.495823908490535,-4.415195295498176,-4.838760607492698,-5.15599005416849,-4.965768474604343,-4.2934806607748,-4.587520023000552,-4.694648049624088,-4.182340375086402,-5.60409108888596,-4.374292500745946,-5.152608438716791,-4.894707562333505,-4.659806084912311,-5.244108790417943,-5.7805174948304385,-4.2838001637328125,-2.952509323526968,-5.525736753542645,-5.849040331195118,-4.30341759015959,-4.58782868710136,-5.312036779518694,-4.001248968334659,-5.289532112549305,-5.340526284493021,-3.4059052245060952,-5.1457656704044625,-4.061253552238553,-6.173016062865253,-5.516378714444416,-5.2104040066696315,-5.313724420944814,-4.1252775748034,-4.6629192838857705,-5.287436609109862,-5.125221339589848,-5.589974080692943,-5.028112688271666,-5.912906235392636,-3.9979008091268797,-3.956519331167277,-5.249934562817001,-5.798961076466692,-4.3300314869811904,-3.9671342190600623,-4.862031204634633,-4.841971282534977,-4.925856287282854,-4.641759725693367,-6.459246136467515,-5.3653964277472825,-5.237352556938045,-4.776915676762373,-4.529916218096244,-4.3892118105524185,-3.8487356852636934,-4.953578397559043,-4.962407752390058,-4.524019311122968,-3.4234326967624877,-5.516487006140009,-5.0846921282774815
-0.5027194966162409,-2.94536759800889,-4.684971746959019,-4.067069072070812,-4.653259207520417,-5.414637249398975,-5.8978462518267705,-4.440638933893745,-4.547729813897341,-4.820454552795888,-5.058000341903623,-5.193577356599237,-3.371805927466646,-5.176971254771789,-5.529342667396131,-5.201916975963015,-4.114039386959112,-5.129253309036102,-4.638245425664472,-4.323866738098012,-4.793898946375203,-4.708667558902951,-5.092752529015548,-5.591980124499522,-6.060742796117022,-4.680769076537998,-5.968727536713314,-5.268915215216469,-3.763599746054134,-5.047636281811084,-5.048466933078216,-5.228583906847002,-4.399903917072449,-5.188645256071527,-6.169062918852086,-8.021901703043374,-3.93152028216502,-5.450832898214924,-4.912403321532123,-5.477432110458021,-4.396228514427611,-4.808414036095765,-5.130311571212814,-4.948391983340661,-4.274429259154197,-4.563571162826396,-4.672680002496133,-4.159113570783111,-5.568771083348543,-4.3537035550490595,-5.126376734437414,-4.875249988445794,-4.6387683664915205,-5.21433656909299,-5.745931203194515,-4.263155067253438,-2.9452219271257407,-5.504711178381705,-5.820012025842009,-4.2909173852131355,-4.56657712629201,-5.286714046465181,-3.9780084337161394,-5.254097191074575,-5.314802723142356,-3.392134918044202,-5.118704221725874,-4.041578525592991,-6.138414885858047,-5.494134656169406,-5.186797547862419,-5.284616672403599,-4.112615355183462,-4.644000597410052,-5.257135407311504,-5.103405156445636,-5.56966641845073,-5.0011852540546,-5.887102947468909,-3.977217982595273,-3.9437871232968824,-5.2218297778706,-5.774349438619468,-4.310361153111716,-3.952547434118306,-4.840629207010734,-4.821413088517176,-4.89758256364909,-4.617980031364509,-6.418669564456592,-5.333334049182718,-5.207004052784748,-4.758639570208557,-4.517230477482992,-4.370879214923605,-3.8336486360870703,-4.93752580696796,-4.936219106352008,-4.502122112768007,-3.413265408608898,-5.498842814304176,-5.0630765998557825
-0.4983572697384162,-0.546944050869,-4.660283160026782,-4.055777384683932,-4.622824785300739,-5.3833289047447535,-5.870559462681616,-4.420492925777609,-4.525912358287765,-4.801338817362638,-5.031027838585813,-5.166503929719231,-3.3594045737937543,-5.14896549544822,-5.50247446482354,-5.167604196676539,-4.094543361716234,-5.098376232369059,-4.614891300601859,-4.304573621673604,-4.777184090239042,-4.682445731385357,-5.067201365926665,-5.566664449285576,-6.037024063111199,-4.649789330266806,-5.934209978641783,-5.243658507870017,-3.754693596628587,-5.017683798883417,-5.020629393608257,-5.197375530137563,-4.381174403547721,-5.163166096208165,-6.141156411801609,-7.9799286939975085,-3.914739789844667,-5.4257595378761545,-4.882494213035286,-5.459040312425519,-4.377261733357021,-4.778067464698844,-5.104633088257106,-4.931015492076973,-4.255377857533539,-4.539622302652235,-4.650711955368217,-4.1358867664798575,-5.533451077811126,-4.333114609352172,-5.100145030158025,-4.855792414558046,-4.617730648070736,-5.1845643477680365,-5.71134491155863,-4.242509970774045,-2.937934530724519,-5.483685603220727,-5.7909837204889065,-4.278417180266692,-4.545325565482679,-5.261391313411668,-3.954767899097652,-5.218662269599862,-5.289079161791678,-3.3783646115823336,-5.091642773047318,-4.021903498947415,-6.103813708850854,-5.471890597894352,-5.163191089055213,-5.255508923862397,-4.099953135563498,-4.6250819109343535,-5.226834205513204,-5.081588973301425,-5.549358756208554,-4.9742578198375345,-5.86129965954519,-3.956535156063711,-3.9310549154265066,-5.193724992924157,-5.749737800772249,-4.290690819242234,-3.9379606491765244,-4.819227209386828,-4.800854894499413,-4.869308840015327,-4.594200337035652,-6.378092992445689,-5.301271670618159,-5.17665554863147,-4.74036346365471,-4.50454473686974,-4.349596181019188,-3.81856158691044,-4.921473216376884,-4.910030460314006,-4.480224914413008,-3.4030981204552715,-5.481198622468361,-5.041461071434059
-0.49399504286059154,-1.96830143423004,-4.63559457309457,-4.044485697297071,-4.592390363081042,-5.352020560090494,-5.843272673536461,-4.4003469176615155,-4.504094902678207,-4.782223081929389,-5.004055335268009,-5.139430502839238,-3.3470032201209,-5.120959736124669,-5.475606262250924,-5.133291417390033,-4.07504733647338,-5.067499155702035,-4.59153717553919,-4.285280505249233,-4.760469234102875,-4.6562239038677875,-5.041650202837776,-5.541348774071636,-6.013305330105343,-4.618809583995608,-5.899692420570257,-5.21840180052359,-3.7457874472030452,-4.987731315955782,-4.9927918541382725,-5.166167153428118,-4.36244489002303,-5.1376869363448225,-6.113249904751088,-7.937955684951631,-3.897959297524327,-5.400686177537384,-4.852585104538455,-5.440648514392979,-4.358294952286462,-4.747720893301905,-5.078954605301417,-4.913639000813285,-4.236326455912942,-4.515673442478086,-4.628743908240274,-4.112659962176573,-5.498131072273727,-4.3125256636552605,-5.073913325878679,-4.836334840670335,-4.5966929296499766,-5.154792126443039,-5.676758619922745,-4.221864874294658,-2.930647134323297,-5.4626600280597675,-5.761955415135772,-4.265916975320269,-4.524074004673298,-5.236068580358136,-3.9315273644791704,-5.18322734812513,-5.2633556004409945,-3.364594305120459,-5.064581324368773,-4.002228472301852,-6.069212531843674,-5.449646539619355,-5.1395846302480015,-5.2264011753211825,-4.087290915943567,-4.606163224458635,-5.1965330037148725,-5.0597727901572265,-5.529051093966341,-4.947330385620481,-5.835496371621464,-3.93585232953213,-3.9183227075561113,-5.165620207977713,-5.725126162925024,-4.271020485372771,-3.9233738642347555,-4.7978252117629285,-4.780296700481626,-4.841035116381563,-4.570420642706769,-6.33751642043476,-5.2692092920536,-5.1463070444781795,-4.7220873571008495,-4.491858996256506,-4.328313147114753,-3.803474537733816,-4.905420625785801,-4.883841814275956,-4.458327716058041,-3.3929308323016816,-5.463554430632554,-5.019845543012347
-0.48963281598276687,-0.584006023568201,-4.610905986162314,-4.033194009910191,-4.561955940861351,-5.320712215436247,-5.815985884391313,-4.380200909545404,-4.482277447068662,-4.76310734649614,-4.977082831950186,-5.112357075959256,-3.3346018664480708,-5.092953976801087,-5.448738059678346,-5.0989786381035564,-4.055551311230495,-5.036622079035023,-4.568183050476571,-4.2659873888247875,-4.743754377966703,-4.630002076350224,-5.016099039748893,-5.516033098857671,-5.989586597099481,-4.587829837724403,-5.865174862498781,-5.193145093177125,-3.7368812977775043,-4.957778833028128,-4.964954314668257,-5.134958776718684,-4.343715376498334,-5.112207776481486,-6.085343397700636,-7.895982675905784,-3.881178805203956,-5.375612817198615,-4.822675996041629,-5.422256716360453,-4.339328171215848,-4.717374321904984,-5.053276122345716,-4.896262509549622,-4.217275054292322,-4.491724582303924,-4.606775861112352,-4.089433157873314,-5.46281106673631,-4.2919367179583485,-5.047681621599314,-4.816877266782613,-4.5756552112292175,-5.125019905118103,-5.642172328286841,-4.201219777815309,-2.923359737922076,-5.441634452898809,-5.732927109782683,-4.253416770373801,-4.5028224438639795,-5.210745847304628,-3.908286829860664,-5.147792426650374,-5.23763203909031,-3.3508239986585657,-5.037519875690167,-3.98255344565632,-6.034611354836456,-5.4274024813443384,-5.115978171440801,-5.197293426779962,-4.074628696323603,-4.587244537982917,-5.166231801916535,-5.037956607013041,-5.508743431724146,-4.920402951403403,-5.809693083697757,-3.9151695030005547,-3.905590499685717,-5.137515423031275,-5.700514525077825,-4.251350151503265,-3.9087870792929937,-4.7764232141390295,-4.759738506463851,-4.812761392747818,-4.546640948377905,-6.296939848423825,-5.237146913489054,-5.115958540324883,-4.703811250547033,-4.479173255643248,-4.30703011321033,-3.788387488557218,-4.889368035194731,-4.8576531682379365,-4.436430517703074,-3.3827635441480863,-5.445910238796758,-4.998230014590636
-0.4852705891049422,-0.0828586599694296,-4.58621739923009,-4.021902322523311,-4.531521518641654,-5.289403870782007,-5.78869909524617,-4.360054901429298,-4.460459991459098,-4.743991611062878,-4.950110328632377,-5.085283649079244,-3.3222005127751855,-5.064948217477567,-5.4218698571057615,-5.064665858817087,-4.036055285987623,-5.005745002367986,-4.544828925413939,-4.24669427240038,-4.727039521830543,-4.603780248832649,-4.990547876660016,-5.490717423643725,-5.965867864093663,-4.556850091453211,-5.830657304427244,-5.167888385830711,-3.7279751483519625,-4.927826350100456,-4.937116775198279,-5.103750400009245,-4.324985862973619,-5.086728616618168,-6.05743689065009,-7.854009666859893,-3.8643983128836092,-5.350539456859839,-4.792766887544823,-5.40386491832797,-4.320361390145282,-4.687027750508051,-5.027597639390016,-4.87888601828594,-4.198223652671688,-4.467775722129769,-4.584807813984378,-4.066206353570036,-5.427491061198887,-4.271347772261425,-5.0214499173199245,-4.79741969289489,-4.554617492808458,-5.095247683793125,-5.607586036650936,-4.1805746813359095,-2.9160723415208603,-5.420608877737843,-5.703898804429536,-4.240916565427383,-4.481570883054611,-5.1854231142510905,-3.8850462952421827,-5.112357505175642,-5.211908477739658,-3.337053692196691,-5.010458427011585,-3.9628784190107327,-6.000010177829275,-5.405158423069285,-5.092371712633614,-5.1681856782387285,-4.061966476703671,-4.568325851507205,-5.135930600118209,-5.016140423868811,-5.488435769481958,-4.893475517186331,-5.783889795774044,-3.8944866764689676,-3.892858291815335,-5.109410638084869,-5.675902887230594,-4.231679817633802,-3.8942002943512124,-4.75502121651508,-4.739180312446064,-4.784487669114043,-4.522861254049034,-6.2563632764129276,-5.20508453492447,-5.085610036171587,-4.685535143993198,-4.466487515030009,-4.285747079305889,-3.7733004393805816,-4.873315444603642,-4.831464522199893,-4.414533319348081,-3.3725962559944715,-5.428266046960926,-4.975087756214455
-0.4809083622271175,0.393102841110002,-4.561528812297866,-4.010610635136445,-4.501087096421994,-5.258095526127772,-5.761412306101003,-4.339908893313205,-4.438642535849553,-4.7248758756296345,-4.923137825314554,-5.058210222199238,-3.309799159102356,-5.036942458153979,-5.3950016545331705,-5.030353079530593,-4.016559260744763,-4.974867925700962,-4.521474800351294,-4.227401155975991,-4.710324665694401,-4.577558421315055,-4.964996713571102,-5.465401748429772,-5.94214913108782,-4.525870345182025,-5.796139746355731,-5.1426316784842525,-3.7190689989264216,-4.897873867172789,-4.9092792357282695,-5.072542023299811,-4.30625634944891,-5.061249456754825,-6.029530383599613,-7.812036657814058,-3.8476178205632756,-5.325466096521069,-4.76285777904801,-5.3854731202954484,-4.301394609074699,-4.6566811791111675,-5.001919156434314,-4.861509527022252,-4.179172251051073,-4.443826861955607,-4.562839766856449,-4.0429795492667635,-5.3921710556614695,-4.250758826564538,-4.995218213040542,-4.777962119007179,-4.533579774387668,-5.065475462468158,-5.572999745015057,-4.1599295848565285,-2.9087849451196393,-5.399583302576908,-5.674870499076439,-4.228416360480928,-4.460319322245268,-5.160100381197584,-3.8618057606237013,-5.076922583700904,-5.186184916388967,-3.3232833857348103,-4.983396978333034,-3.943203392365188,-5.965409000822107,-5.382914364794256,-5.068765253826396,-5.139077929697545,-4.049304257083726,-4.549407165031493,-5.105629398319871,-4.994324240724631,-5.468128107239745,-4.866548082969271,-5.758086507850306,-3.8738038499373797,-3.880126083944953,-5.0813058531384305,-5.65129124938337,-4.212009483764308,-3.8796135094094435,-4.733619218891212,-4.718622118428257,-4.756213945480279,-4.49908155972017,-6.215786704402005,-5.173022156359911,-5.055261532018321,-4.667259037439356,-4.453801774416757,-4.264464045401479,-3.758213390203964,-4.85726285401259,-4.805275876161892,-4.39263612099312,-3.362428967840863,-5.410621855125099,-4.949864597744865
-0.47654613534929285,-2.34907268545291,-4.5368402253656415,-3.999318947749602,-4.470652674202303,-5.226787181473526,-5.734125516955873,-4.319762885197087,-4.416825080239983,-4.7057601401964035,-4.896165321996756,-5.031136795319226,-3.297397805429471,-5.0089366988304524,-5.368133451960574,-4.9960403002441165,-3.9970632355018907,-4.943990849033913,-4.498120675288662,-4.208108039551583,-4.6936098095582155,-4.55133659379746,-4.939445550482213,-5.440086073215814,-5.918430398081977,-4.494890598910839,-5.761622188284231,-5.117374971137819,-3.710162849500912,-4.867921384245141,-4.881441696258292,-5.04133364659036,-4.287526835924213,-5.03577029689147,-6.00162387654908,-7.77006364876818,-3.8308373282429287,-5.300392736182287,-4.732948670551198,-5.3670813222629405,-4.282427828004109,-4.626334607714234,-4.976240673478607,-4.844133035758564,-4.160120849430445,-4.419878001781483,-4.5408717197285196,-4.019752744963479,-5.356851050124083,-4.230169880867651,-4.968986508761177,-4.758504545119456,-4.512542055966908,-5.035703241143186,-5.5384134533791345,-4.139284488377161,-2.9014975487184236,-5.378557727415956,-5.64584219372333,-4.215916155534491,-4.439067761435918,-5.134777648144058,-3.8385652260052137,-5.041487662226173,-5.160461355038296,-3.3095130792729677,-4.9563355296544716,-3.923528365719619,-5.930807823814895,-5.360670306519245,-5.045158795019202,-5.109970181156312,-4.036642037463801,-4.530488478555769,-5.0753281965215455,-4.972508057580433,-5.447820444997551,-4.839620648752212,-5.732283219926587,-3.8531210234057927,-3.867393876074564,-5.053201068192005,-5.626679611536138,-4.192339149894833,-3.865026724467662,-4.712217221267307,-4.6980639244105005,-4.727940221846534,-4.475301865391306,-6.175210132391083,-5.140959777795346,-5.024913027865018,-4.648982930885503,-4.441116033803517,-4.2431810114970565,-3.743126341027347,-4.841210263421501,-4.779087230123866,-4.370738922638133,-3.3522616796872367,-5.392977663289347,-4.924641439275282
-0.4721839084714682,-9.05772264217009,-4.512151638433404,-3.98802726036271,-4.440218251982588,-5.195478836819292,-5.7068387278107,-4.299616877080994,-4.395007624630445,-4.686644404763129,-4.869192818678927,-5.004063368439251,-3.284996451756604,-4.980930939506889,-5.341265249388014,-4.96172752095761,-3.9775672102590365,-4.913113772366907,-4.474766550226018,-4.18881492312715,-4.676894953422056,-4.525114766279884,-4.913894387393335,-5.411667883604184,-5.894711665076152,-4.4639108526396525,-5.72710463021273,-5.092118263791398,-3.70125670007537,-4.837968901317481,-4.853604156788289,-5.01012526988092,-4.26879732239951,-5.010291137028146,-5.973717369498608,-7.728090639722302,-3.814056835922564,-5.27531937584353,-4.70303956205436,-5.348689524230414,-4.263461046933557,-4.595988036317332,-4.950562190522906,-4.826756544494901,-4.14106944780983,-4.395929141607334,-4.518903672600565,-3.996525940660214,-5.321531044586666,-4.2095809351707265,-4.9427548044818,-4.7390469712317325,-4.491504337546137,-5.005931019818226,-5.503827161743274,-4.118639391897761,-2.8942101523172017,-5.357532152254984,-5.616813888370234,-4.2034159505880675,-4.417816200626574,-5.109454915090551,-3.8153246913867127,-5.006052740751448,-5.134737793687631,-3.2957427728110558,-4.929274080975902,-3.9038533390740495,-5.896206646807708,-5.338426248244204,-5.021552336211997,-5.080862432615097,-4.023979817843837,-4.511569792080044,-5.045026994723213,-4.950691874436228,-5.427512782755344,-4.81269321453514,-5.706479932002867,-3.832438196874212,-3.854661668204182,-5.025096283245574,-5.602067973688963,-4.1726688160253325,-3.8504399395259057,-4.690815223643395,-4.677505730392726,-4.699666498212764,-4.451522171062448,-6.13463356038016,-5.1088973992307745,-4.994564523711746,-4.630706824331668,-4.428430293190272,-4.221897977592646,-3.7280392918507044,-4.825157672830437,-4.752898584085822,-4.348841724283147,-3.342094391533653,-5.37375763564126,-4.899418280805681
-0.4678216815936435,-10.4351803902846,-4.48746305150118,-3.976735572975861,-4.409783829762922,-5.164170492165044,-5.679551938665546,-4.2794708689648635,-4.373190169020875,-4.667528669329905,-4.842220315361118,-4.976989941559239,-3.2725950980837437,-4.952925180183338,-5.3143970468154045,-4.927414741671153,-3.9580711850161583,-4.882236695699865,-4.451412425163374,-4.169521806702754,-4.660180097285889,-4.498892938762315,-4.888343224304434,-5.382622520525291,-5.870992932070297,-4.432931106368461,-5.692587072141211,-5.066861556444952,-3.6923505506498167,-4.8080164183898155,-4.825766617318305,-4.978916893171481,-4.250067808874814,-4.984811977164797,-5.945810862448119,-7.68611763067643,-3.797276343602211,-5.250246015504755,-4.67313045355756,-5.330297726197905,-4.244494265862973,-4.565641464920399,-4.9248837075672105,-4.809380053231213,-4.122018046189196,-4.371980281433191,-4.49693562547263,-3.9732991363569603,-5.286211039049243,-4.188991989473802,-4.916523100202436,-4.719589397344016,-4.470466619125365,-4.976158798493266,-5.469240870107357,-4.097994295418399,-2.886922755915987,-5.336506577094024,-5.5877855830171,-4.190915745641612,-4.396564639817237,-5.084132182037026,-3.7920841567682064,-4.970617819276723,-5.109014232336922,-3.281972466349181,-4.9022126322973145,-3.884178312428487,-5.861605469800534,-5.316182189969182,-4.997945877404791,-5.051754684073889,-4.011317598223892,-4.492651105604364,-5.014725792924888,-4.928875691292036,-5.407205120513149,-4.785765780318081,-5.6806766440791785,-3.8117553703426426,-3.8419294603337812,-4.996991498299137,-5.57745633584172,-4.152998482155864,-3.835853154584112,-4.6694132260194765,-4.65694753637495,-4.671392774579001,-4.427742476733572,-6.0940569883692755,-5.076835020666216,-4.964216019558431,-4.612430717777851,-4.415744552577031,-4.20061494368823,-3.7129522426740804,-4.809105082239354,-4.72670993804779,-4.326944525928205,-3.331927103380038,-5.348243228989644,-4.8741951223360855
-0.46345945471581895,-11.7362697147084,-4.462774464568962,-3.9654438855889813,-4.379349407543238,-5.132862147510785,-5.652265149520404,-4.259324860848783,-4.35137271341133,-4.64841293389668,-4.81524781204332,-4.94991651467922,-3.2601937444108895,-4.924919420859781,-5.287528844242827,-4.893101962384671,-3.938575159773273,-4.851359619032871,-4.428058300100749,-4.15022869027834,-4.643465241149716,-4.472671111244708,-4.862792061215551,-5.35357715744641,-5.847274199064479,-4.401951360097268,-5.658069514069692,-5.041604849098487,-3.6834444012242997,-4.778063935462168,-4.797929077848333,-4.947708516462041,-4.231338295350104,-4.95933281730146,-5.917904355397617,-7.6441446216305895,-3.780495851281846,-5.225172655165978,-4.643221345060704,-5.3119059281654035,-4.22552748479239,-4.535294893523479,-4.899205224611515,-4.792003561967525,-4.102966644568587,-4.348031421259023,-4.4749675783447005,-3.950072332053688,-5.250891033511813,-4.168403043776891,-4.890291395923072,-4.700131823456281,-4.449428900704625,-4.946386577168299,-5.434654578471484,-4.077349198939019,-2.8796353595147774,-5.3154810019330645,-5.558757277663997,-4.178415540695181,-4.375313079007881,-5.058809448983487,-3.7688436221497312,-4.9351828978019725,-5.08329067098625,-3.2682021598873128,-4.875151183618745,-3.864503285782961,-5.827004292793354,-5.293938131694172,-4.974339418597585,-5.022646935532668,-3.998655378603935,-4.473732419128652,-4.984424591126556,-4.9070595081477935,-5.386897458270936,-4.758838346101015,-5.654873356155447,-3.7910725438110493,-3.8291972524634055,-4.9688867133527115,-5.552844697994489,-4.133328148286376,-3.8212663696423306,-4.6480112283955775,-4.63638934235715,-4.6431190509452245,-4.403962782404689,-6.053480416358334,-5.04477264210167,-4.933867515405171,-4.594154611223997,-4.403058811963773,-4.179331909783807,-3.697865193497476,-4.793052491648308,-4.700521292009784,-4.3050473275731935,-3.321759815226449,-5.322728822338028,-4.848971963866472
-0.4590972278379943,0.92238434818956,-4.438085877636731,-3.9541521982021015,-4.3489149853235345,-5.101104028256717,-5.624978360375249,-4.239178852732652,-4.329555257801778,-4.6292971984634,-4.788275308725485,-4.922843087799227,-3.247792390738023,-4.896913661536217,-5.2606606416702295,-4.85878918309817,-3.9190791345304072,-4.820482542365834,-4.404704175038098,-4.13093557385392,-4.626750385013574,-4.446449283727145,-4.8372408981266615,-5.324531794367522,-5.82355546605863,-4.370971613826076,-5.6235519559981855,-5.01634814175206,-3.674538251798759,-4.748111452534526,-4.770091538378336,-4.91650013975262,-4.212608781825402,-4.9338536574381235,-5.889997848347121,-7.602171612584717,-3.763715358961525,-5.200099294827209,-4.613312236563903,-5.293514130132877,-4.206560703721812,-4.504948322126551,-4.87352674165582,-4.774627070703856,-4.083915242947979,-4.3240825610848805,-4.452999531216784,-3.926845527750385,-5.215571027974409,-4.14781409808001,-4.8640596916436944,-4.680674249568564,-4.428391182283866,-4.916614355843327,-5.4000682868355865,-4.056704102459644,-2.872347963113537,-5.294455426772112,-5.529728972310876,-4.165915335748727,-4.354061518198532,-5.033486715929961,-3.7456030875312436,-4.899747976327266,-5.057567109635592,-3.254431853425438,-4.848089734940164,-3.844828259137355,-5.792403115786142,-5.27169407341913,-4.950732959790398,-4.993539186991466,-3.9859931589839963,-4.454813732652934,-4.954123389328231,-4.8852433250036205,-5.366589796028754,-4.731910911883937,-5.629070068231746,-3.770389717279474,-3.8164650445930164,-4.9407819284062855,-5.528233060147283,-4.113657814416901,-3.8066795847005688,-4.626609230771678,-4.615831148339382,-4.614845327311468,-4.380183088075832,-6.012903844347417,-5.012710263537111,-4.903519011251894,-4.575878504670137,-4.390373071350528,-4.158048875879379,-3.6827781443208396,-4.776999901057225,-4.674332645971751,-4.283150129218226,-3.311592527072828,-5.2972144156864305,-4.823748805396888
-0.4547350009601696,-12.3731429558076,-4.413397290704495,-3.9428605108152466,-4.318480563103862,-5.06587719963839,-5.597691571230107,-4.219032844616553,-4.307737802192208,-4.610181463030157,-4.761302805407668,-4.895769660919234,-3.2353910370651686,-4.86890790221266,-5.233792439097646,-4.824476403811701,-3.899583109287547,-4.789605465698804,-4.381350049975473,-4.111642457429549,-4.610035528877415,-4.420227456209557,-4.811689735037772,-5.295486431288598,-5.799836733052805,-4.3399918675548905,-5.589034397926678,-4.991091434405607,-3.6656321023732046,-4.718158969606854,-4.742253998908339,-4.885291763043169,-4.193879268300711,-4.908374497574768,-5.862091341296619,-7.5601986035388515,-3.746934866641178,-5.175025934488433,-4.583403128067091,-5.275122332100357,-4.1875939226512475,-4.474601750729624,-4.847848258700125,-4.757250579440168,-4.064863841327333,-4.300133700910725,-4.431031484088817,-3.9036187234471447,-5.180251022436992,-4.12722515238308,-4.837827987364305,-4.661216675680834,-4.407353463863087,-4.886842134518373,-5.365481995199701,-4.0360590059802695,-2.865060566712322,-5.27342985161114,-5.50070066695776,-4.153415130802296,-4.3328099573891885,-5.008163982876467,-3.722362552912731,-4.864313054852491,-5.031843548284901,-3.2406615469635707,-4.821028286261619,-3.8251532324917914,-5.757801938778942,-5.24945001514412,-4.927126500983192,-4.964431438450238,-3.973330939364077,-4.435895046177228,-4.923822187529892,-4.863427141859422,-5.34628213378656,-4.7049834776668655,-5.603266780308014,-3.7497068907478805,-3.803732836722647,-4.912677143459842,-5.503621422300046,-4.093987480547426,-3.7920927997588123,-4.605207233147786,-4.595272954321581,-4.5865716036777044,-4.35640339374698,-5.9723272723364955,-4.980647884972546,-4.873170507098597,-4.5576023981163205,-4.3776873307373005,-4.136765841974925,-3.6676910951442157,-4.760947310466161,-4.648143999933714,-4.261252930863228,-3.301425238919239,-5.271700009034833,-4.798525646927299
-0.45037277408234494,-9.42534462148332,-4.364635246682666,-3.9066660789568104,-4.264309697819136,-5.0057161784737145,-5.546179508620363,-4.174581780399156,-4.261799783682064,-4.567418246171117,-4.711417590794651,-4.844971617410104,-3.1989398687244224,-4.816594237247109,-5.182451029027193,-4.766463358725232,-3.85577232215985,-4.73468789969746,-4.334476027537917,-4.068356717346953,-4.569536567598689,-4.3696430974115055,-4.76209762646432,-5.2431516786557495,-5.751979434132717,-4.285453368824645,-5.530983519623735,-4.941655309701965,-3.631596281498612,-4.664501455936261,-4.689982324529794,-4.830148824038827,-4.150803280012504,-4.858970480727707,-5.8101862120906524,-7.494054927461083,-3.706498244126209,-5.124552218116611,-4.529659845418852,-5.232586701818985,-4.144068225455703,-4.420778203404731,-4.798557896946755,-4.71659799620184,-4.022207765535779,-4.252398670603625,-4.385042807180704,-3.8563049635159103,-5.120699761000793,-4.082062456341738,-4.78792464439189,-4.616777534919646,-4.3623630339099995,-4.8325258556890685,-5.3068299667676415,-3.991700245290093,-2.8333414108966437,-5.22790054252682,-5.4472996018736595,-4.1164312222323485,-4.287175455986222,-4.958561161158451,-3.674772288641468,-4.805112152679781,-4.982051069857353,-3.2025385751514985,-4.769786379568193,-3.781596663726434,-5.698575993338265,-5.203239687990144,-4.878887368002904,-4.911605277929933,-3.936405914019508,-4.391988239594839,-4.868757681598402,-4.817386080309289,-5.301944889910657,-4.654003802281609,-5.553707250803848,-3.705149986668877,-3.767963287202008,-4.860713863652453,-5.455115858737296,-4.050277752867174,-3.7530484798858037,-4.559524814309427,-4.550940606251823,-4.534103744040114,-4.3086665440241365,-5.907574919709606,-4.925061048222525,-4.819266897477434,-4.5150314863458,-4.341352513784797,-4.091481119501421,-3.628709573130555,-4.720413575734808,-4.5977932716627,-4.215028723442025,-3.2668840360841784,-5.221612865923609,-4.748657148534229
-0.44601054720452027,0.667505273550262,-4.289518584581127,-3.844944108218492,-4.183448098989387,-4.920058982846681,-5.46846423974963,-4.104007080010118,-4.189554127362093,-4.497875571434129,-4.634020109995167,-4.76747104546446,-3.136110502896365,-4.738159778059899,-5.105153686337551,-4.68172349932628,-3.7858475787896353,-4.653382835730938,-4.260695303586322,-3.9986357412122953,-4.502394407732763,-4.292992424526075,-4.686118474860115,-5.163680331967271,-5.677832452440391,-4.2040469199825345,-5.4460393268443354,-4.86597024481155,-3.572259245189442,-4.584121880185913,-4.611715748991194,-4.748512742404115,-4.081644963887234,-4.783063641814332,-5.7318518293397664,-7.401653584187502,-3.639290789429303,-5.049047251387405,-4.449323299667716,-5.163766641066157,-4.074672076062095,-4.340005147662123,-4.722452569671015,-4.648795556832632,-3.95272953881718,-4.1780225011925225,-4.312646825688657,-3.7826500480671976,-5.034951259798785,-4.011044102828971,-4.71126593636424,-4.546889468010494,-4.29089756217799,-4.752324305600184,-5.2218156205389485,-3.920628032959031,-2.775624984752943,-5.156445745964785,-5.367842423909573,-4.053501849219752,-4.2154949954501015,-4.8828098023431385,-3.601102942752738,-4.719249975813475,-4.905899445437585,-3.138339449599968,-4.692296570572719,-3.7114940735189696,-5.613545272700918,-5.130567840261226,-4.8048513445212295,-4.832070400872981,-3.873315114680265,-4.322639042667594,-4.78802656745515,-4.745141418492059,-5.23120926944301,-4.576648349441842,-5.477476733463738,-3.634039616478927,-3.7048057688613785,-4.782181576598392,-5.380076624309298,-3.9801794346182673,-3.6880325965611878,-4.4876941900378435,-4.479955135043772,-4.455401623643792,-4.234459084536991,-5.816569999845192,-4.84257205859834,-4.73849170048461,-4.446326714826027,-4.2782398296129145,-4.019770201722567,-3.5631949259143374,-4.65393182389293,-4.521176314272665,-4.142702774336303,-3.206287872243455,-5.145669054155354,-4.6730043916759225
-0.4416483203266956,-0.852362474315727,-4.21440192247957,-3.783222137480192,-4.102586500159644,-4.834401787219642,-5.390748970878915,-4.033432379621049,-4.11730847104211,-4.428332896697091,-4.556622629195678,-4.6899704735188354,-3.0732811370683075,-4.659725318872706,-5.027856343647946,-4.596983639927316,-3.7159228354194456,-4.572077771764423,-4.1869145796347595,-3.9289147650776552,-4.435252247866849,-4.216341751640676,-4.610139323255903,-5.084208985278793,-5.603685470748059,-4.122640471140437,-5.361095134064948,-4.790285179921115,-3.5129222088802967,-4.50374230443554,-4.5334491734526186,-4.666876660769402,-4.012486647761952,-4.707156802900938,-5.653517446588881,-7.3092522409139455,-3.572083334732409,-4.9735422846581745,-4.368986753916567,-5.094946580313299,-4.005275926668499,-4.259232091919528,-4.646347242395294,-4.580993117463405,-3.8832513120985634,-4.103646331781394,-4.240250844196559,-3.7089951326184476,-4.949202758596782,-3.940025749316229,-4.634607228336615,-4.477001401101346,-4.2194320904459985,-4.672122755511268,-5.136801274310243,-3.849555820627975,-2.717908558609267,-5.084990949402725,-5.288385245945491,-3.990572476207131,-4.1438145349140125,-4.807058443527846,-3.527433596864001,-4.633387798947144,-4.829747821017823,-3.0741403240483995,-4.614806761577238,-3.6413914833114926,-5.528514552063572,-5.057895992532277,-4.73081532103956,-4.752535523816004,-3.8102243153410296,-4.2532898457403165,-4.707295453311935,-4.672896756674849,-5.160473648975337,-4.499292896602057,-5.401246216123647,-3.5629292462889905,-3.6416482505207854,-4.703649289544331,-5.305037389881296,-3.9100811163693665,-3.623016713236578,-4.415863565766248,-4.408969663835685,-4.376699503247482,-4.160251625049834,-5.725565079980753,-4.76008306897418,-4.65771650349176,-4.377621943306284,-4.215127145441026,-3.9480592839437065,-3.4976802786981445,-4.587450072051026,-4.444559356882611,-4.070376825230613,-3.1456917084027625,-5.0697252423871,-4.597351634817622
-0.4372860934488709,-9.55513015088811,-4.139285260378025,-3.721500166741886,-4.021724901329915,-4.7487445915926205,-5.313033702008176,-3.962857679231999,-4.04506281472217,-4.358790221960083,-4.479225148396207,-4.612469901573197,-3.010451771240244,-4.581290859685513,-4.950559000958305,-4.512243780528352,-3.6459980920492683,-4.4907727077979205,-4.113133855683166,-3.859193788943016,-4.36811008800096,-4.139691078755233,-4.534160171651692,-5.0047376385902895,-5.5295384890557395,-4.041234022298365,-5.276150941285555,-4.714600115030687,-3.453585172571114,-4.423362728685204,-4.455182597914031,-4.585240579134684,-3.9433283316366943,-4.631249963987538,-5.575183063837996,-7.216850897640383,-3.504875880035522,-4.898037317928994,-4.288650208165444,-5.026126519560448,-3.9358797772748657,-4.178459036176933,-4.570241915119579,-4.513190678094202,-3.8137730853799843,-4.029270162370235,-4.167854862704463,-3.635340217169741,-4.86345425739478,-3.8690073958034743,-4.557948520308972,-4.407113334192212,-4.147966618713989,-4.591921205422376,-5.0517869280815555,-3.7784836082968942,-2.660192132465548,-5.013536152840665,-5.208928067981405,-3.927643103194547,-4.0721340743779235,-4.73130708471256,-3.4537642509752953,-4.547525622080825,-4.753596196598029,-3.009941198496863,-4.5373169525817705,-3.5712888931040156,-5.443483831426232,-4.985224144803378,-4.656779297557885,-4.67300064675904,-3.747133516001794,-4.183940648813059,-4.626564339168714,-4.600652094857613,-5.0897380285076705,-4.421937443762297,-5.325015698783519,-3.4918188760990283,-3.5784907321801613,-4.625117002490283,-5.229998155453305,-3.839982798120416,-3.5580008299119745,-4.344032941494659,-4.337984192627634,-4.297997382851179,-4.086044165562663,-5.634560160116333,-4.677594079350014,-4.576941306498928,-4.308917171786561,-4.152014461269163,-3.8763483661648586,-3.4321656314819586,-4.520968320209141,-4.36794239949254,-3.9980508761249105,-3.0850955445620194,-4.993781430618851,-4.521698877959321
-0.4329238665710462,-9.55870725350501,-4.0641685982764795,-3.6597781960036055,-3.9408633025001594,-4.663087395965581,-5.235318433137443,-3.892282978842955,-3.972817158402199,-4.28924754722307,-4.401827667596699,-4.534969329627579,-2.9476224054121802,-4.502856400498308,-4.873261658268713,-4.4275039211294125,-3.5760733486790475,-4.409467643831405,-4.039353131731603,-3.789472812808371,-4.300967928135047,-4.06304040586982,-4.458181020047486,-4.925266291901786,-5.455391507363401,-3.959827573456267,-5.191206748506161,-4.638915050140272,-3.394248136261937,-4.342983152934843,-4.37691602237545,-4.503604497499971,-3.874170015511405,-4.555343125074138,-5.496848681087085,-7.124449554366815,-3.4376684253386287,-4.822532351199788,-4.208313662414282,-4.957306458807608,-3.8664836278812826,-4.097685980434338,-4.494136587843845,-4.445388238724999,-3.744294858661373,-3.9548939929591134,-4.095458881212397,-3.561685301720985,-4.777705756192778,-3.797989042290726,-4.481289812281339,-4.33722526728306,-4.076501146981998,-4.511719655333479,-4.96677258185285,-3.7074113959658135,-2.6024757063218846,-4.942081356278604,-5.1294708900173305,-3.864713730181932,-4.003280057389206,-4.655555725897242,-3.3800949050865645,-4.461663445214507,-4.677444572178274,-2.94574207294532,-4.459827143586271,-3.5011863028965573,-5.3584531107889175,-4.912552297074428,-4.582743274076197,-4.593465769702119,-3.6840427166625584,-4.114591451885795,-4.545833225025518,-4.528407433040414,-5.019002408040011,-4.344581990922518,-5.2474554932883795,-3.420708505909066,-3.515333213839531,-4.546584715436228,-5.154958921025282,-3.7698844798714717,-3.4929849465873763,-4.272202317223051,-4.2669987214195535,-4.219295262454857,-4.011836706075493,-5.543555240251919,-4.59510508972586,-4.496166109506097,-4.240212400266857,-4.088901777097287,-3.804637448385998,-3.366650984265747,-4.454486568367231,-4.291325442102498,-3.9257249270191954,-3.024499380721302,-4.917837618850597,-4.446046121100996
-0.42856163969322153,-8.95463515314028,-3.9890519361749224,-3.5980562252652994,-3.860001703670404,-4.577430200338554,-5.157603164266697,-3.8217082784539054,-3.900571502082247,-4.219704872486051,-4.3244301867972466,-4.457468757681985,-2.884793039584097,-4.424421941311097,-4.795964315579071,-4.34276406173048,-3.5061486053088453,-4.3281625798648955,-3.965572407780008,-3.719751836673707,-4.233825768269133,-3.9863897329844207,-4.382201868443262,-4.845794945213289,-5.38124452567105,-3.878421124614176,-5.106262555726755,-4.563229985249844,-3.334911099952792,-4.262603577184438,-4.298649446836869,-4.4219684158652335,-3.8050116993861165,-4.479436286160757,-5.418514298336182,-7.032048211093278,-3.3704609706417283,-4.747027384470601,-4.127977116663115,-4.888486398054743,-3.79708747848765,-4.016912924691749,-4.418031260568117,-4.377585799355772,-3.674816631942794,-3.880517823547991,-4.023062899720306,-3.4880303862722597,-4.691957254990763,-3.7269706887779837,-4.404631104253683,-4.267337200373938,-4.005035675249989,-4.431518105244613,-4.881758235624163,-3.636339183634739,-2.5447592801781846,-4.87062655971655,-5.050013712053199,-3.8017843571693417,-3.9384261246597,-4.57980436708195,-3.3064255591978027,-4.3758012683482015,-4.601292947758505,-2.8815429473937897,-4.382337334590772,-3.431083712689099,-5.273422390151584,-4.839880449345491,-4.508707250594546,-4.513930892645142,-3.620951917323329,-4.045242254958543,-4.465102110882296,-4.456162771223178,-4.948266787572351,-4.267226538082764,-5.166974588183247,-3.3495981357191233,-3.4521756954988945,-4.468052428382155,-5.079919686597279,-3.699786161622553,-3.4279690632627604,-4.200371692951437,-4.1960132502114975,-4.140593142058542,-3.937629246588342,-5.452550320387499,-4.5126161001016865,-4.415390912513241,-4.171507628747096,-4.0257890929253985,-3.7329265306071377,-3.301136337049549,-4.388004816525364,-4.214708484712458,-3.8533989779135114,-2.9639032168806034,-4.841893807082355,-4.3703933642426955
-0.42419941281539686,1.14194884891316,-3.913935274073409,-3.5363342545270067,-3.779140104840681,-4.49177300471152,-5.079887895395969,-3.75113357806483,-3.828325845762283,-4.15016219774905,-4.24703270599775,-4.379968185736322,-2.8219636737560396,-4.345987482123898,-4.718666972889454,-4.258024202331485,-3.4362238619386174,-4.246857515898387,-3.891791683828445,-3.65003086053908,-4.166683608403244,-3.90973906009899,-4.3062227168390885,-4.76632359852481,-5.307097543978731,-3.7970146757720915,-5.021318362947393,-4.4875449203594036,-3.275574063643634,-4.182224001434084,-4.220382871298275,-4.340332334230553,-3.735853383260859,-4.403529447247357,-5.340179915585302,-6.939646867819703,-3.303253515944829,-4.671522417741376,-4.047640570912023,-4.819666337301891,-3.7276913290940534,-3.936139868949148,-4.341925933292427,-4.309783359986564,-3.6053384052241766,-3.806141654136832,-3.95066691822824,-3.4143754708235274,-4.606208753788748,-3.6559523352652414,-4.327972396226046,-4.197449133464786,-3.933570203517985,-4.351316555155696,-4.796743889395477,-3.5652669713036707,-2.487042854034496,-4.799171763154515,-4.970556534089131,-3.738854984156733,-3.873572191930207,-4.504053008266669,-3.2327562133090844,-4.289939091481883,-4.525141323338756,-2.8173438218422655,-4.30484752559531,-3.3609811224816406,-5.188391669514263,-4.76720860161658,-4.434671227112865,-4.434396015588202,-3.557861117984081,-3.9758930580312795,-4.38437099673905,-4.383918109405954,-4.877531167104679,-4.189871085242973,-5.086493683078107,-3.2784877655291487,-3.389018177158289,-4.389520141328081,-5.004880452169276,-3.629687843373646,-3.362953179938163,-4.128541068679854,-4.125027779003403,-4.06189102166222,-3.863421787101184,-5.361545400523047,-4.430127110477533,-4.334615715520397,-4.10280285722736,-3.9626764087535227,-3.661215612828297,-3.235621689833363,-4.32152306468346,-4.138091527322404,-3.7810730288077963,-2.903307053039886,-4.765949995314107,-4.294740607384401
-0.4198371859375722,-10.2319852188484,-3.8388186119718455,-3.474612283788688,-3.698278506010926,-4.406115809084487,-5.002172626525205,-3.680558877675793,-3.756080189442331,-4.080619523012055,-4.169635225198267,-4.302467613790704,-2.7591343079279946,-4.267553022936712,-4.641369630199818,-4.173284342932545,-3.3662991185684215,-4.165552451931896,-3.8180109598768697,-3.580309884404447,-4.099541448537293,-3.833088387213584,-4.230243565234858,-4.686852251836295,-5.232950562286411,-3.7156082269299935,-4.9363741701679995,-4.411859855468975,-3.2162370273344703,-4.101844425683729,-4.142116295759688,-4.258696252595841,-3.666695067135577,-4.327622608333976,-5.261845532834404,-6.847245524546153,-3.236046061247948,-4.596017451012183,-3.967304025160886,-4.750846276549034,-3.6582951797004517,-3.8553668132065466,-4.265820606016712,-4.241980920617317,-3.5358601785055725,-3.731765484725691,-3.8782709367361488,-3.340720555374796,-4.52046025258677,-3.5849339817524735,-4.251313688198408,-4.127561066555652,-3.862104731785994,-4.271115005066849,-4.711729543166758,-3.494194758972596,-2.4293264278908016,-4.727716966592467,-4.891099356125038,-3.6759256111441303,-3.8087182592006954,-4.428301649451364,-3.159086867420373,-4.204076914615558,-4.448989698918981,-2.7531446962907102,-4.2273577165998235,-3.2908785322741574,-5.103360948876911,-4.694536753887637,-4.3606352036311895,-4.354861138531245,-3.4947703186448456,-3.9065438611040273,-4.303639882595836,-4.311673447588737,-4.806795546637,-4.112515632403206,-5.006012777972987,-3.2073773953391997,-3.325860658817666,-4.310987854274033,-4.929841217741285,-3.5595895251247143,-3.2979372966135596,-4.056710444408265,-4.054042307795341,-3.983188901265935,-3.7892143276140198,-5.270540480658646,-4.3476381208533725,-4.253840518527566,-4.034098085707624,-3.899563724581653,-3.5895046950494427,-3.1701070426171327,-4.255041312841576,-4.061474569932357,-3.708747079702106,-2.842710889199175,-4.690006183545865,-4.21908785052607
-0.4154749590597475,0.151817749414959,-3.7637019498703,-3.4128903130503945,-3.6174169071811892,-4.320458613457479,-4.924457357654472,-3.609984177286755,-3.683834533122366,-4.011076848275036,-4.092237744398777,-4.224967041845066,-2.696304942099931,-4.189118563749501,-4.564072287510213,-4.0885444835336004,-3.2963743751982255,-4.084247387965369,-3.744230235925281,-3.510588908269777,-4.032399288671386,-3.7564377143281718,-4.154264413630653,-4.607380905147804,-5.158803580594079,-3.634201778087915,-4.851429977388612,-4.33617479057856,-3.1568999910253126,-4.021464849933349,-4.063849720221113,-4.1770601709611155,-3.597536751010332,-4.251715769420595,-5.183511150083519,-6.754844181272585,-3.16883860655106,-4.520512484282965,-3.8869674794097255,-4.682026215796181,-3.5888990303068686,-3.7745937574639585,-4.189715278740972,-4.174178481248121,-3.4663819517869987,-3.6573893153145756,-3.8058749552440894,-3.2670656399260896,-4.434711751384743,-3.513915628239725,-4.174654980170771,-4.057672999646518,-3.790639260053984,-4.19091345497794,-4.626715196938096,-3.4231225466415216,-2.3716100017470887,-4.656262170030407,-4.81164217816092,-3.6129962381315277,-3.743864326471165,-4.352550290636078,-3.0854175215316175,-4.118214737749247,-4.372838074499219,-2.688945570739186,-4.149867907604325,-3.2207759420666937,-5.018330228239583,-4.621864906158707,-4.286599180149495,-4.275326261474268,-3.4316795193056473,-3.8371946641767574,-4.222908768452633,-4.2394287857715005,-4.7360599261693395,-4.035160179563434,-4.925531872867847,-3.1362670251492313,-3.262703140477054,-4.232455567219972,-4.854801983313275,-3.4894912068758073,-3.232921413288949,-3.9848798201366824,-3.9830568365872843,-3.9044867808696004,-3.7150068681268555,-5.179535560794207,-4.265149131229219,-4.17306532153471,-3.9653933141878888,-3.8364510404097576,-3.517793777270569,-3.104592395400952,-4.18855956099966,-3.9848576125422843,-3.636421130596416,-2.7821147253584444,-4.614062371777616,-4.14343509366777
-0.41111273218192285,0.6747135643213,-3.688585287768718,-3.351168342312077,-3.536555308351428,-4.234801417830451,-4.846742088783751,-3.539409476897699,-3.6115888768024202,-3.9415341735380034,-4.014840263599306,-4.147466469899459,-2.6334755762718673,-4.1106753735746615,-4.486774944820578,-4.003804624134642,-3.226449631828017,-4.0029423239988535,-3.6704495119736746,-3.440867932135144,-3.965257128805497,-3.6797870414427347,-4.078285262026466,-4.527909558459319,-5.084656598901753,-3.552795329245818,-4.766485784609199,-4.260489725688132,-3.0975629547161487,-3.9410852741830267,-3.985583144682532,-4.095424089326403,-3.528378434885025,-4.175808930507207,-5.105176767332639,-6.662442837999028,-3.101631151854167,-4.445007517553765,-3.8066309336585826,-4.613206155043335,-3.519502880913235,-3.693820701721357,-4.113609951465257,-4.1063760418788995,-3.396903725068401,-3.583013145903423,-3.7334789737519865,-3.1934107244773395,-4.348963250182741,-3.442897274726983,-4.097996272143139,-3.9877849327373704,-3.7191737883219744,-4.110711904889042,-4.541700850709384,-3.3520503343104533,-2.313893575603407,-4.584807373468341,-4.732185000196833,-3.5500668651189065,-3.6790103937416534,-4.276798931820785,-3.0117481756428868,-4.0323525608829405,-4.296686450079439,-2.6247464451876246,-4.072378098608838,-3.1506733518592043,-4.933299507602255,-4.549193058429757,-4.212563156667833,-4.195791384417347,-3.368588719966387,-3.767845467249499,-4.142177654309406,-4.167184123954302,-4.665324305701674,-3.9578047267236736,-4.8450509677627265,-3.0651566549592824,-3.199545622136424,-4.153923280165898,-4.779762748885248,-3.4193928886268754,-3.1679055299643393,-3.913049195865068,-3.9120713653792034,-3.825784660473304,-3.640799408639692,-5.088530640929781,-4.182660141605052,-4.092290124541873,-3.8966885426681594,-3.773338356237863,-3.4460828594917343,-3.0390777481847415,-4.122077809157768,-3.9082406551522375,-3.5640951814907007,-2.7215185615177457,-4.538118560009356,-4.067782336809463
-0.4067505053040982,-10.9039465545672,-3.613468625667192,-3.2894463715737707,-3.455693709521685,-4.149144222203412,-4.769026819913005,-3.468834776508661,-3.5393432204824435,-3.8719914988010027,-3.9374427827998035,-4.069965897953822,-2.5706462104437975,-4.032228206736859,-4.409477602130942,-3.9190647647357038,-3.1565248884578088,-3.9216372600323632,-3.5966687880221304,-3.371146956000511,-3.8981149689395522,-3.6031363685573226,-4.002306110422248,-4.448438211770809,-5.010509617209409,-3.47138888040372,-4.681541591829818,-4.184804660797722,-3.0382259184069724,-3.8607056984326533,-3.907316569143939,-4.013788007691691,-3.4592201187597738,-4.099902091593801,-5.026842384581754,-6.570041494725478,-3.0344236971572736,-4.3695025508245715,-3.726294387907447,-4.544386094290483,-3.450106731519658,-3.6130476459787557,-4.0375046241895225,-4.038573602509673,-3.3274254983498084,-3.5086369764923067,-3.661082992259889,-3.119755809028608,-4.26321474898072,-3.371878921214228,-4.021337564115471,-3.917896865828224,-3.6477083165899584,-4.030510354800164,-4.456686504480684,-3.280978121979385,-2.2561771494597127,-4.513352576906299,-4.652727822232753,-3.487137492106342,-3.614156461012148,-4.201047573005474,-2.938078829754156,-3.9464903840166157,-4.220534825659658,-2.5605473196360817,-3.99488828961337,-3.080570761651752,-4.8482687869649155,-4.476521210700839,-4.138527133186176,-4.116256507360377,-3.305497920627176,-3.6984962703222353,-4.061446540166185,-4.0949394621370665,-4.594588685234007,-3.8804492738838947,-4.764570062657568,-2.9940462847693263,-3.1363881037957997,-4.075390993111838,-4.704723514457251,-3.349294570377931,-3.102889646639742,-3.8412185715934912,-3.841085894171166,-3.7470825400770007,-3.566591949152528,-4.997525721065367,-4.100171151980892,-4.011514927549023,-3.8279837711484044,-3.710225672066012,-3.374371941712874,-2.973563100968568,-4.055596057315871,-3.83162369776219,-3.491769232384998,-2.6609223976770098,-4.46217474824112,-3.9921295799511505
-0.4023882784262735,-11.3595958793721,-3.5383519635656278,-3.227724400835477,-3.3748321106919557,-4.063487026576366,-4.691311551042291,-3.398260076119599,-3.4670975641624597,-3.8024488240639833,-3.8600453020003327,-3.9924653260082037,-2.5078168446157396,-3.953781039899119,-4.3321802594413255,-3.8343249053367456,-3.0866001450876004,-3.840332196065817,-3.522888064070555,-3.301425979865865,-3.830972809073658,-3.5264856956719166,-3.9263269588180494,-4.3689668650822995,-4.936362635517064,-3.3899824315616165,-4.596597399050431,-4.109119595907282,-2.9788888820978148,-3.7803261226822613,-3.829049993605345,-3.932151926056985,-3.390061802634497,-4.0239952526804075,-4.948508001830863,-6.477640151451897,-2.967216242460373,-4.293997584095366,-3.645957842156304,-4.475566033537619,-3.380710582126044,-3.5322745902361605,-3.961399296913827,-3.9707711631404514,-3.2579472716311733,-3.4342608070811664,-3.5886870107678233,-3.046100893579877,-4.177466247778705,-3.3008605677014797,-3.944678856087852,-3.84800879891909,-3.5762428448579673,-3.95030880471126,-4.371672158251979,-3.209905909648298,-2.1984607233160496,-4.441897780344258,-4.573270644268678,-3.424208119093727,-3.5493025282826487,-4.1252962141901754,-2.8644094838654377,-3.8606282071503166,-4.144383201239927,-2.496348194084551,-3.917398480617896,-3.010468171444275,-4.763238066327576,-4.403849362971902,-4.064491109704476,-4.036721630303443,-3.2424071212879157,-3.6291470733949893,-3.980715426022951,-4.022694800319849,-4.523853064766353,-3.8030938210441096,-4.684089157552454,-2.922935914579364,-3.073230585455157,-3.9968587060577825,-4.629684280029235,-3.2791962521290303,-3.0378737633151074,-3.769387947321878,-3.7701004229630968,-3.6683804196806724,-3.49238448966537,-4.9065208012009345,-4.017682162356726,-3.930739730556204,-3.7592789996286813,-3.6471129878941237,-3.3026610239340073,-2.908048453752344,-3.989114305474004,-3.755006740372143,-3.419443283279289,-2.600326233836311,-4.386230936472866,-3.9164768230928253
-0.39802605154844883,-9.78896595778263,-3.463235301464077,-3.1660024300971656,-3.293970511862188,-3.9778298309493385,-4.6135962821715575,-3.32768537573053,-3.3948519078425328,-3.7329061493269764,-3.7826478212008556,-3.914964754062572,-2.444987478787657,-3.8753338730613347,-4.254882916751696,-3.749585045937801,-3.016675401717417,-3.759027132099333,-3.449107340118954,-3.231705003731207,-3.763830649207769,-3.449835022786486,-3.8503478072138186,-4.289495518393808,-4.862215653824738,-3.3085759827195247,-4.511653206271025,-4.033434531016873,-2.9195518457886376,-3.699946546931913,-3.7507834180667885,-3.85051584442226,-3.3209034865092333,-3.948088413767014,-4.8701736190799645,-6.385238808178341,-2.9000087877634737,-4.218492617366148,-3.565621296405168,-4.406745972784779,-3.3113144327324227,-3.4515015344935653,-3.885293969638118,-3.90296872377123,-3.188469044912593,-3.359884637670026,-3.516291029275738,-2.9724459781311516,-4.091717746576728,-3.229842214188719,-3.8680201480602143,-3.778120732009925,-3.50477737312597,-3.8701072546223942,-4.286657812023316,-3.1388336973172235,-2.140744297172324,-4.370442983782185,-4.493813466304578,-3.3612787460811306,-3.484448595553137,-4.049544855374857,-2.7907401379766945,-3.774766030283992,-4.068231576820134,-2.432149068533008,-3.8399086716223723,-2.940365581236823,-4.678207345690261,-4.331177515242971,-3.9904550862228003,-3.9571867532464786,-3.1793163219486926,-3.559797876467732,-3.8999843118797237,-3.9504501385026254,-4.453117444298668,-3.725738368204337,-4.603608252447314,-2.851825544389409,-3.0100730671145453,-3.9183264190037095,-4.554645045601251,-3.2090979338800985,-2.9728578799905163,-3.6975573230502947,-3.699114951755016,-3.5896782992843814,-3.418177030178213,-4.815515881336489,-3.935193172732566,-3.849964533563342,-3.6905742281089458,-3.584000303722254,-3.2309501061551593,-2.842533806536151,-3.922632553632088,-3.6783897829820704,-3.347117334173605,-2.539730069995593,-4.310287124704605,-3.840824066234531
-0.39366382467062416,1.61968158464863,-3.388118639362532,-3.104280459358872,-3.2131089130324577,-3.892172635322299,-4.535881013300818,-3.2571106753415053,-3.3226062515225436,-3.663363474589957,-3.705250340401366,-3.8374641821169346,-2.3821581129596243,-3.7968867062235514,-4.177585574062092,-3.664845186538849,-2.946750658347221,-3.677722068132817,-3.375326616167385,-3.161984027596562,-3.696688489341849,-3.3731843499010807,-3.7743686556096137,-4.2100241717053235,-4.788068672132407,-3.2271695338774213,-4.426709013491638,-3.9577494661264385,-2.8602148094794924,-3.6195669711815643,-3.672516842528177,-3.768879762787585,-3.251745170383951,-3.8721815748536015,-4.791839236329079,-6.292837464904773,-2.832801333066592,-4.142987650636929,-3.4852847506540066,-4.337925912031921,-3.2419182833388147,-3.370728478750965,-3.809188642362365,-3.835166284402046,-3.118990818193989,-3.285508468258879,-3.4438950477836663,-2.8987910626824203,-4.005969245374688,-3.1588238606759766,-3.7913614400325706,-3.7082326651008035,-3.433311901393954,-3.789905704533484,-4.2016434657946045,-3.0677614849861614,-2.0830278710286483,-4.298988187220131,-4.414356288340498,-3.298349373068497,-3.4195946628236378,-3.973793496559577,-2.7170707920879895,-3.6889038534176857,-3.992079952400366,-2.367949942981484,-3.7624188626269044,-2.8702629910293522,-4.593176625052927,-4.2585056675140285,-3.916419062741131,-3.8776518761895202,-3.1162255226094757,-3.490448679540462,-3.8192531977365274,-3.8782054766854017,-4.382381823831002,-3.6483829153645706,-4.523127347342175,-2.780715174199453,-2.9469155487739336,-3.8397941319496427,-4.479605811173253,-3.1389996156311666,-2.9078419966659244,-3.6257266987787053,-3.6281294805469724,-3.510976178888048,-3.3452723798865955,-4.724510961472081,-3.8527041831083935,-3.7691893365704985,-3.6218694565892164,-3.5208876195503844,-3.159239188376305,-2.777019159319953,-3.8561508017902097,-3.60177282559203,-3.274791385067884,-2.479133906154888,-4.234343312936357,-3.7651713093762185
-0.38930159779279944,0.318559682562411,-3.3130019772609804,-3.042558488620566,-3.132247314202684,-3.8065154396952723,-4.458165744430078,-3.1865359749524362,-3.250360595202592,-3.5938207998529625,-3.627852859601889,-3.7599636101713223,-2.319328747131573,-3.718439539385786,-4.10028823137245,-3.5801053271398846,-2.876825914976993,-3.596417004166314,-3.3015458922158283,-3.092263051461929,-3.629546329475936,-3.29653367701565,-3.6983895040054016,-4.13055282501682,-4.71392169044008,-3.145763085035349,-4.341764820712251,-3.882064401235998,-2.8008777731703223,-3.5391873954312034,-3.594250266989614,-3.687243681152829,-3.1825868542586937,-3.7962747359402327,-4.713504853578181,-6.200436121631211,-2.76559387836973,-4.067482683907742,-3.404948204902883,-4.269105851279075,-3.172522133945219,-3.2899554230083634,-3.733083315086663,-3.767363845032844,-3.0495125914753913,-3.2111322988477635,-3.371499066291576,-2.8251361472337013,-3.920220744172692,-3.087805507163222,-3.714702732004933,-3.63834459819165,-3.361846429661963,-3.709704154444605,-4.116629119565918,-2.996689272655087,-2.0253114448849603,-4.22753339065809,-4.33489911037641,-3.2354200000559006,-3.3547407300941074,-3.8980421377442847,-2.6434014461992144,-3.603041676551361,-3.9159283279805974,-2.303750817429922,-3.6849290536314303,-2.800160400821869,-4.508145904415568,-4.185833819785123,-3.8423830392594622,-3.798116999132575,-3.053134723270234,-3.4210994826131973,-3.7385220835932937,-3.8059608148681594,-4.311646203363348,-3.5710274625248113,-4.44264644223706,-2.7096048040094978,-2.8837580304332855,-3.7612618448956123,-4.404566576745225,-3.0689012973822543,-2.8428261133413084,-3.5538960745071106,-3.557144009338872,-3.4322740584917444,-3.2786016031114693,-4.633506041607636,-3.770215193484227,-3.688414139577649,-3.553164685069481,-3.4577749353784775,-3.0875282705974634,-2.7115045121037475,-3.7896690499483183,-3.525155868201982,-3.2024654359621874,-2.4185377423141583,-4.158399501168089,-3.689518552517912
-0.38493937091497477,-9.83065280240183,-3.2378853151594296,-2.980836517882241,-3.0513857153729544,-3.720858244068233,-4.380450475559338,-3.1159612745634115,-3.178114938882639,-3.5242781251159423,-3.550455378802412,-3.68246303822571,-2.2564993813035032,-3.639992372548015,-4.022990888682821,-3.4953654677409647,-2.806901171606822,-3.515111940199799,-3.227765168264227,-3.0225420753272587,-3.5624041696100095,-3.2198830041302378,-3.622410352401209,-4.051081478328336,-4.639774708747742,-3.0643566361932697,-4.2568206279328695,-3.80637933634557,-2.7415407368611584,-3.458807819680837,-3.5159836914510265,-3.605607599518142,-3.1134285381334053,-3.7203678970268266,-4.635170470827277,-6.10803477835766,-2.6983864236728055,-3.9919777171785116,-3.324611659151728,-4.200285790526223,-3.103125984551604,-3.2091823672657744,-3.6569779878109347,-3.6995614056636104,-2.980034364756799,-3.136756129436616,-3.2991030847994844,-2.7514812317849575,-3.8344722429706835,-3.01678715365048,-3.638044023977283,-3.5684565312825223,-3.290380957929947,-3.629502604355708,-4.031614773337205,-2.9256170603240124,-1.9601363315606248,-4.1560785940960425,-4.255441932412299,-3.1724906270433166,-3.2898867973646277,-3.8222907789289486,-2.569732100310472,-3.5171794996850245,-3.8397767035608297,-2.2395516918783915,-3.607439244635944,-2.7300578106144107,-4.423115183778247,-4.113161972056162,-3.7683470157777927,-3.7185821220756106,-2.990043923930992,-3.351750285685946,-3.6577909694500725,-3.733716153050967,-4.240910582895676,-3.4936720096850253,-4.362165537131934,-2.638494433819548,-2.8206005120926925,-3.6827295578415393,-4.329527342317228,-2.998802979133316,-2.7778102300166925,-3.482065450235515,-3.4861585381308036,-3.3535719380954347,-3.211930826336318,-4.542501121743235,-3.6877262038600547,-3.6076389425848108,-3.4844599135497507,-3.3946622512066202,-3.0158173528185905,-2.645989864887568,-3.7231872981064518,-3.4485389108119415,-3.1301394868564785,-2.3579415784734468,-4.08245568939986,-3.6138657956596116
-0.38057714403715015,2.82413287205222,-3.162768653057891,-2.9191145471439794,-2.9705241165432366,-3.635201048441199,-4.302735206688611,-3.0453865741743487,-3.1058692825626624,-3.454735450378929,-3.4730578980029403,-3.604962466280078,-2.1936700154754396,-3.561545205710231,-3.94569354599321,-3.410625608341994,-2.7369764282365825,-3.43380687623329,-3.153984444312652,-2.9528210991926382,-3.495262009744102,-3.143232331244813,-3.5464312007969916,-3.971610131639851,-4.56562772705541,-2.98295018735116,-4.171876435153476,-3.730694271455154,-2.682203700551982,-3.3784282439304762,-3.437717115912421,-3.523971517883429,-3.0442702220081355,-3.644461058113439,-4.556836088076391,-6.015633435084092,-2.63117896897593,-3.916472750449331,-3.2442751134006045,-4.131465729773359,-3.033729835158015,-3.131005060634715,-3.5808726605352197,-3.631758966294395,-2.910556138038201,-3.062379960025476,-3.226707103307425,-2.677826316336226,-3.7487237417686936,-2.9457688001377242,-3.5613853159496394,-3.4985684643733697,-3.218915486197937,-3.5493010542668166,-3.946600427108506,-2.8545448479929627,-1.892884011853614,-4.084623797533975,-4.175984754448212,-3.109561254030714,-3.2250328646350974,-3.746539420113681,-2.4960627544217786,-3.4313173228187184,-3.763625079141086,-2.1753525663268363,-3.529949435640476,-2.6599552204069523,-4.3380844631409134,-4.040490124327218,-3.6943109922961117,-3.639047245018652,-2.926953124591763,-3.2824010887586814,-3.5770598553068638,-3.6614714912337245,-4.170174962428034,-3.4163165568452785,-4.2816846320268,-2.5673840636295866,-2.7574429937520746,-3.604197270787478,-4.254488107889225,-2.9287046608843967,-2.712794346692095,-3.4102348259639133,-3.41517306692276,-3.2748698176991313,-3.1452600495611858,-4.451496201878801,-3.6052372142358946,-3.5268637455919984,-3.4157551420299965,-3.3315495670347373,-2.94410643503973,-2.580475217671344,-3.6567055462645417,-3.371921953421869,-3.057813537750782,-2.297345414632729,-4.006511877631599,-3.5382130388012865
-0.3762149171593255,3.95025270613209,-3.0876519909563394,-2.857392576405667,-2.889662517713469,-3.549543852814172,-4.225019937817866,-2.974811873785324,-3.033623626242698,-3.3851927756419222,-3.395660417203457,-3.5274618943344533,-2.1308406496473697,-3.4830980388724466,-3.868396203303587,-3.325885748943037,-2.667051684866399,-3.3525018122667687,-3.080203720361083,-2.8831001230579734,-3.428119849878194,-3.0665816583594196,-3.4704520491927733,-3.8921387849513414,-4.4914807453630905,-2.901543738509069,-4.086932242374058,-3.655009206564727,-2.6228666642428244,-3.2980486681800905,-3.3594505403738584,-3.442335436248717,-2.9751119058828595,-3.5685542192000828,-4.478501705325506,-5.9232320918105295,-2.563971514279018,-3.8409677837201315,-3.163938567649444,-4.062645669020494,-2.964333685764407,-3.0580175345389646,-3.504767333259492,-3.563956526925174,-2.84107791131959,-2.9880037906143544,-3.1543111218153275,-2.604171400887494,-3.6629752405666913,-2.8747504466249696,-3.4847266079220205,-3.4286803974642295,-3.1474500144659645,-3.4690995041779447,-3.8615860808798255,-2.7834726356618944,-1.825631692146622,-4.013169000971928,-4.096527576484118,-3.046631881018124,-3.160178931905598,-3.6707880612983628,-2.422393408533054,-3.3454551459524,-3.687473454721311,-2.111153440775287,-3.4524596266449894,-2.5898526301994815,-4.2530537425035675,-3.9678182765983,-3.620274968814436,-3.5595123679617133,-2.8638623252525273,-3.213051891831424,-3.4963287411636363,-3.589226829416508,-4.0994393419603625,-3.3389611040054996,-4.201203726921655,-2.4962736934396306,-2.694285475411438,-3.525664983733405,-4.179448873461234,-2.858606342635465,-2.647778463367472,-3.3384042016923186,-3.3441875957146907,-3.1961676973028412,-3.078589272786054,-4.3604912820143875,-3.522748224611778,-3.4460885485991426,-3.347050370510255,-3.268436882862855,-2.8723955172608884,-2.5149605704551767,-3.590223794422638,-3.295304996031816,-2.985487588645073,-2.2367492507920055,-3.9305680658633575,-3.462560281942973
-0.3718526902815008,0.561260574144768,-3.0125353288547885,-2.795670605667362,-2.8088009188837386,-3.4638866571871514,-4.147304668947145,-2.9042371733962176,-2.9613779699227525,-3.3156501009048966,-3.3182629364039613,-3.449961322388835,-2.068011283819318,-3.4046508720346758,-3.7910988606139577,-3.241145889544091,-2.597126941496178,-3.271196748300272,-3.006422996409463,-2.8133791469233342,-3.3609776900122874,-2.9899309854740013,-3.394472897588593,-3.8126674382628254,-4.4173337636707455,-2.82013728966699,-4.001988049594689,-3.579324141674311,-2.5635296279336472,-3.2176690924297233,-3.2811839648352707,-3.3606993546139856,-2.9059535897575888,-3.492647380286652,-4.400167322574614,-5.8308307485369735,-2.496764059582131,-3.7654628169909126,-3.083602021898332,-3.9938256082676302,-2.8949375363707732,-2.985030008443201,-3.4286620059837896,-3.49615408755594,-2.7715996846010107,-2.9136276212032133,-3.0819151403232556,-2.530516485438781,-3.5772267393646704,-2.8037320931122087,-3.408067899894383,-3.358792330555077,-3.0759845427339547,-3.3888979540890594,-3.7765717346511325,-2.7124004233308323,-1.7583793724396175,-3.9417142044098803,-4.017070398520038,-2.983702508005509,-3.095324999176068,-3.5950367024830703,-2.348724062644311,-3.2595929690860883,-3.6113218303015557,-2.0469543152237755,-3.3749698176494967,-2.5197500399920045,-4.168023021866253,-3.8951464288693574,-3.5462389453327665,-3.4799774909047363,-2.8007715259132793,-3.1437026949041718,-3.41558459138892,-3.5169821675992967,-4.02870372149269,-3.261605651165733,-4.120722821816509,-2.425163323249656,-2.631127957070839,-3.4471326966793567,-4.10440963903323,-2.7885080243865454,-2.5827625800428686,-3.266573577420748,-3.2732021245066223,-3.117465576906519,-3.0119184960109093,-4.2694863621499675,-3.4402592349875745,-3.365313351606299,-3.2783455989905628,-3.2053241986909793,-2.800684599482034,-2.449445923238953,-3.52374204258074,-3.218688038641762,-2.9131616395393705,-2.1761530869512944,-3.8546242540951097,-3.3869075250846725
-0.36749046340367614,-8.89733302569212,-2.93741866675325,-2.7339486349290683,-2.7279393200539594,-3.378229461560105,-4.0695894000764055,-2.833662473007193,-2.8891323136027873,-3.2461074261678897,-3.240865455604472,-3.372460750443178,-2.0051819179912354,-3.326203705196904,-3.7138015179243222,-3.1564060301451393,-2.5272021981259885,-3.1898916843337695,-2.9326422724579,-2.743658170788689,-3.2938355301463673,-2.9132803125885767,-3.318493745984382,-3.733196091574353,-4.343186781978408,-2.7387308408248927,-3.9170438568152957,-3.503639076783883,-2.504192591624502,-3.137289516679356,-3.2029173892966716,-3.279063272979286,-2.836795273632319,-3.4167405413732457,-4.321832939823704,-5.738429405263393,-2.4295566048852306,-3.6899578502617194,-3.0032654761471713,-3.9250055475147905,-2.825541386977184,-2.912042482347432,-3.3525566787080496,-3.428351648186732,-2.7021214578823685,-2.839251451792067,-3.009519158831165,-2.4568615699900436,-3.4914782381626743,-2.7327137395994665,-3.3314091918667517,-3.2889042636459553,-3.0045190710019636,-3.308696404000144,-3.691557388422451,-2.641328210999726,-1.6911270527326254,-3.8702594078478203,-3.9376132205559387,-2.9207731349929125,-3.030471066446575,-3.519285343667778,-2.275054716755574,-3.1737307922197946,-3.535170205881787,-1.9827551896722262,-3.2974800086539977,-2.4496474497845404,-4.082992301228919,-3.8224745811404395,-3.472202921851073,-3.4004426138477966,-2.737680726574056,-3.074353497976908,-3.334839489109406,-3.444737505782067,-3.957968101025023,-3.1842501983259357,-4.040241916711395,-2.3540529530597194,-2.56797043873019,-3.368600409625289,-4.029370404605234,-2.71840970613762,-2.5177466967182776,-3.1947429531491274,-3.202216653298553,-3.0387634565101846,-2.9452477192357582,-4.178481442285566,-3.3577702453634144,-3.28453815461343,-3.2096408274708086,-3.142211514519116,-2.732568411751937,-2.383931276022767,-3.457260290738856,-3.142071081251715,-2.840835690433668,-2.1155569231105704,-3.778680442326867,-3.3112547682263918
-0.36312823652585147,-7.41251900695123,-2.862302004651686,-2.672226664190756,-2.6470777212242353,-3.292572265933072,-3.991874131205665,-2.7630877726181486,-2.8168866572828355,-3.176564751430889,-3.163467974805001,-3.294960178497572,-1.942352552163172,-3.2477565383591456,-3.6365041752347116,-3.0716661707461945,-2.4572774547557796,-3.1085866203672543,-2.8588615485063373,-2.6739371946540498,-3.2266933702804783,-2.836629639703146,-3.242514594380176,-3.6537247448858503,-4.269039800286069,-2.657324391982808,-3.832099664035896,-3.427954011893455,-2.444855555315338,-3.056909940929014,-3.12465081375809,-3.1974271913445733,-2.7676369575070368,-3.340833702459884,-4.243498557072806,-5.646028061989843,-2.3623491501883436,-3.6144528835325076,-2.922928930396016,-3.8561854867619445,-2.756145237583576,-2.8390549562516876,-3.276451351432347,-3.3605492088175106,-2.6326432311638017,-2.7648752823809515,-2.937123177339105,-2.383206654541337,-3.405729736960679,-2.6616953860867305,-3.2547504838391017,-3.219016196736809,-2.933053599269954,-3.2284948539112523,-3.6065430421937394,-2.5702559986686575,-1.6238747330256271,-3.798804611285785,-3.858156042591845,-2.8578437619803037,-2.9656171337170445,-3.443533984852473,-2.2013853708668183,-3.0878686153534574,-3.459018581462007,-1.9185560641206707,-3.2199901996585236,-2.379544859577057,-3.997961580591592,-3.749802733411503,-3.3981668983694346,-3.320907736790839,-2.674589927234833,-3.005004301049669,-3.254094386829891,-3.372492843964837,-3.8872324805573575,-3.1068947454861693,-3.9597610116062674,-2.2829425828697634,-2.504812920389585,-3.2900681225712285,-3.9543311701771993,-2.6483113878886817,-2.4527308133936803,-3.1229123288775513,-3.1312311820905094,-2.960061336113869,-2.8785769424606134,-4.087476522421121,-3.275281255739273,-3.2037629576206053,-3.1409360559510535,-3.0790988303472338,-2.6689134826970715,-2.3184166288065744,-3.3907785388969645,-3.0654541238616737,-2.7685097413279713,-2.054960759269859,-3.7027366305586007,-3.2356020113680595
-0.3587660096480268,-10.7345145474104,-2.787185342550135,-2.6105046934524507,-2.5662161223944677,-3.2069150703060387,-3.9141588623349257,-2.6925130722290804,-2.7446410009628837,-3.1070220766938563,-3.0870399587493287,-3.217459606551941,-1.8795231863351207,-3.169309371521349,-3.5592068325450947,-2.98692631134723,-2.387352711385577,-3.0272815564007454,-2.7850808245547496,-2.6042162185194044,-3.159551210414553,-2.7599789668177213,-3.1665354427759524,-3.574253398197378,-4.194892818593756,-2.575917943140716,-3.747155471256515,-3.352268947003039,-2.3855185190061743,-2.9765303651786343,-3.0463842382195088,-3.115791109709849,-2.6984786413817794,-3.2649268635464903,-4.165164174321945,-5.553626718716293,-2.2951416954914627,-3.5389479168032896,-2.8425923846448926,-3.7873654260090737,-2.686749088189986,-2.766067430155955,-3.200346024156601,-3.292746769448314,-2.5631650044452092,-2.6904991129698166,-2.864727195847002,-2.3095517390925746,-3.3199812357586707,-2.590677032573976,-3.1780917758114455,-3.149128129827643,-2.8615881275379254,-3.148293303822368,-3.521528695965065,-2.4991837863375896,-1.556622413318635,-3.7273498147237314,-3.778698864627752,-2.7949143889677197,-2.900763200987539,-3.367782626037193,-2.1277160249781257,-3.002006438487145,-3.3828669570422445,-1.854356938569159,-3.1425003906630495,-2.309442269369599,-3.912930859954252,-3.677130885682584,-3.3241308748877474,-3.2413728597338807,-2.6114991278955975,-2.935655104122392,-3.1733492845503832,-3.3002481821476257,-3.816496860089691,-3.029539292646403,-3.879280106501141,-2.211832212679802,-2.441655402048955,-3.2115358355171546,-3.8792919357492144,-2.5782130696397623,-2.3877149300690514,-3.0510817046059495,-3.0602457108824037,-2.8813592157175663,-2.8119061656854933,-3.996471602556695,-3.1927922661150943,-3.1229877606277805,-3.072231284431318,-3.015986146175358,-2.605258553642262,-2.2529019815903633,-3.3242967870550917,-2.9888371664716207,-2.6961837922222625,-1.9943645954291416,-3.6267928187903644,-3.159949254509778
-0.3544037827702021,3.21673391143213,-2.712068680448584,-2.548782722714151,-2.485354523564731,-3.121257874679011,-3.8364435934641987,-2.62193837184003,-2.672395344642907,-3.0374794019568307,-3.017930745005806,-3.139959034606303,-1.8166938205070693,-3.0908622046835905,-3.4819094898554717,-2.902186451948279,-2.3174279680153624,-2.945976492434217,-2.7113001006031734,-2.5344952423847715,-3.0924090505486515,-2.6833282939323153,-3.0905562911717652,-3.4947820515088805,-4.120745836901405,-2.4945114942986066,-3.6622112784771153,-3.276583882112611,-2.324058294425501,-2.896150789428293,-2.9681176626809282,-3.034155028075155,-2.6293203252564785,-3.1890200246331153,-4.086829791571048,-5.4612253754427424,-2.2279342407945624,-3.4634429500740707,-2.762255838893756,-3.7185453652562472,-2.6173529387963903,-2.6930799040601796,-3.124240696880886,-3.2249443300790617,-2.493686777726599,-2.61612294355867,-2.792331214354917,-2.235896823643868,-3.2342327345566684,-2.5196586790612274,-3.101433067783802,-3.0792400629184966,-2.7901226558059404,-3.0680917537334764,-3.436514349736359,-2.4281115740065085,-1.4893700936116305,-3.6558950181616456,-3.6992416866636715,-2.7319850159551047,-2.83590926825804,-3.2920312672218817,-2.054046679089395,-2.9161442616208273,-3.3067153326224705,-1.79015781301761,-3.065010581667557,-2.2393396791621347,-3.827900139316924,-3.604459037953629,-3.2500948514060655,-3.1618379826769285,-2.548408328556337,-2.8663059071951285,-3.092604182270869,-3.2280035203304083,-3.745761239622018,-2.9521838398066302,-3.7987992013960072,-2.1407218424898584,-2.378497883708337,-3.1330035484631003,-3.804252701321218,-2.5081147513908117,-2.322699046744454,-2.9792510803343415,-2.989260239674347,-2.8026570953212566,-2.7452353889103485,-3.90546668269225,-3.1103032764909466,-3.042212563634931,-3.0035265129115887,-2.952873462003482,-2.5416036245873705,-2.1873873343741645,-3.257815035213188,-2.9122202090815605,-2.6238578431165847,-1.9337684315884427,-3.550849007022104,-3.08429649765144
-0.35004155589237745,2.30606117735526,-2.636952018347033,-2.4870607519758696,-2.404492924734995,-3.0356006790519716,-3.7587283245934717,-2.5492642015325613,-2.6001496883229605,-2.967936727219861,-2.948821531262272,-3.0624584626606843,-1.751638099024213,-3.0124150378458188,-3.4043125905689724,-2.8174465925493335,-2.246248075910213,-2.864671428467714,-2.6375193766515794,-2.464774266250095,-3.0252668906827376,-2.6066776210469165,-3.014577139567554,-3.415310704820371,-4.0465988552090915,-2.4131050454565153,-3.577267085697728,-3.200898817222196,-2.2600989665726514,-2.815771213677907,-2.888189298233158,-2.9514488600178703,-2.5601620091312336,-3.1131131857196905,-4.004844943143318,-5.367201827638939,-2.159553877436391,-3.387937983344915,-2.680042112233277,-3.6469376344417554,-2.54795678940277,-2.6197546201215163,-3.044806581454157,-3.156119691566965,-2.423749455301518,-2.537177761403611,-2.7195253701754467,-2.162241908195118,-3.1484842333546403,-2.4477937178568263,-3.024774359756158,-3.00639555409085,-2.7186571840739617,-2.987890203644586,-3.351500003507647,-2.357039361675447,-1.4221177739046325,-3.5844402215996105,-3.617520620144308,-2.669055642942502,-2.7710553355285343,-3.2162799084066007,-1.9803773332006394,-2.8302820847545087,-3.230563708202708,-1.7237585824712278,-2.9875207726720703,-2.1692370889546577,-3.742869418679553,-3.5317871902247235,-3.17437875904303,-3.08230310561997,-2.4853175292171072,-2.796956710267845,-3.011158566183931,-3.1552010285394916,-3.6735830047912525,-2.872091414391641,-3.716579099681886,-2.069611472299878,-2.3144242683585956,-3.0544712614090397,-3.727256956519275,-2.438016433141905,-2.257683163419844,-2.9074204560627646,-2.918274768466291,-2.7228804234173385,-2.6785646121352036,-3.8144617628278352,-3.026542541330601,-2.9580802013477934,-2.934821741391853,-2.887333198869162,-2.477948695532536,-2.1195041739753924,-3.19133328337129,-2.8356032516915075,-2.5500160903854434,-1.8730543170357512,-3.474189884292284,-3.006854220183995
-0.3456793290145528,-9.82742780257195,-2.55868782789788,-2.4199004057926414,-2.3218853384442957,-2.945058825849279,-3.677172402441812,-2.4730679359523036,-2.524032350068511,-2.892959050157078,-2.874757237613448,-2.982608074509068,-1.6832099927475839,-2.928808791277433,-3.321086371072581,-2.72749092586428,-2.170553994194484,-2.780424899510849,-2.55825472490438,-2.3901238940437937,-2.9567899896929912,-2.5240529189593337,-2.933204306902068,-3.3311323371323596,-3.9676139972875335,-2.3261441249527097,-3.4870770072158157,-3.1200368615271517,-2.196139638719834,-2.731478932349809,-2.8042236933603153,-2.864011941098238,-2.486311330839996,-3.032643505125586,-3.9211809316644644,-5.26909454248797,-2.0865630490901665,-3.3076111330989733,-2.5940444184908307,-3.5726219340332364,-2.4730963790221177,-2.5408444526666214,-2.9633085786102074,-3.0825083131436743,-2.3483684681012162,-2.457660660795688,-2.641218547609662,-2.088586992746399,-3.057956148067687,-2.370936886475034,-2.942836982126205,-2.931043565954689,-2.6424700568238384,-2.9025246483122427,-3.261096190841415,-2.2838363115504148,-1.3490864216396532,-3.5100933457141537,-3.5324714861752344,-2.6055161435523573,-2.701203040191217,-3.1367208102433723,-1.9047898538591124,-2.739668688316219,-3.1496917730767793,-1.6539559803787536,-2.908813536433983,-2.094614307338743,-3.6532141238579463,-3.4537549697894496,-3.0946469035213724,-2.998685923872796,-2.4185756311407642,-2.726777973865919,-2.9245506071890803,-3.077069869294948,-3.597110268046671,-2.7892308611394077,-3.6304127266018726,-1.9985011021099286,-2.245439930578651,-2.9719395870025576,-3.6465706422558384,-2.361968676427174,-2.187793642738641,-2.835109141983291,-2.84728929725821,-2.638378222174026,-2.6060054705851083,-3.7196921274627472,-2.9382870531617398,-2.87191783309179,-2.8604538086976623,-2.818658326504358,-2.4105719992316352,-2.048416563277128,-3.1188922260217176,-2.7560439714827885,-2.4719656929625664,-1.8064997862213044,-3.392385676985872,-2.9255248432140117
-0.3413171021367281,-10.1884917910102,-2.477093429697307,-2.352099495193414,-2.234322761272812,-2.853221751947075,-3.5930951264196835,-2.396871670372052,-2.445429958873529,-2.817336810647002,-2.799480804790364,-2.898501061699289,-1.6147818864709547,-2.8442313646715824,-3.2378601515762027,-2.6366311618932006,-2.09485991247878,-2.6926084131107846,-2.478403512722455,-2.314231076045209,-2.8828837756940233,-2.4414242149309726,-2.851137945540171,-3.245449400628833,-3.8872787555197448,-2.238680322619704,-3.396018414420346,-3.0382247844576815,-2.132180310866998,-2.6447496048446855,-2.7202580884874843,-2.776575022178588,-2.410938821908345,-2.9504995645500935,-3.8375169201856094,-5.170987257337006,-2.013572220743917,-3.2259150459097112,-2.5080467247483975,-3.4983062336247235,-2.39762608962529,-2.4619342852117083,-2.8818105757662336,-3.008896934720421,-2.272987480900902,-2.378143560187746,-2.5629117250439455,-2.008013961739767,-2.9660089731840484,-2.2940800550932545,-2.8600698848652533,-2.8556915778185354,-2.5647955960427753,-2.816193736213707,-3.1699938561596204,-2.2061231003756783,-1.275818942885623,-3.432119100050584,-3.4474223522061473,-2.5357139747326904,-2.630189694004451,-3.054601860532718,-1.8244462420959093,-2.647602782761216,-3.0673309205280193,-1.5841533782862982,-2.824541865267248,-2.018267106848106,-3.5619572003206956,-3.3749897635966084,-3.01491504799969,-2.912830317975363,-2.3490907910338783,-2.650588597313134,-2.837942648194235,-2.998938710050348,-3.5206375313021026,-2.706370307887142,-3.5442463535218653,-1.9204702945706877,-2.1764555927987255,-2.887072350660267,-3.565884327992439,-2.285887619190187,-2.116595904670622,-2.7563866031754802,-2.7716593563707095,-2.5538760209307148,-2.533340294720502,-3.622312331538783,-2.850031564992916,-2.785755464835793,-2.7857120325483136,-2.749983454139561,-2.340534937132066,-1.9773289525788704,-3.0464296233141583,-2.6729157312402023,-2.3939152955397263,-1.7399452554068637,-3.310581469679434,-2.844195466244053
-0.33695487525890344,3.0708957896361,-2.395499031496727,-2.2842985845942065,-2.1467601841013098,-2.7613846780448643,-3.5090178503975293,-2.3206754047917757,-2.3668275676785786,-2.7417145711369457,-2.7242043719672937,-2.8143940488895094,-1.5463537801943192,-2.7596539380657257,-3.1546339320798182,-2.5457713979221452,-2.0191658307630638,-2.6047919267107504,-2.3985523005405174,-2.238338258046606,-2.808977561695075,-2.3587955109025867,-2.7690715841782687,-3.1597664641253003,-3.8069435137519756,-2.1512165202867104,-3.304959821624875,-2.9564127073882114,-2.06822098301418,-2.5580202773395495,-2.6362924836146666,-2.689138103258938,-2.3355663129766944,-2.8683556239746073,-3.7538529087067802,-5.072879972186018,-1.9405813923976796,-3.1442189587204936,-2.422049031005952,-3.4239905332162106,-2.3221558002284617,-2.383024117756789,-2.8003125729222713,-2.9352855562971296,-2.197606493700569,-2.298626459579829,-2.4846049024781918,-1.9273894467496402,-2.874061798300416,-2.2172232237114495,-2.7773027876043335,-2.7803395896823693,-2.48712113526173,-2.729862824115159,-3.0788915214777877,-2.128409889200954,-1.2025514641315926,-3.3541448543870267,-3.3623732182371233,-2.4659118059130107,-2.559176347817666,-2.97248291082205,-1.7440926930947942,-2.555536877206232,-2.984970067979278,-1.5143507761938366,-2.7402701941004937,-1.941919906357476,-3.470700276783451,-3.2962245574037414,-2.9351831924780205,-2.826974712077961,-2.2796059509269924,-2.574399220760336,-2.75133468919939,-2.920807550805786,-3.444164794557521,-2.623509754634915,-3.458079980441858,-1.842390717408621,-2.107471255018787,-2.8022051143179505,-3.485198013729046,-2.209806561953206,-2.045398166602622,-2.677664064367625,-2.693338413147205,-2.469373819687415,-2.4606751188558826,-3.524932535614793,-2.7617760768240487,-2.6995930965797825,-2.7109702563989337,-2.681308581774763,-2.2704978750325413,-1.9062413418806001,-2.9739670206066435,-2.5897874909975975,-2.3158648981168612,-1.6733907245923982,-3.228777262373047,-2.7628660892740706
-0.33259264838107877,-11.6926088194189,-2.31390463329616,-2.216497673994998,-2.0591976069298012,-2.6695476041426467,-3.424940574375394,-2.2444791392114993,-2.288225176483615,-2.6660923316268574,-2.6489279391442224,-2.730287036079768,-1.4779256739176838,-2.675076511459838,-3.0714077125834276,-2.454911633951072,-1.9434717490473417,-2.516975440310667,-2.318701088358617,-2.1624454400480335,-2.735071347696107,-2.2761668068741634,-2.6870052228163788,-3.074083527621786,-3.7266082719841753,-2.063752717953748,-3.2139012288294175,-2.8746006303187848,-2.0042616551613186,-2.4712909498343825,-2.5523268787418427,-2.6017011843392934,-2.260193804045031,-2.7862116833991086,-3.6701888972279386,-4.974772687035068,-1.8675905640514487,-3.0625228715312627,-2.3360513372635188,-3.349674832807704,-2.2466855108316213,-2.3041139503018755,-2.718814570078303,-2.8616741778738577,-2.122225506500267,-2.2191093589718935,-2.4062980799124634,-1.8467649317595074,-2.78211462341679,-2.1403663923296574,-2.694535690343363,-2.704987601546202,-2.409446674480673,-2.64353191201658,-2.987789186795993,-2.050696678026218,-1.1292839853775811,-3.276170608723464,-3.2773240842680496,-2.3961096370933754,-2.4881630016309435,-2.890363961111402,-1.6637336179635347,-2.463470971651266,-2.902609215430518,-1.4445481741013624,-2.6559985229337464,-1.8655727058668705,-3.379443353246244,-3.2174593512108807,-2.8554513369563255,-2.741119106180558,-2.210121110820113,-2.4982098442075573,-2.6647267302045456,-2.842676391561217,-3.3676920578129392,-2.540649201382668,-3.371913607361826,-1.7643111402465603,-2.038486917238842,-2.717337877975659,-3.404511699465634,-2.133725504716219,-1.9742004285346157,-2.598941525559777,-2.6150174699237256,-2.3848716184441088,-2.388009942991232,-3.427552739690829,-2.6735205886552187,-2.613430728323804,-2.636228480249579,-2.6126337094099537,-2.200460812933029,-1.8351537311823614,-2.9015044178990905,-2.506659250754986,-2.237814500694021,-1.606836193777939,-3.146973055066635,-2.6815367123041183
-0.32823042150325416,3.67374470717517,-2.2323102350955866,-2.14869676339579,-1.9716350297582865,-2.57771053024043,-3.340863298353252,-2.168282873631229,-2.20962278528864,-2.590470092116794,-2.5736515063211582,-2.6461800232700075,-1.4094975676410482,-2.590499084853975,-2.9881814930870556,-2.3640518699800364,-1.8677776673316377,-2.429158953910627,-2.2388498761766797,-2.0865526220494175,-2.6611651336971702,-2.193538102845796,-2.6049388614544506,-2.988400591118266,-3.646273030216399,-1.9762889156207046,-3.1228426360339467,-2.792788553249296,-1.9403023273085134,-2.384561622329234,-2.468361273869019,-2.5142642654196745,-2.1848212951133865,-2.704067742823641,-3.586524885749097,-4.876665401884104,-1.7945997357052241,-2.98082678434202,-2.2500536435210727,-3.2753591323992035,-2.1712152214348492,-2.225203782846993,-2.637316567234328,-2.788062799450598,-2.0468445192999276,-2.1395922583639644,-2.3279912573467225,-1.7661404167693993,-2.690167448533132,-2.063509560947865,-2.6117685930824432,-2.6296356134100485,-2.3317722136996157,-2.5572009999180256,-2.896686852114204,-1.972983466851463,-1.0560165066235445,-3.198196363059907,-3.1922749502989873,-2.3263074682736837,-2.417149655444165,-2.808245011400741,-1.5833745428323065,-2.3714050660962815,-2.8202483628817516,-1.374745572008882,-2.5717268517670178,-1.7892255053762465,-3.2881864297090244,-3.1386941450180075,-2.7757194814346686,-2.655263500283162,-2.140636270713202,-2.422020467654741,-2.5781187712096942,-2.7645452323166673,-3.2912193210683576,-2.457788648130416,-3.285747234281806,-1.6862315630845124,-1.9695025794589223,-2.632470641633362,-3.3238253852022286,-2.057644447479251,-1.9030026904665904,-2.520218986751947,-2.5366965267002524,-2.3003694172008036,-2.315344767126613,-3.33017294376687,-2.5852651004863887,-2.5272683600678008,-2.5614867041002176,-2.543958837045156,-2.1304237508334913,-1.7640661204840973,-2.829041815191551,-2.4235310105123875,-2.1597641032711685,-1.5402816629634986,-3.0651688477602104,-2.600207335334135
-0.3238681946254295,-11.0724252978297,-2.150715836894994,-2.0808958527965693,-1.8840724525868093,-2.4858734563382385,-3.256786022331104,-2.0920866080509777,-2.131020394093664,-2.5148478526067253,-2.4983750734980936,-2.562073010460253,-1.3410694613644063,-2.5059216582481056,-2.9049552735906525,-2.273192106008982,-1.7920835856159092,-2.3413424675105685,-2.1589986639947805,-2.010659804050839,-2.5872589196982094,-2.1109093988173915,-2.522872500092567,-2.9027176546147135,-3.5659377884485925,-1.8888251132877112,-3.0317840432384706,-2.710976476179858,-1.8763429994556833,-2.2978322948241106,-2.3843956689961883,-2.4268273465000307,-2.1094487861817175,-2.6219238022481353,-3.502860874270268,-4.778558116733128,-1.7216089073590055,-2.899130697152783,-2.1640559497786453,-3.201043431990678,-2.0957449320380093,-2.146293615392061,-2.5558185643903535,-2.71445142102732,-1.9714635320996068,-2.060075157756047,-2.2496844347809875,-1.6855159017792414,-2.5982202736495186,-1.9866527295660792,-2.5290014958215226,-2.554283625273894,-2.254097752918577,-2.4708700878194714,-2.805584517432366,-1.8952702556767205,-0.9827490278695268,-3.1202221173963505,-3.1072258163299384,-2.256505299454017,-2.3461363092574303,-2.7261260616901044,-1.5030154677010719,-2.2793391605412787,-2.7378875103330103,-1.3049429699164077,-2.4874551806002825,-1.7128783048856222,-3.1969295061717986,-3.0599289388251405,-2.6959876259129674,-2.5694078943857406,-2.071151430606304,-2.3458310911019558,-2.49151081221485,-2.6864140730720925,-3.214746584323776,-2.374928094878169,-3.199580861201806,-1.608151985922427,-1.9005182416790025,-2.547603405291052,-3.243139070938823,-1.9815633902422576,-1.831804952398609,-2.4414964479440986,-2.458375583476773,-2.21586721595751,-2.242679591261994,-3.2327931478428686,-2.497009612317565,-2.4411059918118103,-2.486744927950862,-2.475283964680334,-2.0603866887339475,-1.692978509785821,-2.7565792124840165,-2.340402770269776,-2.08171370584831,-1.4737271321490517,-2.983364640453811,-2.5188779583641767
-0.3195059677476048,-8.21303720311465,-2.069121438694402,-2.0130949421973736,-1.7965098754153135,-2.3940363824360342,-3.1727087463089445,-2.01589034247072,-2.052418002898695,-2.439225613096643,-2.4230986406750104,-2.477965997650487,-1.272641355087796,-2.4213442316422307,-2.8217290540942743,-2.182332342037915,-1.7163895039001928,-2.25352598111051,-2.0791474518128865,-1.9347669860522483,-2.5133527056992664,-2.028280694789018,-2.4408061387306392,-2.817034718111193,-3.485602546680811,-1.8013613109547053,-2.940725450443006,-2.6291643991103877,-1.8123836716028594,-2.2111029673189866,-2.3004300641233453,-2.3393904275803616,-2.03407627725006,-2.5397798616726366,-3.4191968627914324,-4.680450831582183,-1.648618079012756,-2.817434609963546,-2.078058256036206,-3.1267277315821653,-2.0202746426411995,-2.067383447937173,-2.4743205615463983,-2.6408400426040295,-1.89608254489928,-1.9805580571481116,-2.1713776122152337,-1.6048913867891335,-2.5062730987658925,-1.9097958981842682,-2.4462343985605592,-2.478931637137734,-2.17642329213752,-2.3845391757209295,-2.7144821827506016,-1.8175570445019966,-0.9094815491154777,-3.042247871732787,-3.0221766823608576,-2.1867031306343687,-2.2751229630706455,-2.64400711197945,-1.4226563925698188,-2.1872732549863008,-2.655526657784244,-1.2351403678239712,-2.403183509433541,-1.6365311043950044,-3.105672582634579,-2.981163732632261,-2.616255770391297,-2.4835522884883323,-2.00166659049943,-2.2696417145491457,-2.404902853220011,-2.6082829138275425,-3.1382738475791943,-2.2920675416259355,-3.1134144881217614,-1.5300724087603788,-1.8315339038990517,-2.462736168948755,-3.1624527566754237,-1.9054823330052642,-1.7606072143305964,-2.3627739091362314,-2.380054640253256,-2.131365014714198,-2.170014415397387,-3.135413351918892,-2.408754124148741,-2.3549436235558066,-2.4120031518014944,-2.4066090923155428,-1.9903496266344163,-1.6218908990875693,-2.684116609776483,-2.2572745300271837,-2.0036633084254385,-1.4071726013346175,-2.901560433147405,-2.437548581394206
-0.31514374086978014,-9.77086203553711,-1.9875270404938163,-1.9452940315981528,-1.7089472982437988,-2.302199308533811,-3.088631470286809,-1.939694076890487,-1.9738156117037566,-2.3636033735865802,-2.3478222078519146,-2.39385898484072,-1.204213248811173,-2.3367668050363744,-2.738502834597883,-2.0914725780668544,-1.6406954221844703,-2.1657094947104887,-1.999296239630949,-1.8588741680536511,-2.4394464917003305,-1.945651990760601,-2.3587397773687426,-2.7313517816076915,-3.405267304913022,-1.7157641925218496,-2.84966685764753,-2.547352322040936,-1.7484243437500167,-2.124373639813863,-2.216464459250515,-2.2519535086607485,-1.9587037683184407,-2.4576359210971503,-3.335532851312565,-4.582343546431214,-1.575627250666525,-2.7357385227743034,-1.9920605622937602,-3.052412031173664,-1.944804353244378,-1.9884732804822594,-2.3928225587024237,-2.567228664180763,-1.820701557698953,-1.9010409565401696,-2.0930707896494867,-1.524266871798988,-2.4143259238822536,-1.8329390668024699,-2.3634673012996577,-2.403579649001592,-2.0987488313564504,-2.298208263622369,-2.62337984806877,-1.7398438333272728,-0.8362140703614787,-2.964273626069237,-2.9371275483917962,-2.116900961814671,-2.2041096168839047,-2.5618881622687892,-1.342297317438578,-2.0952073494312913,-2.5731658052354955,-1.1653377657314783,-2.3189118382668124,-1.5601839039043928,-3.014415659097353,-2.902398526439394,-2.5365239148696093,-2.397696682590905,-1.9321817503925383,-2.1934523379963666,-2.318294894225154,-2.530151754582943,-3.0618011108346073,-2.2092069883736887,-3.027248115041754,-1.4519928315982997,-1.7625495661191195,-2.3778689326064324,-3.0817664424119933,-1.8294012757682896,-1.6894094762625835,-2.28405137032842,-2.301733697029783,-2.046862813470905,-2.0973492395327553,-3.0380335559949145,-2.3204986359798987,-2.2687812552998157,-2.3372613756521208,-2.3379342199507267,-1.9203125645348664,-1.5508032883893117,-2.611654007068924,-2.174146289784579,-1.9256129110025861,-1.3406180705201582,-2.8197562258410054,-2.356219204424254
-0.31078151399195547,-10.0756797553166,-1.9059326422932428,-1.8774931209989134,-1.6213847210723276,-2.210362234631619,-3.004554194264667,-1.863497811310173,-1.8952132205087746,-2.2879811340765173,-2.272545775028844,-2.309751972030953,-1.135785142534525,-2.2521893784305176,-2.655276615101511,-2.0006128140957937,-1.5650013404687728,-2.0778930083104115,-1.9194450274490304,-1.7829813500550478,-2.3655402777013563,-1.8630232867322463,-2.2766734160068465,-2.6456688451041526,-3.3249320631452344,-1.6377487387551228,-2.7586082648520778,-2.4655402449714723,-1.6844650158971866,-2.037644312308702,-2.1324988543776784,-2.1645165897410985,-1.883331259386765,-2.375491980521651,-3.2518688398337234,-4.484236261280256,-1.502636422320288,-2.65404243558506,-1.9060628685513268,-2.9780963307651573,-1.869334063847556,-1.909563113027346,-2.3113245558584428,-2.4936172857574785,-1.7453205704986385,-1.8215238559322529,-2.0147639670837583,-1.4436423568088612,-2.322378748998627,-1.7560822354206713,-2.2807002040387063,-2.328227660865413,-2.021074370575393,-2.2118773515238024,-2.5322775133869557,-1.6621306221525176,-0.7629465916074358,-2.886299380405667,-2.852078414422735,-2.047098792995035,-2.1330962706971386,-2.4797692125581277,-1.261938242307356,-2.0031414438763195,-2.4908049526867546,-1.095535163639004,-2.234640167100059,-1.4838367034137687,-2.9231587355601274,-2.823633320246527,-2.4567920593479515,-2.311841076693484,-1.8626969102856585,-2.1172629614435565,-2.2316869352302966,-2.4520205953384053,-2.985328374090013,-2.126346435121436,-2.9410817419617654,-1.3739132544362143,-1.6935652283391809,-2.2930016962641475,-3.0010801281486126,-1.7533202185313026,-1.618211738194577,-2.2053288315205846,-2.223412753806297,-1.962360612227599,-2.024684063668124,-2.9406537600709566,-2.2322431478110496,-2.1826188870438186,-2.2625195995027783,-2.2692593475859355,-1.8502755024353539,-1.4797156776910603,-2.539191404361409,-2.0910180495419737,-1.8475625135797336,-1.274063539705699,-2.7379520185345925,-2.274889827454271
-0.3064192871141308,-6.33685894183883,-1.8243382440926568,-1.8096922103997115,-1.5338221439008255,-2.1185251607294084,-2.9204769182425254,-1.7873015457299277,-1.8166108293138303,-2.2123588945664476,-2.197269342205786,-2.225644959221168,-1.067357036257877,-2.167611951824642,-2.57205039560512,-1.9097530501247455,-1.4893072587530378,-1.9900765219103402,-1.839593815267118,-1.707088532056463,-2.29163406370242,-1.7803945827038479,-2.1946070546449308,-2.559985908600619,-3.2445968213774457,-1.5597332849883834,-2.667549672056577,-2.3837281679020084,-1.6205056880443438,-1.950914984803566,-2.0485332495048603,-2.0770796708214734,-1.8079587504551142,-2.2933480399461583,-3.1682048283549067,-4.386128976129293,-1.429645593974063,-2.5723463483958477,-1.820065174808881,-2.9037806303566445,-1.7938637744507342,-1.8306529455724327,-2.2298265530144805,-2.420005907334213,-1.6699395832983117,-1.7420067553243421,-1.936457144518017,-1.363017841818722,-2.2304315741150074,-1.679225404038873,-2.1979331067777736,-2.2528756727292656,-1.9433999097943233,-2.1255464394252606,-2.441175178705161,-1.584417410977775,-0.6896791128534119,-2.808325134742123,-2.767029280453654,-1.977296624175362,-2.062082924510391,-2.3976502628474794,-1.1815791671761091,-1.911075538321329,-2.4084441001379817,-1.025732561546536,-2.1503684959333174,-1.4074895029231382,-2.8319018120229016,-2.7448681140536664,-2.3770602038262503,-2.2259854707960818,-1.7932120701787477,-2.0410735848907713,-2.145078976235445,-2.3738894360938243,-2.90885563734545,-2.043485881869196,-2.8549153688817333,-1.2958336772741537,-1.62458089055923,-2.2081344599218315,-2.9203938138851884,-1.6772391612943407,-1.547014000126583,-2.1266062927127294,-2.1450918105828114,-1.8778584109843117,-1.9520188878034856,-2.843273964146979,-2.143987659642201,-2.0964565187877966,-2.1877778233534166,-2.2005844752211194,-1.7802384403357976,-1.408628066992765,-2.466728801653856,-2.0078898092993747,-1.7695121161568685,-1.207509008891277,-2.6561478112281742,-2.1935604504843127
-0.30205706023630613,3.2551627588579,-1.7427438458920959,-1.7418912998004783,-1.4462595667293108,-2.0266880868271917,-2.836399642220396,-1.71110528014967,-1.7380084381188485,-2.136736655056379,-2.1219929093827146,-2.1415379464114572,-0.9989289299812415,-2.0830345252187916,-2.4888241761087233,-1.8188932861536722,-1.4136131770373404,-1.9022600355103068,-1.7597426030852055,-1.631195714057866,-2.2177278497034463,-1.6977658786754368,-2.1125406932830284,-2.474302972097111,-3.164261579609658,-1.481717831221669,-2.5764910792611184,-2.3019160908325507,-1.5565463601915324,-1.864185657298424,-1.9645676446320113,-1.9896427519018167,-1.7325862415234696,-2.211204099370672,-3.08454081687604,-4.288021690978349,-1.3566547656278447,-2.490650261206599,-1.734067481066429,-2.829464929948138,-1.7183934850539124,-1.7517427781175257,-2.1483285501705063,-2.3463945289109347,-1.5945585960979847,-1.6624896547163814,-1.8581503219522695,-1.2823933268285765,-2.138484399231369,-1.6023685726570807,-2.1151660095168348,-2.177523684593111,-1.8657254490132849,-2.0392155273266934,-2.350072844023341,-1.5067041998030386,-0.6164116340993815,-2.7303508890785473,-2.6819801464845865,-1.9074944553556952,-1.9910695783236312,-2.3155313131367934,-1.1012200920448931,-1.8190096327663383,-2.3260832475892093,-0.9559299594540744,-2.0660968247665883,-1.331142302432533,-2.740644888485676,-2.666102907860812,-2.2973283483045748,-2.1401298648986855,-1.7237272300718556,-1.9648842083379738,-2.058471017240607,-2.2957582768492557,-2.832382900600856,-1.9606253286169246,-2.7687489958017197,-1.2177541001120868,-1.5555965527793165,-2.1232672235795405,-2.839707499621814,-1.6011581040573473,-1.4758162620585642,-2.0478837539049,-2.0667708673593257,-1.793356209740981,-1.879353711938879,-2.745894168222984,-2.055732171473377,-2.010294150531818,-2.1130360472040426,-2.1319096028563345,-1.7102013782362602,-1.337540456294545,-2.394266198946322,-1.9247615690567512,-1.6914617187340224,-1.140954478076793,-2.5743436039217746,-2.1122310735143293
-0.29769483335848146,-9.90158930636191,-1.6611494476915036,-1.6740903892012764,-1.3586969895578398,-1.9348510129249814,-2.7523223661982232,-1.6349090145693872,-1.6594060469238916,-2.061114415546297,-2.046716476559644,-2.057430933601678,-0.9305008237046373,-1.998457098612904,-2.4055979566123575,-1.7280335221826302,-1.3379190953216118,-1.8144435491102355,-1.6798913909032869,-1.5553028960592812,-2.1438216357045032,-1.6151371746470697,-2.0304743319211256,-2.3886200355935534,-3.0839263378418513,-1.4037023774549295,-2.4854324864656547,-2.220104013763112,-1.4925870323387023,-1.777456329793294,-1.8806020397591996,-1.9022058329821914,-1.6572137325917877,-2.1290601587951667,-3.0008768053972235,-4.1899144058273725,-1.2836639372815826,-2.4089541740173495,-1.6480697873240018,-2.755149229539625,-1.6429231956571158,-1.6728326106626248,-2.0668305473265445,-2.272783150487656,-1.519177608897683,-1.582972554108471,-1.7798434993865346,-1.2017688118384373,-2.046537224347724,-1.5255117412752948,-2.03239891225589,-2.1021716964569324,-1.7880509882322277,-1.9528846152281392,-2.2589705093415278,-1.4289909886283023,-0.5431441553453762,-2.652376643414997,-2.5969310125155243,-1.837692286536041,-1.920056232136859,-2.233412363426157,-1.0208610169136276,-1.726943727211354,-2.2437223950404803,-0.8861273573616065,-1.9818251535998348,-1.2547951019419088,-2.649387964948456,-2.587337701667926,-2.2175964927828984,-2.054274259001277,-1.6542423899649634,-1.8886948317851886,-1.9718630582457746,-2.2176271176046995,-2.7559101638562993,-1.8777647753646782,-2.6825826227217062,-1.1396745229500387,-1.4866122149993843,-2.038399987237243,-2.7590211853583897,-1.5250770468203791,-1.404618523990564,-1.9691612150970512,-1.9884499241358333,-1.7088540084976815,-1.8066885360742535,-2.6485143722990383,-1.9674766833045096,-1.924131782275821,-2.0382942710546876,-2.063234730491512,-1.6401643161367352,-1.2664528455962558,-2.3218035962387757,-1.8416333288141835,-1.6134113213111698,-1.0743999472623522,-2.492539396615375,-2.0309016965443396
-0.2933326064806568,2.51536271505459,-1.5795550494909365,-1.6062894786020556,-1.2711344123863189,-1.8430139390227895,-2.668245090176076,-1.558712748989117,-1.5808036557289036,-1.9854921760362338,-1.9714400437365796,-1.9733239207918989,-0.862072717427983,-1.9138796720070537,-2.322371737115973,-1.6371737582115569,-1.262225013605914,-1.7266270627101956,-1.600040178721387,-1.4794100780606778,-2.0699154217055606,-1.5325084706186713,-1.9484079705591917,-2.3029370990900264,-3.003591096074075,-1.3256869236882276,-2.3943738936701964,-2.138291936693642,-1.4286277044858595,-1.6907270022881642,-1.7966364348863693,-1.8147689140625285,-1.5818412236601431,-2.04691621821968,-2.9172127939183685,-4.091807120676403,-1.2106731089353453,-2.3272580868281314,-1.562072093581556,-2.680833529131112,-1.5674529062602813,-1.593922443207724,-1.9853325444826009,-2.1991717720643904,-1.4437966216973686,-1.503455453500529,-1.7015366768207874,-1.121144296848323,-1.9545900494640789,-1.4486549098934964,-1.9444950411800879,-2.0268197083208155,-1.7103765274511828,-1.8665537031295598,-2.16786817465972,-1.3512777774535536,-0.4698766765913397,-2.5744023977514336,-2.5118818785464754,-1.767890117716368,-1.8490428859500991,-2.151293413715509,-0.9405019417823993,-1.634877821656357,-2.161361542491714,-0.8163247552691448,-1.897553482433106,-1.178447901451316,-2.5581310414112366,-2.5085724954750597,-2.137864637261235,-1.9684186531038745,-1.5847575498580526,-1.812505455232366,-1.885255099250911,-2.139495958360118,-2.679437427111705,-1.7949042221124318,-2.5964162496416803,-1.0615949457879845,-1.4176278772194646,-1.9535327508949332,-2.6783348710949904,-1.4489959895833797,-1.3334207859225762,-1.8904386762891965,-1.9101289809123603,-1.6243518072543757,-1.7340233602096218,-2.5511345763750235,-1.879221195135686,-1.8379694140198302,-1.9635524949053138,-1.994559858126696,-1.5701272540371978,-1.1953652348980044,-2.249340993531229,-1.7585050885715412,-1.5353609238883048,-1.0078454164479056,-2.410735189308957,-1.9495723195743941
-0.2889703796028321,-10.9594181839456,-1.4979606512903694,-1.5384885680028662,-1.1835718352148352,-1.751176865120579,-2.5841678141539095,-1.4825164834088718,-1.5022012645339342,-1.9098699365261584,-1.8961636109134774,-1.8892169079821324,-0.7936446111513413,-1.829302245401172,-2.2391455176195763,-1.5463139942405149,-1.186530931890173,-1.638810576310137,-1.5201889665394432,-1.4035172600620993,-1.9960092077065994,-1.449879766590279,-1.8663416091973015,-2.2172541625865185,-2.9232558543062748,-1.2476714699214884,-2.3033153008747203,-2.056479859624178,-1.3646683766330359,-1.6039976747830156,-1.7126708300135327,-1.7273319951428783,-1.5064687147284987,-1.9647722776441814,-2.833542189315927,-3.9936998355254403,-1.1376822805891393,-2.2455619996388885,-1.4760743998391228,-2.6065178287226116,-1.4919826168634658,-1.5150122757528042,-1.9038345416386202,-2.125560393641112,-1.3684156344970353,-1.423938352892606,-1.623229854255065,-1.0405197818581713,-1.8626428745804526,-1.3717980785116854,-1.8542152831703569,-1.9514677201846302,-1.6327020666701382,-1.7802227910310182,-2.076765839977938,-1.2735645662788233,-0.39660919783732185,-2.4964281520878706,-2.426832744577382,-1.6980879488967011,-1.778029539763333,-2.0691744640048606,-0.8601428666511773,-1.542811916101354,-2.0790006899429665,-0.7465221531766707,-1.8132818112663833,-1.102100700960692,-2.466874117873992,-2.4298072892821927,-2.0581327817395465,-1.8825630472064534,-1.5152727097511853,-1.7363160786795933,-1.79864714025606,-2.0613647991155495,-2.602964690367137,-1.7120436688601917,-2.510249876561667,-0.9835153686259177,-1.3486435394395135,-1.8686655145526296,-2.597648556831585,-1.3729149323463925,-1.262223047854551,-1.811716137481348,-1.831808037688862,-1.53984960601107,-1.6613581843449838,-2.453754780451084,-1.7909657069668685,-1.7518070457638142,-1.888810718755971,-1.925884985761905,-1.5000901919376726,-1.1242776241997468,-2.176878390823708,-1.675376848328961,-1.457310526465446,-0.9412908856334463,-2.3289309820025386,-1.868242942604411
-0.28460815272500745,-8.86585737286179,-1.4163662530897834,-1.4706876574036394,-1.096009258043358,-1.6593397912183683,-2.50009053813178,-1.4063202178286014,-1.423598873338996,-1.8342476970160766,-1.8208871780904254,-1.8051098951723719,-0.7252165048747182,-1.7447248187953155,-2.155919298123229,-1.455454230269448,-1.1108368501744692,-1.5509940899100847,-1.4403377543575184,-1.3276244420635022,-1.9221029937076568,-1.3672510625618994,-1.7842752478354176,-2.1315712260829978,-2.84292061253848,-1.1696560161547613,-2.212256708079237,-1.9746677825547267,-1.3007090487801993,-1.517268347277892,-1.6287052251407024,-1.6398950762232467,-1.4310962057968606,-1.882628337068695,-2.749860124169288,-3.89559255037447,-1.0646914522428959,-2.1638659124496513,-1.3900767060966894,-2.5322021283140863,-1.4165123274666502,-1.4361021082979097,-1.8223365387946644,-2.051949015217846,-1.2930346472967145,-1.3444212522846763,-1.5449230316893239,-0.9598952668680385,-1.7706956996968388,-1.2949412471299182,-1.763935525160613,-1.8761157320484636,-1.5550276058890684,-1.6938918789324888,-1.9856635052961304,-1.195851355104106,-0.32334171908329157,-2.4184539064243262,-2.341783610608327,-1.628285780077028,-1.7070161935765795,-1.9870555142941806,-0.7797837915199304,-1.4507460105463759,-1.9966398373941998,-0.6767195510841965,-1.7290101400996358,-1.0257535004700804,-2.3756171943367788,-2.3510420830893133,-1.9784009262178766,-1.796707441309026,-1.4457878696442934,-1.660126702126777,-1.7120391812612277,-1.9832336398709747,-2.526491953622549,-1.6291831156079326,-2.42408350348166,-0.9054357914638385,-1.2796592016595754,-1.783798278210332,-2.516962242568155,-1.2968338751094055,-1.1910253097865509,-1.732993598673518,-1.753487094465395,-1.4553474047678017,-1.588693008480371,-2.3563749845270885,-1.7027102187980196,-1.6656446775078233,-1.814068942606591,-1.8572101133971013,-1.43005312983811,-1.0531900135014953,-2.1044157881161674,-1.592248608086325,-1.3792601290426059,-0.8747363548190246,-2.2471267746961385,-1.7869135656344526
-0.2802459258471828,4.30705116574659,-1.3502476994400183,-1.4192361877814799,-1.0242935165053177,-1.5822951713136668,-2.4331827100249708,-1.345828951309793,-1.3597620734776363,-1.7731645247394847,-1.7614188533759687,-1.7352488615642898,-0.6722302317193076,-1.6775547157490172,-2.0878978689609298,-1.3797762768642796,-1.0505190624848177,-1.4779882003433964,-1.3757856066800864,-1.2684092649056338,-1.8627897980126809,-1.2976402917633858,-1.716947823303674,-2.059883253489475,-2.776849887500269,-1.1064046570053723,-2.1367004096077444,-1.909700278742408,-1.2515886974910675,-1.4450606019754964,-1.5611244137066447,-1.5676791640527694,-1.3716938028553467,-1.816140930757499,-2.680005174842262,-3.811727117086286,-1.006022527713398,-2.096873382588349,-1.3198353839979686,-2.473372868227864,-1.356699760093054,-1.3741147989144014,-1.7543964876047828,-1.9919570671678806,-1.2338235930694612,-1.2807974260247947,-1.4810766221633456,-0.8953785589578971,-1.6935829215941318,-1.2343883421657047,-1.6901822653133327,-1.814704954336933,-1.492101907784873,-1.622957029672988,-1.910055401383958,-1.1335082662117661,-0.26647243154327804,-2.356528715676121,-2.2730964174530617,-1.5736531557875661,-1.6500794722739,-1.919260952567012,-0.7148794351502796,-1.3740513258491172,-1.92898867936437,-0.6213560044486368,-1.6587442963198287,-0.9647847591473826,-2.2993948550997816,-2.2877148341184146,-1.9134770377098627,-1.72682663069716,-1.3894353699216242,-1.598860444347783,-1.6408794526613915,-1.9207259844561417,-2.465413710674011,-1.5627074473468991,-2.354376075768023,-0.8429445975394667,-1.2257865018330434,-1.7151970910278997,-2.452529201375658,-1.2357776809102325,-1.1360680808493253,-1.6705954455632182,-1.689246440142755,-1.3851755919535627,-1.5309814330928297,-2.2747362836922598,-1.6300939341191238,-1.595565099220657,-1.7540154147280056,-1.8029703271826287,-1.3772328923394421,-0.9982348654387193,-2.046699171542496,-1.5239348433554636,-1.316495349968863,-0.8237635315355385,-2.1801939318066967,-1.7197774596017237
-0.2758836989693581,-8.81516454996152,-1.2982834005310906,-1.3811403553059198,-0.96639294061117,-1.5200291943675195,-2.378880443574336,-1.2992825009187592,-1.310728453667164,-1.7270914267200064,-1.7158010958020085,-1.6806655412486158,-0.6334292955425378,-1.6227725049427795,-2.0342783834433558,-1.3185212637552954,-1.0044465042554038,-1.4197443813012076,-1.3255492605433536,-1.2222495660796622,-1.8184374038441908,-1.2444280170895388,-1.6644479253014957,-2.0037021678281555,-2.7260399495561236,-1.0579578450343634,-2.075274193533148,-1.8576355568655885,-1.2172044930412138,-1.3878788993383553,-1.5068669107645083,-1.5098503783527828,-1.3259938755070497,-1.7636426384414483,-2.6258103318180828,-3.7431431656390934,-0.9625619899615911,-2.04474069450266,-1.2634919207073878,-2.4286881795035837,-1.3108752210957426,-1.3249586566576919,-1.7023622081521992,-1.9478147837250932,-1.1881323176632246,-1.23094631369356,-1.4323121171463105,-0.8444384327786938,-1.6312104738050652,-1.187232694717685,-1.6296227216059576,-1.7688501342566516,-1.443994761242736,-1.5662493445678949,-1.8485847491679759,-1.085416046642715,-0.22291420046324395,-2.308233822603129,-2.2177534308500078,-1.5334546791484323,-1.6085750871718891,-1.8666725092677525,-0.6641486399678096,-1.3116065065768379,-1.8761917575274807,-0.581093866232955,-1.6039754221405065,-0.9180592687289981,-2.2377299687668613,-2.238576464170267,-1.8633176219284981,-1.6706440086707226,-1.349376995466081,-1.552253469910719,-1.5838992147815298,-1.8722376326848607,-2.418564065725575,-1.5095550038550813,-2.2979241444503162,-0.7945048065178333,-1.1864008569763778,-1.6600277968518056,-2.4015397356135955,-1.1892878208982451,-1.0945660985525092,-1.6215758413343901,-1.6404347769255379,-1.3302044184053128,-1.487901295002035,-2.2070094054428657,-1.5714826037635223,-1.5390849755888032,-1.7088357114902537,-1.7638355741560827,-1.3369748670599955,-0.9568337563530263,-2.003803642642796,-1.470379606171739,-1.2680586590869822,-0.7868482124766285,-2.1279676501670157,-1.6679671923266604
-0.2715214720915335,-10.2284307600181,-1.2463172707430026,-1.3430445228303662,-0.9084923647170036,-1.4577632174213782,-2.324578177123726,-1.2527360505277692,-1.2616948338566725,-1.6810183287005407,-1.670183338228067,-1.6260822209329855,-0.5946283593657367,-1.5679902941365231,-1.9806588979257942,-1.2572662506463237,-0.9583739460260272,-1.361500562259,-1.2753129144066082,-1.176089867253653,-1.7740850096757006,-1.1912157424156602,-1.6119480272992486,-1.947521082166824,-2.67523001161201,-1.009511033063342,-2.0138479774585827,-1.8055708349887687,-1.182820288591385,-1.3306971967012515,-1.4526094078223841,-1.4520215926527897,-1.2802939481587592,-1.711144346125398,-2.5716154887938965,-3.674559214191926,-0.9191014522097779,-1.9926080064169513,-1.2071484574168383,-2.3840034907792664,-1.2650506820984124,-1.27580251440097,-1.6503279286996155,-1.9036725002822872,-1.1424410422570317,-1.1810952013623188,-1.3835476121292376,-0.7934983065995342,-1.5688380260159924,-1.1400770472696715,-1.569063177898551,-1.7229953141763577,-1.3958876147005927,-1.5095416594628395,-1.7871140969520125,-1.0373238270736702,-0.17935596938321613,-2.259938929530157,-2.1624104442469663,-1.493256202509317,-1.5670707020699093,-1.8140840659685054,-0.6134178447853709,-1.2491616873045337,-1.8233948356905787,-0.5408317280172795,-1.5492065479611845,-0.8713337783106387,-2.1760650824339773,-2.189438094222112,-1.813158206147146,-1.6144613866443227,-1.309318621010563,-1.5056464954736675,-1.5269189769016993,-1.8237492809136295,-2.3717144207771454,-1.4564025603632325,-2.2414722131326155,-0.7460650154961934,-1.1470152121196806,-1.6048585026756863,-2.3505502698515386,-1.1427979608862326,-1.0530641162556869,-1.572556237105537,-1.5916231137083519,-1.2752332448570503,-1.4448211569112215,-2.139282527193484,-1.512871273407896,-1.4826048519569435,-1.6636560082524956,-1.724700821129537,-1.2967168417804928,-0.9154326472673207,-1.96090811374309,-1.4168243689880393,-1.2196219682051517,-0.7499328934177248,-2.075741368527316,-1.6161569250515968
-0.2671592452137088,2.52392721847858,-1.1943336955261992,-1.3049486903548062,-0.8505917888228435,-1.395497240475243,-2.270275910673085,-1.2061896001367605,-1.2126612140461686,-1.634945230681075,-1.6245655806541006,-1.571498900617324,-0.5558274231889855,-1.5132080833302668,-1.9270394124082515,-1.1960112375373397,-0.9123013877966382,-1.3032567432167925,-1.2250765682698943,-1.1299301684276502,-1.729732615507192,-1.138003467741807,-1.559448129297039,-1.891339996505505,-2.624420073667877,-0.9610642210923267,-1.9524217613839923,-1.7535061131119491,-1.148436084141581,-1.273515494064104,-1.3983519048802415,-1.394192806952797,-1.2345940208104622,-1.6586460538093286,-2.5174206457697235,-3.605975262744776,-0.8756409144579709,-1.9404753183312495,-1.1508049941262573,-2.339318802054949,-1.219226143101095,-1.226646372144248,-1.5982936492470319,-1.8595302168394998,-1.0967497668508326,-1.1312440890311213,-1.334783107112196,-0.7425581804203123,-1.5064655782269507,-1.0929213998216332,-1.5085036341911575,-1.677140494096045,-1.3477804681584555,-1.4528339743577336,-1.7256434447360054,-0.9892316075046003,-0.13579773830321323,-2.2116440364571464,-2.1070674576438995,-1.453057725870183,-1.5255663169678981,-1.7614956226692084,-0.5626870496029196,-1.186716868032223,-1.7705979138536894,-0.5005695898015977,-1.4944376737818685,-0.824608287892248,-2.114400196101057,-2.1402997242739703,-1.7629987903657567,-1.5582787646178977,-1.2692602465550449,-1.459039521036566,-1.4699387390218375,-1.775260929142367,-2.324864775828697,-1.4032501168713958,-2.1850202818149587,-0.6976252244745537,-1.1076295672630088,-1.5496892084995921,-2.2995608040894693,-1.096308100874258,-1.011562133958858,-1.523536632876709,-1.5428114504911223,-1.2202620713087815,-1.401741018820408,-2.0715556489440967,-1.4542599430522882,-1.4261247283250649,-1.6184763050147812,-1.6855660681030034,-1.2564588165010275,-0.8740315381816088,-1.9180125848434213,-1.3632691318043086,-1.1711852773232836,-0.713017574358815,-2.0235150868876284,-1.5643466577765146
-0.26279701833588415,-9.86144575099385,-1.142350120309396,-1.2668528578792464,-0.7926912129286772,-1.333231263529108,-2.2159736442225,-1.1596431497457518,-1.1636275942357086,-1.588872132661578,-1.5789478230801528,-1.5169155803016747,-0.5170264870121906,-1.4584258725240102,-1.8734199268906964,-1.1347562244283496,-0.8662288295672242,-1.2450129241746037,-1.1748402221331427,-1.0837704696016723,-1.685380221338683,-1.0847911930679346,-1.5069482312948108,-1.8351589108441486,-2.573610135723751,-0.9126174091212802,-1.8909955453094083,-1.7014413912351356,-1.1140518796917274,-1.2163337914269818,-1.3440944019381051,-1.336364021252804,-1.188894093462178,-1.606147761493272,-2.463225802745563,-3.5373913112975712,-0.8321803767061513,-1.888342630245529,-1.0944615308356826,-2.2946341133306376,-1.173401604103765,-1.1774902298875074,-1.5462593697944482,-1.8153879333966938,-1.0510584914446521,-1.0813929766998616,-1.2860186020951359,-0.6916180542411341,-1.4440931304378903,-1.045765752373626,-1.44794409048377,-1.6312856740157573,-1.2996733216163183,-1.3961262892526656,-1.664172792520042,-0.9411393879355241,-0.09223950722317292,-2.1633491433841234,-2.051724471040833,-1.4128592492310552,-1.4840619318659183,-1.7089071793699366,-0.5119562544204745,-1.1242720487599063,-1.7178009920167812,-0.46030745158594094,-1.4396687996025277,-0.7778827974738637,-2.0527353097681607,-2.091161354325828,-1.7128393745844173,-1.502096142591479,-1.2292018720995328,-1.4124325465994831,-1.4129585011419885,-1.726772577371105,-2.2780151308802674,-1.3500976733795904,-2.12856835049727,-0.6491854334529201,-1.0682439224063178,-1.4945199143234853,-2.248571338327413,-1.0498182408622767,-0.9700601516620233,-1.474517028647881,-1.4939997872739177,-1.1652908977605443,-1.3586608807295883,-2.003828770694709,-1.3956486126966805,-1.3696446046932236,-1.5732966017770107,-1.6464313150764323,-1.2162007912215498,-0.8326304290959406,-1.8751170559437278,-1.3097138946205966,-1.1227485864414342,-0.676102255299905,-1.9712888052479414,-1.5125363905014448
-0.2584347914580595,5.29579479269858,-1.0903665450925928,-1.2287570254037052,-0.7347906370345295,-1.2709652865829542,-2.1616713777718655,-1.1130966993547178,-1.1145939744251923,-1.542799034642112,-1.5333300655061928,-1.462332259986007,-0.4782255508354144,-1.4036436617177601,-1.81980044137311,-1.0735012113193716,-0.8201562713378479,-1.186769105132415,-1.1246038759964283,-1.0376107707756819,-1.6410278271701617,-1.031578918394069,-1.454448333292595,-1.7789778251828545,-2.522800197779624,-0.86417059715024,-1.8304060539787883,-1.6493766693583034,-1.0796676752418988,-1.159152088789853,-1.289836898995981,-1.2785352355528175,-1.143194166113875,-1.553649469177234,-2.4090309597213895,-3.4688073598504285,-0.788719838954332,-1.8362099421598022,-1.038118067545108,-2.2499494246063514,-1.127577065106441,-1.1283340876308041,-1.4942250903418834,-1.7712456499539064,-1.005367216038453,-1.0315418643686267,-1.2372540970781005,-0.6406779280619745,-1.3817206826488238,-0.9986101049255938,-1.387384546776376,-1.5854308539354571,-1.2515661750741813,-1.3394186041475473,-1.6027021403040411,-0.8930471683664792,-0.04868127614315132,-2.1150542503111383,-1.9963814844377918,-1.3726607725919089,-1.4425575467639074,-1.656318736070677,-0.4612254592380233,-1.0618272294876208,-1.6650040701798667,-0.42004531337024664,-1.3848999254232055,-0.7311573070555042,-1.9910704234352774,-2.042022984377661,-1.6626799588030527,-1.4459135205650728,-1.1891434976439959,-1.3658255721624193,-1.3559782632621515,-1.6782842255998738,-2.2311654859318253,-1.296945229887735,-2.072116419179557,-0.6007456424312804,-1.028858277549646,-1.4393506201473723,-2.197581872565369,-1.0033283808502893,-0.928558169365201,-1.4254974244190528,-1.4451881240567193,-1.1103197242123066,-1.3155807426387809,-1.936101892445321,-1.337037282341079,-1.3131644810613636,-1.5281168985393025,-1.607296562049899,-1.1759427659420973,-0.7912293200102538,-1.8322215270440405,-1.256158657436872,-1.0743118955595725,-0.639186936240995,-1.9190625236082666,-1.4607261232263502
-0.2540725645802348,-7.78728499447524,-1.0383829698757832,-1.1906611929281516,-0.6768900611403631,-1.2086993096368255,-2.1073691113212556,-1.0665502489637404,-1.0655603546147008,-1.4967259366226213,-1.4877123079322574,-1.4077489396703453,-0.4394246146586508,-1.3488614509115224,-1.7661809558555797,-1.012246198210375,-0.7740837131084464,-1.1285252860902135,-1.0743675298596955,-0.9914510719496916,-1.5966754330016715,-0.9783666437202092,-1.401948435290392,-1.7227967395215353,-2.471990259835523,-0.8157237851792436,-1.7805753868488732,-1.5973119474814963,-1.0452834707920575,-1.1019703861527306,-1.2355793960538508,-1.2207064498527933,-1.0974942387655782,-1.501151176861152,-2.35483611669721,-3.400223408403229,-0.7452593012025374,-1.784077254074119,-0.9817746042545334,-2.2052647358820527,-1.0817525261091108,-1.0791779453740884,-1.4421908108892998,-1.7271033665111002,-0.959675940632235,-0.9816907520374042,-1.1884895920610403,-0.5897378018827776,-1.319348234859776,-0.9514544574775678,-1.3268250030690072,-1.5395760338551445,-1.2034590285320443,-1.2827109190424606,-1.5412314880880589,-0.8449549487974031,-0.005123045063154641,-2.066759357238122,-1.9410384978347377,-1.3324622959527748,-1.4010531616619213,-1.6037302927714239,-0.41049466405555957,-0.9993824102153039,-1.6122071483429772,-0.37978317515457116,-1.3301310512438835,-0.6844318166371135,-1.929405537102369,-1.992884614429519,-1.6125205430216758,-1.3897308985386603,-1.1490851231884713,-1.319218597725324,-1.2989980253822964,-1.6297958738286114,-2.184315840983383,-1.2437927863959297,-2.0156644878618684,-0.5523058514096656,-0.9894726326929614,-1.3841813259712656,-2.1465924068033058,-0.9568385208383019,-0.8870561870683722,-1.376477820190231,-1.3963764608395208,-1.0553485506640503,-1.2725006045479614,-1.8683750141959397,-1.2784259519854775,-1.2566843574295037,-1.4829371953015382,-1.568161809023359,-1.1356847406626258,-0.7498282109245419,-1.7893259981443532,-1.2026034202531721,-1.0258752046777295,-0.6022716171820913,-1.8668362419685667,-1.4089158559513055
-0.2497103377024101,2.48758388842075,-0.9863993946589737,-1.1525653604526291,-0.618989485246203,-1.1464333326906717,-2.0530668448706333,-1.020003798572738,-1.0165267348042346,-1.4506528386031556,-1.4420945503582847,-1.3531656193546837,-0.40062367848186836,-1.2940792401052723,-1.7125614703380057,-0.9509911851013971,-0.7280111548790511,-1.070281467048006,-1.024131183722969,-0.9452913731236763,-1.5523230388331752,-0.9251543690463371,-1.3494485372881573,-1.6666156538601913,-2.4211803218913897,-0.7672769732082095,-1.730744719718989,-1.545247225604664,-1.0108992663422351,-1.0447886835155644,-1.1813218931117206,-1.162877664152794,-1.0517943114172688,-1.4486528845451017,-2.3006412736730244,-3.331639456956074,-0.7017987634507179,-1.731944565988386,-0.9254311409639775,-2.160580047157741,-1.0359279871117995,-1.0300218031173667,-1.3901565314367286,-1.6829610830683317,-0.9139846652260296,-0.9318396397061756,-1.1397250870439861,-0.5387976757035994,-1.256975787070722,-0.9042988100295357,-1.266265459361607,-1.4937212137748568,-1.1553518819899073,-1.2260032339373987,-1.4797608358720955,-0.7968627292283457,0.03843518601686069,-2.01846446416513,-1.8856955112316776,-1.2922638193136533,-1.3595487765599226,-1.551141849472127,-0.35976386887312084,-0.9369375909429873,-1.5594102265060503,-0.33952103693889557,-1.2753621770645616,-0.6377063262187354,-1.8677406507694607,-1.943746244481358,-1.5623611272403237,-1.333548276512229,-1.109026748732947,-1.2726116232882663,-1.242017787502447,-1.5813075220573554,-2.137466196034954,-1.1906403429040808,-1.9592125565441865,-0.5038660603880383,-0.9500869878362956,-1.329012031795159,-2.095602941041249,-0.9103486608263083,-0.8455542047715187,-1.3274582159613906,-1.3475647976223164,-1.0003773771157942,-1.2294204664571602,-1.8006481359465707,-1.219814621629851,-1.20020423379765,-1.4377574920638052,-1.529027055996788,-1.0954267153831418,-0.7084271018388488,-1.7464304692446597,-1.1490481830694352,-0.9774385137958739,-0.5653562981231938,-1.8146099603288732,-1.3571055886762171
-0.24534811082458544,5.65819713559355,-0.9344158194421581,-1.1144695279770567,-0.5610889093520366,-1.0841673557445244,-1.9987645784200296,-0.9734573481816979,-0.9674931149937307,-1.4045797405836713,-1.396476792784331,-1.2985822990390221,-0.3618227423051047,-1.2392970292990158,-1.658941984820463,-0.8897361719924379,-0.6819385966496434,-1.0120376480058049,-0.9738948375862361,-0.8991316742977108,-1.5079706446646788,-0.8719420943724836,-1.2969486392859542,-1.6104345681988659,-2.370370383947276,-0.7188301612371756,-1.680914052589111,-1.4931825037278381,-0.9765150618923938,-0.9876069808784358,-1.127064390169584,-1.1050488784528198,-1.0060943840689782,-1.3961545922290575,-2.2464464306488323,-3.2630555055088877,-0.6583382256989233,-1.6798118779026967,-0.8690876776733841,-2.1158953584334426,-0.9901034481144757,-0.9808656608606385,-1.338122251984145,-1.6388187996255257,-0.8682933898198242,-0.881988527374922,-1.0909605820269321,-0.48785754952440863,-1.1946033392816617,-0.8571431625815222,-1.205705915654232,-1.4478663936945628,-1.1072447354477575,-1.1692955488322991,-1.4182901836561008,-0.7487705096592696,0.08199341709691355,-1.9701695710921387,-1.8303525246286174,-1.2520653426745256,-1.3180443914579616,-1.4985534061728676,-0.30903307369066957,-0.874492771670708,-1.506613304669161,-0.2992588987232201,-1.2205933028852392,-0.5909808358003698,-1.8060757644365772,-1.894607874533216,-1.5122017114589656,-1.277365654485804,-1.0689683742774414,-1.226004648851196,-1.1850375496225791,-1.5328191702861116,-2.090616551086512,-1.1374878994122506,-1.9027606252264981,-0.45542626936641717,-0.9107013429796049,-1.2738427376190522,-2.0446134752791987,-0.8638588008143271,-0.8040522224747088,-1.2784386117325623,-1.298753134405099,-0.9454062035675443,-1.186340328366347,-1.7329212576971769,-1.1612032912742434,-1.1437241101658027,-1.392577788826066,-1.4898923029702482,-1.0551686901036579,-0.6670259927531557,-1.70353494034496,-1.0954929458857356,-0.9290018229139932,-0.5284409790642777,-1.7623836786891984,-1.3052953214011473
-0.24098588394676076,3.63182238336442,-0.8824322442253798,-1.076373695501503,-0.5031883334578889,-1.021901378798383,-1.944462311969401,-0.9269108977907017,-0.9184594951832581,-1.3585066425642056,-1.3508590352103769,-1.243998978723373,-0.3230218061283223,-1.184514818492778,-1.6053224993029138,-0.828481158883454,-0.6358660384202607,-0.9537938289636099,-0.9236584914494907,-0.852971975471708,-1.4636182504961637,-0.8187298196986177,-1.2444487412837195,-1.554253482537547,-2.3195604460031367,-0.6703833492661604,-1.6310833854591709,-1.4411177818510124,-0.9421308574425651,-0.930425278241301,-1.072806887227454,-1.0472200927528332,-0.9603944567206877,-1.343656299912982,-2.1922515876246775,-3.1944715540617254,-0.6148776879471163,-1.6276791898169825,-0.8127442143828157,-2.0712106697091377,-0.9442789091171269,-0.9317095186039166,-1.2860879725315737,-1.594676516182732,-0.8226021144136313,-0.8321374150437058,-1.0421960770098844,-0.4369174233452241,-1.1322308914926076,-0.8099875151334838,-1.1451463719468318,-1.4020115736142502,-1.0591375889056205,-1.1125878637272062,-1.3568195314401126,-0.7006782900902122,0.12555164817692266,-1.9218746780191287,-1.775009538025576,-1.2118668660353853,-1.2765400063559442,-1.4459649628736018,-0.2583022785082308,-0.8120479523984037,-1.4538163828322528,-0.25899676050754455,-1.1658244287059296,-0.5442553453819853,-1.7444108781036438,-1.8454695045850678,-1.4620422956776074,-1.2211830324593915,-1.0289099998219045,-1.179397674414113,-1.1280573117427486,-1.4843308185148556,-2.043766906138101,-1.0843354559204452,-1.8463086939087912,-0.4069864783447774,-0.8713156981229329,-1.2186734434429454,-1.993624009517142,-0.8173689408023521,-0.7625502401778864,-1.2294190075037155,-1.2499414711878882,-0.8904350300193069,-1.1432601902755333,-1.6651943794478015,-1.1025919609186356,-1.0872439865339365,-1.347398085588333,-1.4507575499437149,-1.014910664824205,-0.6256248836674438,-1.6606394114452852,-1.0419377087020112,-0.8805651320321564,-0.4915256600053677,-1.7101573970495048,-1.2534850541260778
-0.2366236570689361,-9.24111243103602,-0.8304486690085515,-1.038277863025962,-0.4452877575637538,-0.9596354018522417,-1.890160045518791,-0.8803644473996928,-0.8694258753727481,-1.3124335445447273,-1.305241277636429,-1.1894156584077114,-0.28422086995153995,-1.129732607686503,-1.5517030137853336,-0.7672261457744886,-0.5897934801908468,-0.8955500099214149,-0.8734221453127642,-0.8068122766457113,-1.4192658563276674,-0.7655175450247393,-1.1919488432815226,-1.498072396876209,-2.2687505080590293,-0.6219365372951202,-1.5812527183292744,-1.3890530599742115,-0.9077466529927238,-0.8732435756041722,-1.0185493842853113,-0.9893913070528216,-0.9146945293724034,-1.291158007596919,-2.1380567446004983,-3.1258876026145455,-0.5714171501952906,-1.5755465017312618,-0.7564007510922411,-2.0265259809848386,-0.898454370119803,-0.882553376347176,-1.2340536930789903,-1.550534232739932,-0.7769108390074508,-0.7822863027124585,-0.9934315719928304,-0.3859772971660459,-1.0698584437035534,-0.7628318676854704,-1.0845868282394442,-1.3561567535339563,-1.0110304423634646,-1.055880178622119,-1.2953488792241241,-0.6525860705211486,0.1691159202667356,-1.8735797849461184,-1.7196665514225031,-1.17166838939627,-1.2350356212539517,-1.3933765195743424,-0.2075714833257733,-0.7496031331261057,-1.4010194609953384,-0.21873462229186275,-1.1110555545265952,-0.49752985496359464,-1.6827459917707606,-1.7963311346369257,-1.4118828798962428,-1.1650004104329792,-0.9888516253664049,-1.1327906999770303,-1.0710770738629245,-1.4358424667436118,-1.9969172611896464,-1.0311830124285961,-1.789856762591128,-0.35854668732313766,-0.8319300532662546,-1.1635041492668388,-1.9426345437550792,-0.7708790807903461,-0.7210482578810578,-1.1803994032748877,-1.201129807970665,-0.8354638564710506,-1.1001800521847138,-1.5974675011984325,-1.0439806305630281,-1.0307638629020703,-1.302218382350606,-1.4116227969171438,-0.9746526395447337,-0.5842237745817632,-1.6177438825455916,-0.9883824715182989,-0.8321284411502946,-0.4546103409464702,-1.657931115409805,-1.2016747868509956
-0.23226143019111142,4.4566034679969,-0.7784650937917733,-1.0001820305504143,-0.387387181669575,-0.8973694249061067,-1.8358577790681687,-0.8338179970086779,-0.8203922555622755,-1.2663604465252676,-1.2596235200624752,-1.1348323380920686,-0.2454199337747638,-1.0749503968802716,-1.4980835282677658,-0.7059711326655045,-0.5437209219614765,-0.8373061908792135,-0.8231857991760437,-0.7606525778197147,-1.3749134621591774,-0.7123052703508798,-1.1394489452792944,-1.4418913112148963,-2.217940570114896,-0.5734897253241049,-1.5314220511993715,-1.3369883380973855,-0.8733624485429013,-0.8160618729670372,-0.9642918813431749,-0.9315625213528349,-0.8689946020240877,-1.2386597152808934,-2.0838619015763125,-3.057303651167353,-0.5279566124434898,-1.5234138136455662,-0.7000572878016728,-1.9818412922605337,-0.8526298311224791,-0.8333972340904541,-1.1820194136264066,-1.5063919492971571,-0.7312195636012205,-0.7324351903812423,-0.9446670669757639,-0.33503717098685515,-1.007485995914493,-0.7156762202374444,-1.0240272845320566,-1.310301933453656,-0.9629232958213401,-0.9991724935170385,-1.2338782270081483,-0.6044938509520786,0.21269615685390575,-1.8252848918731268,-1.6643235648194554,-1.1314699127571424,-1.1935312361519657,-1.340788076275058,-0.1568406881433158,-0.6871583138538139,-1.3482225391584364,-0.17847248407617472,-1.0562866803472604,-0.45080436454521644,-1.6210811054378396,-1.747192764688765,-1.3617234641148723,-1.1088177884065542,-0.948793250910868,-1.0861837255399414,-1.0140968359830502,-1.3873541149723558,-1.950067616241223,-0.9780305689367658,-1.7334048312734396,-0.3101068963015228,-0.7925444084095576,-1.1083348550907322,-1.8916450779930039,-0.7243892207783587,-0.6795462755842229,-1.1313797990460657,-1.152318144753479,-0.7804926829228007,-1.0570999140939252,-1.5297406229490198,-0.9853693002074329,-0.9742837392702228,-1.2570386791128292,-1.372488043890598,-0.9343946142652559,-0.5428226654960764,-1.5748483536458981,-0.9348272343345682,-0.7836917502684453,-0.4176950218875415,-1.60570483377013,-1.1498645195759134
-0.22789920331328675,5.14105932010032,-0.7264815185749326,-0.9620861980748483,-0.3294866057754273,-0.835103447959953,-1.7815555126175526,-0.7872715466176691,-0.7713586357517904,-1.220287348505777,-1.21400576248849,-1.0802490177764006,-0.20661899759798763,-1.0201681860740215,-1.4444640427502233,-0.6447161195565204,-0.49764836373205007,-0.7790623718370185,-0.7729494530393108,-0.7144928789937118,-1.330561067990656,-0.6590929956770138,-1.0869490472770786,-1.3857102255535585,-2.1671306321707826,-0.5250429133530647,-1.4815913840694874,-1.2849236162205657,-0.8389782440930601,-0.7588801703299273,-0.910034378401051,-0.8737337356528483,-0.823294674675791,-1.186161422964818,-2.0296670585521768,-2.988719699720191,-0.48449607469166406,-1.4712811255598455,-0.6437138245111231,-1.9371566035362413,-0.8068052921251491,-0.7842410918337384,-1.1299851341738418,-1.4622496658543573,-0.6855282881950151,-0.6825840780499761,-0.8959025619587161,-0.28409704480768316,-0.9451135481254204,-0.6685205727894497,-0.9634677408246566,-1.2644471133733683,-0.9148161492792031,-0.9424648084119579,-1.1724075747921536,-0.5564016313830275,0.2562763934410571,-1.7769899988001165,-1.608980578216414,-1.091271436118002,-1.1520268510499734,-1.2881996329757923,-0.1061098929608646,-0.6247134945815158,-1.2954256173215346,-0.13821034586051795,-1.0015178061679508,-0.4040788741268258,-1.5594162191049437,-1.698054394740623,-1.3115640483335076,-1.0526351663801417,-0.908734876455356,-1.039576751102871,-0.957116598103201,-1.338865763201106,-1.9032179712927872,-0.9248781254449542,-1.676952899955745,-0.2616671052798768,-0.7531587635528856,-1.0531655609146378,-1.8406556122309596,-0.6778993607663775,-0.638044293287388,-1.0823601948172252,-1.1035064815362556,-0.7255215093745445,-1.0140197760031118,-1.4620137446996384,-0.9267579698518127,-0.917803615638363,-1.2118589758751024,-1.3333532908640455,-0.894136588985772,-0.5014215564103646,-1.5319367205009689,-0.8812719971508436,-0.7352550593866022,-0.3807797028286378,-1.5534785521304428,-1.0980542523008436
-0.22353697643546208,5.61452117991458,-0.6744979433581356,-0.9239903655993071,-0.27158602988127345,-0.7728374710138242,-1.7272532461669303,-0.7407250962266541,-0.722325015941299,-1.1742142504862862,-1.168388004914561,-1.0256656974607392,-0.16781806142123018,-0.9653859752677652,-1.3908445572326618,-0.5834611064475426,-0.45157580550267357,-0.720818552794811,-0.7227131069025843,-0.6683331801677339,-1.2862086738221845,-0.6058807210031479,-1.0344491492748566,-1.3295291398922269,-2.1163206942266557,-0.4765961013820495,-1.4317607169395847,-1.2328588943437397,-0.8045940396432438,-0.7016984676927737,-0.8557768754589143,-0.8159049499528617,-0.7775947473275003,-1.1336631306487612,-1.9754722155279787,-2.920135748273011,-0.44103553693985703,-1.4191484374741126,-0.587370361220536,-1.8924719148119238,-0.7609807531278376,-0.7350849495770353,-1.077950854721252,-1.4181073824115826,-0.6398370127888284,-0.632732965718785,-0.847138056941662,-0.23315691862848614,-0.8827411003363725,-0.6213649253413988,-0.9029081971172752,-1.2185922932930557,-0.8667090027370596,-0.8857571233068647,-1.1109369225761778,-0.5083094118139702,0.2998566300282147,-1.7286951057271376,-1.5536375916133476,-1.051072959478862,-1.110522465947981,-1.2356111896765265,-0.055379097778394615,-0.5622686753091803,-1.2426286954846264,-0.09794820764481743,-0.9467489319886162,-0.3573533837084539,-1.497751332772029,-1.6489160247924872,-1.2614046325521433,-0.9964525443537106,-0.8686765019998316,-0.9929697766657946,-0.9001363602233456,-1.290365612483915,-1.8563683263443451,-0.8717256819531238,-1.6205009686380505,-0.21322731425826824,-0.7137731186961949,-0.9979962667385249,-1.789666146468903,-0.6314095007543775,-0.5965423109905719,-1.0333405905884034,-1.0546948183190634,-0.6705503358262883,-0.9709396379122858,-1.3942868664502632,-0.8681466394961987,-0.8613234920065218,-1.1666792726373818,-1.2942185378374997,-0.8538785637063131,-0.4600204473246776,-1.4890185451196705,-0.8277167599671316,-0.6868183685047342,-0.3438643837697216,-1.5012522704907556,-1.0462439850257677
-0.21917474955763747,-9.47023376449612,-0.6216071040838959,-0.8858945331237472,-0.21368545398711336,-0.7105714940676829,-1.6729509797163142,-0.6941786458356516,-0.6732913961308202,-1.1281411524668268,-1.1227702473406072,-0.9710823771450963,-0.12901712524445402,-0.9043663709200329,-1.3372250717151126,-0.522206093338546,-0.4048624881799728,-0.662574733752616,-0.6724767607658452,-0.6172900390941727,-1.2418562796536632,-0.5526684463292884,-0.9819492512726409,-1.2733480542309015,-2.065510756282536,-0.42814928941102803,-1.3819300498096694,-1.1807941724669264,-0.7702098351933777,-0.6445167650556575,-0.8015193725167655,-0.7580761642528563,-0.7318948199792222,-1.0786589651850909,-1.920715363765182,-2.849280857513463,-0.3975749991880625,-1.3670157493883983,-0.5310268979299426,-1.8477872260876187,-0.7151562141305139,-0.6859288073203258,-1.025916575268687,-1.3739650989687764,-0.594145737382623,-0.5828818533875126,-0.7983735519246142,-0.18221679244930788,-0.8203686525473247,-0.574209277893379,-0.8363786191053273,-1.1727374732127556,-0.816323964991055,-0.8270248995031125,-1.0494662703601894,-0.460217192244894,0.34343686661538475,-1.6804002126541273,-1.498294605010281,-1.009791410607075,-1.0690180808459764,-1.183022746377261,-0.004648302595974596,-0.49982385603688234,-1.1898317736477244,-0.0576860694291606,-0.8919800578092942,-0.3106278932900882,-1.436086446439127,-1.5986716794079385,-1.211245216770785,-0.9361648665340556,-0.828618127544301,-0.9419804210022384,-0.8414283410141215,-1.2418540955612531,-1.8095186813959154,-0.818573238461281,-1.5640490373203684,-0.16478752323662843,-0.6743874738395229,-0.9428269725624119,-1.7386766807068463,-0.5849196407424027,-0.5550403286937495,-0.984320986359569,-1.002653934406431,-0.6155791622780445,-0.9278594998214785,-1.3265599882008754,-0.809535309140591,-0.7989070087084376,-1.121491533007424,-1.2550837848109535,-0.813320875834112,-0.41861933823897207,-1.4454066101807546,-0.7741615227834194,-0.6383816776228848,-0.3069490647108366,-1.4490259888510495,-0.9939781680652902
-0.2148125226798128,4.67111955577067,-0.5517672088531285,-0.837083618512845,-0.14376465290544732,-0.6389174230056603,-1.602560182432527,-0.6343578177252934,-0.6107160209575787,-1.06972913072353,-1.0719747400978403,-0.9052936741598567,-0.08651540355969328,-0.8314272897021724,-1.2727162324334715,-0.4523730072312532,-0.3409491222250011,-0.5950745508145233,-0.6085957377344979,-0.553048126433453,-1.1878061366720685,-0.48804565719080395,-0.9199807079178646,-1.203359028081552,-1.9980777191528463,-0.3720022086602436,-1.317876702003543,-1.1121837378295747,-0.7238518824863363,-0.5759785588540438,-0.7396838987672,-0.6839746079287389,-0.6780648601846521,-1.0082123034305428,-1.8486843060598177,-2.7627619584056005,-0.339405970228218,-1.3081261683384215,-0.45901640919653725,-1.7932573209028977,-0.6568109835778042,-0.6261807146413382,-0.9617002186835315,-1.3202014217862252,-0.5392234632354808,-0.517201359805246,-0.7368459113069815,-0.11371524623043211,-0.7458874153122016,-0.5174283447509482,-0.7576768597174223,-1.1183229359400761,-0.7502814731085025,-0.7523963824552784,-0.9743989661778678,-0.3984006153515428,0.40025561874870264,-1.619072278768225,-1.4346893542963473,-0.95172640719425,-1.016981660187796,-1.1148003786003033,0.049966158811558414,-0.4250958496240412,-1.1265355944754245,-0.004439492402328882,-0.8325290001280792,-0.25794509890253925,-1.3615723902154446,-1.531665454551139,-1.1479678837769587,-0.8619434576642309,-0.7758946484548505,-0.8773191443636308,-0.7665443248711907,-1.1892383581349222,-1.7478480680579733,-0.7603290741631449,-1.5047308782631104,-0.09965297502821241,-0.6243849006660025,-0.8757294511486292,-1.6714258817044167,-0.5283660415537296,-0.5022725707879947,-0.9189216095560657,-0.9358528015993848,-0.543546308389057,-0.8815642015953836,-1.2486368700497035,-0.7459454609166871,-0.7242865182241613,-1.0672080265676633,-1.2001654873426721,-0.7552419676563673,-0.3678359797478077,-1.3846445382545776,-0.7088930773345878,-0.575845395775587,-0.25380337437233136,-1.391120333362982,-0.9243379019888167
-0.21045029580198812,4.64710540268215,-0.48192731362236096,-0.7815932990606395,-0.06839186214698223,-0.5593372050289668,-1.5305506117923586,-0.5702655430796557,-0.5441210176932303,-1.0061650135191291,-1.0093059876462094,-0.8332865299541681,-0.03075913808558617,-0.7584882084843432,-1.2016918133999202,-0.37385335850937174,-0.2770357562700482,-0.519524525353257,-0.5407920313221608,-0.4888062137727396,-1.1261206639510655,-0.4173973338426127,-0.8501616620003615,-1.1296011152066616,-1.9295303584434729,-0.30634506405124495,-1.2504452357466795,-1.0423859425853448,-0.671998211176055,-0.5013640235116649,-0.6682236746827553,-0.6084281180688551,-0.6151279421959127,-0.9377656416759697,-1.7766532483544595,-2.6762430592977875,-0.2783166929744018,-1.2388421561167309,-0.38498951281341753,-1.7312306067365102,-0.5934847308911896,-0.5596374791661,-0.8921841660237905,-1.2587306983777315,-0.47622752994622963,-0.4496576068004878,-0.670565462334468,-0.044985245102478644,-0.6660375202185159,-0.45294402079909934,-0.6789751003295108,-1.055204609915989,-0.6842389812259625,-0.6777678654074257,-0.8953637417188482,-0.3327364130397984,0.461379589162077,-1.5532456453399586,-1.3621012026012342,-0.8936614037814126,-0.9580937834388188,-1.0445303814318012,0.1176642273365639,-0.34516329490632003,-1.0563571524021773,0.05335154524178054,-0.7607410288421164,-0.19411883837569527,-1.282386519493763,-1.464659229694302,-1.0802717700891145,-0.7877220487943811,-0.7183260792836282,-0.8126578677249982,-0.6916603087282911,-1.1237452007794149,-1.6833632359822035,-0.6901311587949565,-1.4313784847587927,-0.03347173701554795,-0.5676106618736871,-0.803093383008811,-1.6027193567994793,-0.46452092676929924,-0.44334316249762035,-0.8521782705807506,-0.8690516687923575,-0.4708131301230328,-0.8215605884756163,-1.1635467319473252,-0.670295935411659,-0.6496660277398726,-1.0047091933072367,-1.1433406915158186,-0.6971630594785854,-0.3091209858518019,-1.323882466328444,-0.6378838050516056,-0.5098150088364592,-0.19917274268438734,-1.3218109718784126,-0.854697635912343
-0.20608806892416345,7.96427272572193,-0.4120874183916247,-0.726102979608434,0.006980928611464043,-0.47975698705226066,-1.4585410411521966,-0.5061732684340368,-0.47752601442886944,-0.9426008963146784,-0.9466372351945538,-0.7612793857484982,0.02499712738849591,-0.6855491272665013,-1.1306673943663812,-0.29533370978752155,-0.2131223903150828,-0.44397449989194687,-0.47298832490979875,-0.42456430111203863,-1.0644351912300625,-0.34674901049442763,-0.7803426160829084,-1.0558432023317588,-1.8609829977340933,-0.2406879194422588,-1.1830137694898224,-0.9725881473411272,-0.6201445398657613,-0.42674948816927977,-0.596763450598317,-0.5328816282089901,-0.5521910242071796,-0.8673189799214092,-1.7046221906490826,-2.5897241601899434,-0.21722741572056065,-1.1695581438950216,-0.3109626164302791,-1.669203892570104,-0.5301584782046249,-0.4930942436908617,-0.8226681133640307,-1.1972599749692319,-0.4132315966569785,-0.3821138537957234,-0.6042850133619545,0.023744756025499858,-0.5861876251248364,-0.38845969684728165,-0.600273340941612,-0.9920862838918834,-0.6181964893434224,-0.6031393483595854,-0.8163285172598224,-0.26707221072804144,0.522503559575445,-1.4874190119116983,-1.2895130509061399,-0.8355964003685689,-0.8992059066898417,-0.9742603842633055,0.18536229586156938,-0.2652307401886239,-0.9861787103289176,0.11114258288584622,-0.6889530575561471,-0.13029257784882625,-1.2032006487720688,-1.3976530048375215,-1.012575656401295,-0.7135006399245376,-0.660757510112406,-0.7479965910863655,-0.6167762925853916,-1.0582520434239138,-1.6188784039064334,-0.6199332434267805,-1.3580260912544748,0.03270950099712899,-0.5108364230814155,-0.7304573148689804,-1.5340128318945605,-0.4006758119848627,-0.38441375420725843,-0.785434931605429,-0.8022505359853362,-0.39807995185700845,-0.7615569753558552,-1.0784565938449342,-0.5946464099066371,-0.5750455372555714,-0.9422103600468099,-1.0865158956889778,-0.6390841513008221,-0.25040599195580865,-1.263120394402286,-0.5668745327685921,-0.4437846218973441,-0.1445421109964371,-1.2525016103938613,-0.7850573698358195
-0.20172584204633878,-8.21803452426818,-0.34224752316085727,-0.6706126601562159,0.08235371936992919,-0.4001767690755546,-1.3865314705120346,-0.4420809937884115,-0.41093101116452724,-0.8790367791102527,-0.883968482742898,-0.6892722415427908,0.08075339286259686,-0.6126100460486783,-1.0596429753328171,-0.21681406106564632,-0.14920902436011735,-0.368424474430668,-0.4051846184974616,-0.3603223884513002,-1.0027497185090657,-0.2761006871462551,-0.7105235701654304,-0.9820852894568747,-1.7924356370247199,-0.1750307748332352,-1.1155823032329653,-0.902790352096891,-0.56829086855548,-0.35213495282691337,-0.5253032265138725,-0.4573351383490876,-0.48925410621844023,-0.7968723181668484,-1.6325911329437433,-2.5032052610820994,-0.15613813846676317,-1.1002741316733244,-0.23693572004713448,-1.6071771784037165,-0.4668322255180103,-0.4265510082156422,-0.7531520607042833,-1.1357892515607384,-0.3502356633677461,-0.31457010079094655,-0.538004564389416,0.09247475715346587,-0.5063377300311195,-0.32397537289546396,-0.5215715815537193,-0.9289679578677527,-0.5521539974608762,-0.5285108313117388,-0.7372932928007903,-0.2014080084162908,0.5836275299888194,-1.421592378483438,-1.2169248992110333,-0.7775313969557314,-0.8403180299408585,-0.9039903870948098,0.2530603643865562,-0.18529818547090277,-0.916000268255664,0.16893362052996197,-0.6171650862701843,-0.06646631732198849,-1.1240147780503933,-1.330646779980691,-0.9448795427134569,-0.6392792310546879,-0.603188940941165,-0.6833353144477391,-0.5418922764424609,-0.9927588860684002,-1.554393571830676,-0.5497353280585483,-1.284673697750151,0.09889073900981216,-0.45406218428911893,-0.6578212467291558,-1.4653063069896355,-0.33683069720042613,-0.32548434591690906,-0.7186915926301076,-0.7354494031783027,-0.3253467735909904,-0.7015533622360879,-0.9933664557425682,-0.5189968844016153,-0.5004250467712951,-0.8797115267863895,-1.0296910998621307,-0.5810052431230464,-0.19169099805981543,-1.202358322476109,-0.4958652604856037,-0.37775423495821014,-0.08991147930851812,-1.1831922489093043,-0.7154171037593772
-0.1973636151685141,5.79140763685464,-0.27240762793009604,-0.6151223407040166,0.157726510128388,-0.320596551098836,-1.314521899871854,-0.37798871914279875,-0.3443360079001726,-0.8154726619058456,-0.8212997302912548,-0.617265097337096,0.13650965833668516,-0.5396709648308365,-0.988618556299272,-0.13829441234379614,-0.08529565840517067,-0.29287444896935794,-0.33738091208513077,-0.29608047579059926,-0.941064245788069,-0.2054523637980763,-0.6407045242479587,-0.9083273765819779,-1.7238882763153527,-0.10937363022424285,-1.0481508369760957,-0.832992556852661,-0.5164371972451989,-0.2775204174845345,-0.45384300242941544,-0.3817886484892226,-0.4263171882296884,-0.7264256564122754,-1.5605600752383602,-2.4166863619742496,-0.09504886121292194,-1.0309901194516402,-0.16290882366400855,-1.545150464237298,-0.40350597283143314,-0.36000777274043516,-0.6836360080445423,-1.074318528152226,-0.28723973007851367,-0.24702634778619464,-0.47172411541689624,0.16120475828144432,-0.42648783493745246,-0.2594910489436712,-0.44286982216580173,-0.865849631843647,-0.4861115055783362,-0.4538823142638798,-0.6582580683417768,-0.13574380610454012,0.6447515004021873,-1.3557657450551717,-1.1443367475159265,-0.7194663935429126,-0.7814301531918627,-0.8337203899263079,0.32075843291158046,-0.1053656307532066,-0.8458218261824357,0.22672465817405263,-0.5453771149842401,-0.0026400567951569975,-1.044828907328693,-1.2636405551238727,-0.8771834290256,-0.5650578221848694,-0.5456203717699428,-0.6186740378091128,-0.4670082602995488,-0.9272657287129117,-1.4899087397548936,-0.47953741269037864,-1.211321304245827,0.16507197702246412,-0.39728794549680985,-0.5851851785893188,-1.396599782084723,-0.2729855824159833,-0.26655493762652843,-0.6519482536547861,-0.668648270371269,-0.25261359532494737,-0.6415497491163269,-0.908276317640196,-0.44334735889658716,-0.4258045562870188,-0.8172126935259442,-0.9728663040352834,-0.5229263349452831,-0.1329760041638159,-1.1415962505499446,-0.424855988202609,-0.31172384801908243,-0.035280847620574096,-1.1138828874247722,-0.6457768376828661
-0.19300138829068944,-9.37255924022963,-0.20256773269934109,-0.5596320212517798,0.2330993008868406,-0.24101633312215492,-1.2425123292316669,-0.31389644449716725,-0.2777410046358242,-0.7519085447014323,-0.7586309778395929,-0.5452579531314136,0.19226592381077356,-0.46673188361301354,-0.917594137265708,-0.059774763621939675,-0.021382292450186524,-0.21732442350806036,-0.26957720567279364,-0.2318385631298921,-0.8793787730670848,-0.13480404044986627,-0.5708854783304931,-0.8345694637070689,-1.6553409156059606,-0.04371648561523794,-0.9807193707192445,-0.7631947616084435,-0.46458352593491764,-0.20290588214216182,-0.38238277834498957,-0.30624215862935755,-0.36338027024093655,-0.6559789946577024,-1.4885290175329708,-2.3301674628664055,-0.033959583959093265,-0.9617061072299431,-0.08888192728087013,-1.4831237500709167,-0.340179720144831,-0.2934645372651844,-0.6141199553847949,-1.0128478047437326,-0.22424379678926876,-0.17948259478142403,-0.40544366644438273,0.229934759409404,-0.34663793984374797,-0.19500672499182226,-0.36416806277791536,-0.8027313058195288,-0.4200690136957774,-0.37925379721607066,-0.5792228438827509,-0.07007960379278944,0.7058754708155617,-1.2899391116269237,-1.0717485958208322,-0.6614013901300877,-0.7225422764428794,-0.7634503927578185,0.3884565014365672,-0.025433076035473012,-0.7756433841091885,0.2845156958181434,-0.47358914369826477,0.06118620373169947,-0.9656430366070174,-1.1966343302670732,-0.8094873153377681,-0.49083641331500716,-0.4880518025987144,-0.5540127611704738,-0.3921242441566243,-0.8617725713574294,-1.4254239076791362,-0.4093394973221777,-1.1379689107414843,0.2312532150351474,-0.3405137067045383,-0.5125491104494881,-1.3278932571797606,-0.20914046763157174,-0.20762552933617906,-0.585204914679471,-0.6018471375642354,-0.17988041705892927,-0.5815461359965532,-0.8231861795378113,-0.3676978333915778,-0.35118406580274253,-0.7547138602655175,-0.9160415082084362,-0.4648474267675011,-0.0742610102678164,-1.0808341786238111,-0.35384671591960803,-0.2456934610799797,0.019349784067376197,-1.044573525940215,-0.5761365716063862
-0.18863916141286477,5.24510796316127,-0.1327278374685799,-0.5041417017995867,0.308472091645312,-0.16143611514544887,-1.1705027585914984,-0.24980416985156073,-0.21114600137147577,-0.6883444274970065,-0.6959622253879559,-0.4732508089257125,0.24802218928485564,-0.39379280239518427,-0.8465697182321565,0.01874488509992933,0.04253107350474772,-0.141774398046769,-0.2017734992604503,-0.16759665046917244,-0.8176933003460694,-0.06415571710169371,-0.5010664324130087,-0.7608115508321972,-1.5867935548965997,0.021940658993773177,-0.91328790446235,-0.6933969663642134,-0.4127298546246426,-0.12829134679977666,-0.3109225542605325,-0.2306956687694926,-0.30044335225219093,-0.585532332903148,-1.4164979598276126,-2.243648563758562,0.02712969329472914,-0.89242209500824,-0.014855030897731769,-1.4210970359045167,-0.2768534674582538,-0.2269213017899524,-0.5446039027250289,-0.9513770813352327,-0.16124786350000514,-0.1119388417766472,-0.33916321747185046,0.29866476053735136,-0.26678804475006224,-0.13052240104001078,-0.285466303390004,-0.7396129797954044,-0.3540265218132125,-0.30462528016820545,-0.5001876194237314,-0.004415401481045023,0.7669994412289236,-1.2241124781986636,-0.9991604441257254,-0.6033363867172503,-0.6636543996938962,-0.693180395589329,0.456154569961554,0.05449947868224192,-0.7054649420359289,0.34230673346223406,-0.4018011724123144,0.12501246425855594,-0.8864571658853356,-1.1296281054102426,-0.7417912016499424,-0.4166150044451637,-0.43048323342750466,-0.48935148453185995,-0.3172402280137122,-0.7962794140019158,-1.3609390756033788,-0.33914158195398303,-1.0646165172371729,0.297434453047818,-0.28373946791225413,-0.43991304230968864,-1.2591867322748604,-0.14529535284711642,-0.1486961210458359,-0.5184615757041495,-0.535046004757208,-0.10714723879288623,-0.5215425228767797,-0.7380960414354266,-0.2920483078865372,-0.27656357531844133,-0.6922150270050971,-0.8592167123815828,-0.4067685185897503,-0.015546016371835614,-1.0200721066976342,-0.28283744363659463,-0.17966307414085203,0.07398375562275827,-0.9752641644556701,-0.5064963055299064
-0.1842769345350401,6.94898013651949,-0.06288794223781868,-0.4486513823473999,0.38384658441702246,-0.08185589716874281,-1.098493187951324,-0.18571189520592923,-0.14455099810711486,-0.624780310292587,-0.633293472936319,-0.4012436647200239,0.30377845475893783,-0.32085372117733,-0.7755452991986301,0.09726453382179201,0.10644443945971938,-0.06622437258547764,-0.13396979284811317,-0.1033547378084465,-0.756007827625085,0.0064926062464850665,-0.43124738649554323,-0.6870536379572818,-1.5182461941872325,0.08759780360275937,-0.8458564382054927,-0.6235991711199772,-0.36087618331434895,-0.05367681145741027,-0.2394623301760942,-0.15514917890959634,-0.2375064342634453,-0.5150856711485812,-1.3444669021222482,-2.157129664650724,0.08821897054857031,-0.8231380827865493,0.05917186548540043,-1.3590703217381042,-0.21352721477163922,-0.16037806631472662,-0.47508785006528775,-0.8899063579267392,-0.09825193021076029,-0.044395088771901514,-0.27288276849933696,0.3673947616653236,-0.18693814965638278,-0.06603807708819931,-0.20676454400211136,-0.6764946537713049,-0.28798402993067246,-0.2299967631203776,-0.4211523949647054,0.06124880083070572,0.8281234116423104,-1.1582858447704032,-0.9265722924306248,-0.5452713833044066,-0.6047665229449191,-0.6229103984208146,0.523852638486572,0.1344320333999568,-0.6352864999627004,0.40009777110632483,-0.330013201126364,0.18883872478538755,-0.8072712951636477,-1.0626218805534307,-0.674095087962098,-0.34239359557531396,-0.37291466425626996,-0.4246902078932211,-0.24235621187079398,-0.7307862566464209,-1.296454243527609,-0.2689436665857759,-0.991264123732849,0.36361569106048874,-0.2269652291199451,-0.3672769741698392,-1.1904802073699354,-0.08145023806269236,-0.08976671275546777,-0.4517182367288343,-0.4682448719501805,-0.03441406052684942,-0.46153890975703116,-0.6530059033330482,-0.21639878238150906,-0.20194308483416507,-0.6297161937446578,-0.8023919165547293,-0.34868961041197455,0.043168977524151386,-0.9593100347714885,-0.21182817135358745,-0.11363268720173053,0.12864196002161388,-0.9059548029711193,-0.4368560394534016
-0.17991470765721543,-6.84907377717199,0.006951952992936272,-0.3931610628951756,0.45924762771262073,-0.002275679192049185,-1.0264836173111744,-0.12161962056032899,-0.07795599484276022,-0.5612161930881675,-0.5706247204846633,-0.3292365205143415,0.3595347202330387,-0.24791463995951324,-0.7045208801650724,0.17578418254361727,0.1703578054146785,0.009325652875813772,-0.06614949125121655,-0.03911282514773934,-0.6943223549040634,0.07714092959467633,-0.36142834057807144,-0.613295725082379,-1.4496988334778467,0.15325494821176422,-0.7784249719486418,-0.5537776031733129,-0.3090225120040677,0.020937723884968618,-0.16800210609163713,-0.07960268904972512,-0.17456951627469974,-0.44463900939402684,-1.2724358444168902,-2.0706107655428925,0.1493082478023866,-0.7538540705648649,0.13319876186853263,-1.2970436075717107,-0.1502009620850433,-0.09383483083949462,-0.40557179740551547,-0.8284356345182519,-0.03525599692152159,0.023148664232875316,-0.2066023195267922,0.4361247627932958,-0.10708825456267207,-0.0015537531363690738,-0.1280627846142,-0.6133763277471868,-0.22194153804813244,-0.15536824607253108,-0.342117170505692,0.12691300314246257,0.8892473820556783,-1.092459211342118,-0.8539841407355306,-0.48720637989157545,-0.5458786461959358,-0.5526404012523314,0.5915507070115775,0.21436458811767167,-0.565108057889447,0.45788880875043425,-0.2582252298404011,0.25266498531222525,-0.7280854244419722,-0.9956156556966187,-0.6063989742742725,-0.2681721867054705,-0.3153460950850415,-0.36002893125462593,-0.1674721957278944,-0.6652930992909198,-1.2319694114518391,-0.1987457512175937,-0.9179117302285188,0.4297969290731719,-0.17019099032763602,-0.29464090603002724,-1.121773682464998,-0.017605123278243262,-0.030837304465112125,-0.38497489775351285,-0.4014437391431656,0.03831911773918739,-0.40153529663728255,-0.5679157652306386,-0.1407492568765059,-0.12732259434988252,-0.5672173604842374,-0.7455671207278947,-0.2906107022341988,0.10188397142019456,-0.8985479628453116,-0.14081889907061151,-0.04760230026261536,0.18330016442049435,-0.8366454414865807,-0.3672157733769218
-0.17555248077939078,-8.07445609838299,0.07679184822369745,-0.33767074344298253,0.5346486710082377,0.0773045387846506,-0.9544740466709937,-0.05752734591469749,-0.011360991578418078,-0.4976520758837417,-0.50795596803302,-0.2572293763086342,0.4152909857071083,-0.17497555874169024,-0.6334964611315148,0.2543038312654987,0.2342711713696377,0.08487567833712384,0.0016827860198941336,0.025129087512986592,-0.6326368821830729,0.14778925294284884,-0.29160929466059965,-0.5395378122074885,-1.3811514727684857,0.21891209282076285,-0.7109935056917784,-0.48395140809305554,-0.25716884069380525,0.09555225922735378,-0.09654188200718633,-0.0040561991898663274,-0.11163259828596661,-0.37419234763945375,-1.200404786711526,-1.984091866435061,0.210397525056209,-0.6845700583431367,0.20722690519767328,-1.2350168934053043,-0.08687470939842867,-0.027291595364262622,-0.3360557447457744,-0.7669649111097334,0.02773993636771077,0.09069241723763966,-0.14032187055430367,0.5048547639212742,-0.027238359468992557,0.06293057081545483,-0.04936102522632607,-0.5502580017230874,-0.1558990461655987,-0.08073972902467202,-0.26308194604665364,0.1925772054542133,0.9503713524690589,-1.0266325779138703,-0.7813959890404425,-0.42914137647874423,-0.48699076944694636,-0.4823704040838232,0.6592487755365644,0.29429714283534913,-0.4949296158162123,0.5156798463945187,-0.1864372585544195,0.3164912458390755,-0.6488995537202905,-0.9286094308398192,-0.5387028605864156,-0.19395077783563325,-0.2577775259138255,-0.29536765461599335,-0.09258817958495741,-0.5997999419354125,-1.1674845793760693,-0.12854783584939905,-0.8445593367241886,0.49597816708584896,-0.11341675153537067,-0.222004837890184,-1.0530597150431542,0.04623999150616209,0.02809210382524352,-0.31823155877818515,-0.33464260633613196,0.1110522960052367,-0.3415316835174965,-0.4828256271282851,-0.06509973137145286,-0.052702103865593763,-0.5047185272238045,-0.6887423249010163,-0.23253179405643554,0.16059896531617535,-0.8377858909191596,-0.06980962678758557,0.018428086676506084,0.23795836881936228,-0.7673360800020236,-0.29757550730044824
-0.17119025390156611,6.1937930587799,0.14663174345443997,-0.28218042399077703,0.6100497143038672,0.15689192952725162,-0.8824644760308253,0.006564928730909081,0.05523401168593656,-0.43408795867932215,-0.44528721558138307,-0.1852222321029393,0.4710472511812154,-0.10203647752386719,-0.5624720420979757,0.33282347998738016,0.2981845373245906,0.16042570379840893,0.06951506329101109,0.08937100017368127,-0.5709514094620511,0.21843757629102767,-0.22179024874312786,-0.46577989933259806,-1.312604112059125,0.2845692374297677,-0.6435620394349088,-0.41412521301279814,-0.20531516938349903,0.1701667945697577,-0.02508165792274797,0.07149029067001744,-0.04869568029722099,-0.30374568588487444,-1.1283737290061553,-1.8975729673272173,0.27148680231004396,-0.6152860461214584,0.281283444453856,-1.1729901792389295,-0.023548456711864008,0.03925164011096938,-0.2665396920860208,-0.7054941877012398,0.09073586965695568,0.15823617024237913,-0.07402371650815082,0.5735847650492341,0.0526115356246869,0.12741489476728507,0.02934073416159777,-0.4871396756989691,-0.08985655428305245,-0.006111211976850495,-0.18404424130116215,0.25824140776596394,1.011495322882427,-0.9608059444856039,-0.7088078373453295,-0.3710763730659006,-0.4281028926979818,-0.41210040691534,0.7269468440615574,0.37422969755307023,-0.4247511737429589,0.5734708840386344,-0.11464928726845658,0.38031750636589456,-0.5697136829985963,-0.8616032059829948,-0.4710067468985962,-0.11972936896578351,-0.2002089567425846,-0.23070637797736693,-0.01770416344205783,-0.534306784579924,-1.1029997473002995,-0.058349920481204354,-0.7712069432198896,0.5621594050985259,-0.05664251274308657,-0.149368769750372,-0.9843236984903605,0.11008510629061741,0.08702151211561171,-0.25148821980286995,-0.2678414735290858,0.18378547427124847,-0.28152807039772293,-0.39773548902590666,0.0105497941335565,0.021918386618682506,-0.4422196939633716,-0.6319175290742065,-0.17442456296933728,0.21931395921216856,-0.7770238189930139,0.0011996454953966396,0.08445847361562753,0.2926165732182241,-0.6980267185174664,-0.22793524122395586
-0.16682802702374144,5.46615650527311,0.21647163868520747,-0.2266901045385652,0.6854507575994717,0.236502383755675,-0.8104549053906571,0.0706572033765468,0.12182901495030374,-0.3705238414749089,-0.3826184631297336,-0.11321508789726942,0.5268035166552913,-0.029097396306019208,-0.49144762306443057,0.41134312870921164,0.36209790327955604,0.23597572925970023,0.1373473405621093,0.1536129128343947,-0.5092659367410669,0.28908589963921894,-0.15197120282565607,-0.39202198645772013,-1.2440567513497516,0.3502263820387851,-0.5761305731780328,-0.344299017932547,-0.15346149807323656,0.2447813299121241,0.04637856616170288,0.14703678052989488,0.014241237691524633,-0.23329902413032633,-1.0563426713007908,-1.8110540682193734,0.3325760795638727,-0.5460020338997615,0.35533998371005737,-1.110963465072523,0.039777795974731855,0.10579487558620759,-0.197023639426261,-0.6440234642927525,0.15373180294621935,0.22577992324714968,-0.007713294791492076,0.6423147661772,0.13246143071839145,0.19189921871907156,0.10804249354949036,-0.42402134967486343,-0.023814062400499936,0.06851730507101483,-0.10497866318986243,0.32390561007773333,1.0726192932958012,-0.8949793110573374,-0.6362196856502478,-0.3130113696530943,-0.36921501594897976,-0.3418304097468443,0.7946449125865691,0.4541622522707851,-0.3545727316697117,0.6312619216827,-0.04286131598249998,0.4441437668927636,-0.4905278122769083,-0.7945969811261766,-0.4033106332107518,-0.04550796009594005,-0.1426403875713499,-0.16604510133874056,0.057179852700860456,-0.46881362722441666,-1.0385149152245359,0.011847994886996505,-0.6978545497155532,0.6283406431112091,0.00013172604921007913,-0.07673270161053503,-0.9155876819375796,0.17393022107504763,0.145950920405986,-0.18474488082754853,-0.20104034072204596,0.2565186525372666,-0.2215244572779681,-0.31264535092352197,0.08619931963857219,0.09653887710297127,-0.37972086070293243,-0.5750927332473345,-0.11631594769643011,0.2780289531081619,-0.7162617470668493,0.07220891777839755,0.15048886055473032,0.34727477761709213,-0.628717357032928,-0.15829497514745106
-0.16246580014591677,7.93740397905002,0.2863115339159624,-0.17119978508635342,0.7608518008950886,0.3161128379840795,-0.7384453347504888,0.13474947802215953,0.1884240182146334,-0.3069597242704831,-0.31994971067808414,-0.041207943691574545,0.582559782129386,0.04384168491182261,-0.4204232040308916,0.48986277743108686,0.4260112692345215,0.3115257547209854,0.20517961783322003,0.21785482549511437,-0.44758046402007645,0.359734222987404,-0.08215215690819677,-0.3182640735828173,-1.175509390640372,0.4158835266477712,-0.5086991069211632,-0.2744728228523209,-0.10160782676296781,0.31939586525450925,0.11783879024615984,0.2225832703897599,0.07717815568026398,-0.1628523623757595,-0.9843116135954202,-1.7245351691115482,0.3936653568176951,-0.4767180216780584,0.4293965229662401,-1.0489367509061172,0.10310404866135281,0.1723381110614396,-0.12750758676650742,-0.5825527408842465,0.21672773623545794,0.2933236762519016,0.05859712692513552,0.7110447673051723,0.21231132581208334,0.256383542670908,0.1867442529373955,-0.360903023650739,0.042228429482046304,0.14314582211884885,-0.02591308507858142,0.3895698123894653,1.1337432637091756,-0.8291526776290771,-0.5636315339551285,-0.2549463662402569,-0.31032713920001526,-0.27156041257832364,0.8623429811115371,0.5340948069884937,-0.2843942895964583,0.6890529593267971,0.0289266553034504,0.5079700274196013,-0.4113419415552266,-0.7275907562693585,-0.3356145195229324,0.02871344877390969,-0.08507181840013395,-0.10138382470010793,0.13206386884378496,-0.40332046986889686,-0.9740300831487783,0.08204591025518493,-0.624502156211223,0.6945218811238736,0.05690596484150656,-0.0040966334707168706,-0.8468516653847735,0.2377753358594593,0.204880328696323,-0.11800154185223333,-0.1342392079150373,0.32925183080330334,-0.16152084415821955,-0.22755521282113728,0.161848845143594,0.1711593675872537,-0.317222027442487,-0.5182679374204873,-0.05820733242352916,0.3367439470041613,-0.6554996751406849,0.14321819006139225,0.2165192474938642,0.4019329820159664,-0.5594079955483645,-0.08865470907098999
-0.1581035732680921,-8.79191025375726,0.3561514291467236,-0.11570946563415413,0.836252844190712,0.3957232922125029,-0.6664357641103268,0.19884175266777226,0.25501902147898803,-0.2433956070660636,-0.2572809582264472,0.030799200514107783,0.6383160476034679,0.11678076612964561,-0.3493987849973339,0.5683824261529433,0.4899246351894806,0.3870757801822955,0.273011895104312,0.282096738155834,-0.3858915893040029,0.43038254633558903,-0.012333110990700002,-0.24450616070791437,-1.1069620299309797,0.48154067125675737,-0.4412676406642998,-0.2046466277720635,-0.04975415545265538,0.39401040059688186,0.18929901433060448,0.2981297602496312,0.14011507366899711,-0.0924057006211989,-0.9122805558900683,-1.6380162700036855,0.45475463407150507,-0.4074340094563739,0.5034530622224478,-0.9869100367397295,0.16643030134791126,0.23888134653666537,-0.05799153410676011,-0.5210820174757467,0.2797236695246966,0.3608674292566847,0.12490754864179421,0.7797747684331258,0.2921612209057691,0.32086786662273814,0.26544601232530063,-0.29778469762662085,0.10827092136461758,0.21777433916668298,0.053152493032718295,0.45523401470121594,1.1948672341225561,-0.7633260442008168,-0.49104338226004046,-0.1968813628274132,-0.25143926245103826,-0.20129041540983417,0.9300410496365614,0.6140273617062149,-0.2142158475232111,0.7468439969708878,0.10071462658940078,0.5717962879464329,-0.3321560708335386,-0.6605845314125529,-0.26791840583507553,0.10293485764374699,-0.02750324922888675,-0.036722548061494,0.20694788498667827,-0.33782731251343323,-0.9095452510730022,0.15224382562337968,-0.5511497627069053,0.7607031191365505,0.1136802036337845,0.06853943466911394,-0.7781156488319925,0.3016204506439083,0.26380973698668486,-0.05125820287691185,-0.06743807510800365,0.4019850090693339,-0.10151723103843974,-0.14246507471875264,0.23749837064862211,0.24577985807153624,-0.25472319418207906,-0.46144314159364,-9.871715060949526e-05,0.3954589409001671,-0.5947376032145391,0.21422746234439316,0.2825496344329794,0.45659118641484686,-0.4900986340638385,-0.0190144429944914
-0.15374134639026743,8.14875047473374,0.4259913243774911,-0.060219146181942296,0.9116538874863478,0.47533374644091997,-0.5944261934701585,0.2629340273134163,0.321614024743349,-0.17983148986165032,-0.1946122057747915,0.10280634471980887,0.6940723130775877,0.18971984734747482,-0.2783743659638075,0.6469020748747936,0.5538380011444273,0.462625805643593,0.340844172375404,0.34633865081654125,-0.324173324822584,0.5010308696837678,0.057485934926753024,-0.17074824783303022,-1.0384146692216127,0.5471978158657684,-0.3738361744074551,-0.13482043269181865,0.002099515857625911,0.46862493593927956,0.26075923841503656,0.3736762501095212,0.20305199165775512,-0.021959038866632086,-0.8402494981846726,-1.5514973708958542,0.5158439113253588,-0.33814999723467076,0.5775096014786243,-0.9248833225733233,0.2297565540345321,0.3054245820118786,0.011524518552993523,-0.4596112940672469,0.3427196028139353,0.4284111822614304,0.19121797035845922,0.8485047695611103,0.37201111599946113,0.3853521905745684,0.344147771713187,-0.23466637160251513,0.1743134132471451,0.29240285621453577,0.13221807114397444,0.5208982170129728,1.2559912045359116,-0.6974994107725628,-0.4184552305649337,-0.13881635941458198,-0.19255138570204872,-0.13102041824135097,0.9977391181615545,0.6939599164239361,-0.1440374054499639,0.8046350346149973,0.17250259787535127,0.6356225484732894,-0.2529702001118631,-0.5935783065557347,-0.2002222921472499,0.1771562665135904,0.030065319942329194,0.027938728577144856,0.28183190112960277,-0.2723341551579322,-0.8450604189972261,0.22244174099158687,-0.4777973692025876,0.8268843571492275,0.17045444242608732,0.14117550280892588,-0.7093796322791865,0.3654655654283324,0.3227391452770405,0.015485136098409624,-0.0006369423009637831,0.47471818733537074,-0.04151361791868491,-0.05737493661638665,0.31314789615365024,0.32040034855581256,-0.19222436092163991,-0.4046183457667866,0.0580098981222914,0.45417393479616663,-0.5339755312883746,0.2852367346274004,0.34858002137209465,0.5112493908137337,-0.42077126889014554,0.05062582308197594
-0.1493791195124428,-8.16638999749878,0.4958312196082397,-0.0047288267297305175,0.9870549307819461,0.554944200669337,-0.5224166228299901,0.3270263019590227,0.3882090280076974,-0.11626737265720583,-0.13194345332314827,0.17481348892547877,0.749828578551651,0.26265892856530415,-0.20734994693024356,0.7254217235966562,0.6177513670993928,0.5381758311048781,0.4086764496465396,0.4105805634772609,-0.26245506034119614,0.5716791930319591,0.12730498084423114,-0.09699033495813353,-0.9698673085122393,0.6128549604747671,-0.30640470815057297,-0.06499423761156753,0.053953187167894656,0.5432394712816335,0.33221946249949985,0.449222739969405,0.2659889096465132,0.048487622887928516,-0.7682184404793209,-1.4649568927598038,0.5769331885791937,-0.2688659850129863,0.6515661407348194,-0.8628566084069359,0.2930828067211092,0.3719678174871106,0.08104057121274699,-0.3981405706587596,0.4057155361031739,0.4959549352661947,0.2575283920750805,0.9172347706890827,0.45186101109313437,0.44983651452637363,0.4228495311011047,-0.1715480455784157,0.2403559051296913,0.3670313732623698,0.21128364925526788,0.5865624193247236,1.3171151749492922,-0.6316727773442902,-0.3458670788698395,-0.08075135600175704,-0.13366350895305296,-0.060750421072855276,1.0654371866865537,0.7738924711416322,-0.07385896337674175,0.8624260722590942,0.24429056916133285,0.6994488090001334,-0.1737843293901689,-0.5265720816989102,-0.13252617845941178,0.25137767538344014,0.0876338891135452,0.09260000521577127,0.35671591727252105,-0.20684099780242488,-0.780575586921475,0.2926396563597815,-0.40444497569825116,0.8930655951618918,0.2272286812183777,0.21381157094875658,-0.6406436157263867,0.42931068021276897,0.3816685535674086,0.08222847507371855,0.06616419050605737,0.5474513656014075,0.01848999520108241,0.027715201485991714,0.388797421658697,0.3950208390400888,-0.1297255276612132,-0.34779354993993317,0.11611851339520485,0.5128889286921599,-0.47321345936222264,0.3562460069103889,0.41461040831119733,0.5659075952126016,-0.3514286099766416,0.12026608915847448
-0.14501689263461812,-7.8366784216207,0.565671114839001,0.050761492722481316,1.062455974077563,0.6345546548977665,-0.4504070521898094,0.391118576604648,0.4548040312720333,-0.05270325545278631,-0.06927470087149884,0.24682063313119862,0.8055848440257456,0.3355980097831396,-0.13632552789667962,0.8039413723185251,0.6816647330543582,0.6137258565661821,0.4765087269176441,0.474822476137968,-0.20073679585977716,0.6423275163801379,0.19712402676170915,-0.023232422083224402,-0.90128525421172,0.6785121050837657,-0.2389732418936908,0.004831957468671155,0.10580685847817584,0.6178540066240248,0.40367968658393816,0.5247692298292574,0.3289258276352276,0.11893428464248912,-0.6961873827739627,-1.3784038463631836,0.6380224658330036,-0.19958197279127066,0.7256226799910084,-0.8008298942405296,0.3564090594077114,0.4385110529623426,0.15055662387250057,-0.33666984725026605,0.4687114693924188,0.5634986882709716,0.3238388137917455,0.9859647718170361,0.531710906186845,0.5143208384781977,0.5015512904890098,-0.10842971955429126,0.3063983970122376,0.4416598903102351,0.2903492273665552,0.6522266216364618,1.3782391453626603,-0.5658461439160236,-0.2732789271747327,-0.022686352588907166,-0.07477563220408845,0.00951957609564047,1.1331352552115466,0.8538250258593596,-0.0036805213034758477,0.9202171099031724,0.3160785404473082,0.763275069526971,-0.0945984586684872,-0.4595658568421109,-0.06483006477156739,0.32559908425328365,0.14520245828478617,0.15726128185439137,0.43159993341544556,-0.1413478404469488,-0.7160907548457175,0.36283757172798237,-0.33109258219392723,0.9592468331745814,0.2840029200106742,0.28644763908858106,-0.5719075991735995,0.49315579499721185,0.44059796185777056,0.1489718140490337,0.13296532331308486,0.6201845438674132,0.07849360832086216,0.11280533958838268,0.46444694716369395,0.46964132952437754,-0.06722669440077406,-0.29096875411309225,0.17422712866810575,0.5716039225881593,-0.41245138743604565,0.427255279193396,0.4806407952503313,0.620565799611476,-0.2820859510631876,0.1899063552349668
-0.14065466575679345,-7.82261049841164,0.6355110100697559,0.10625181217466184,1.1378570173731737,0.7141651091261836,-0.3783974815496536,0.45521085125026073,0.5213990345364006,0.010860861751627038,-0.006605948419849406,0.3188277773368935,0.8613411094998216,0.4085370910009751,-0.06530110886314067,0.8824610210403754,0.7455780990093173,0.6892758820274609,0.5443410041887486,0.5390643887986628,-0.13901853137837689,0.7129758397283166,0.26694307267918094,0.05052549079168478,-0.8327031271232777,0.7441692496927832,-0.17154177563683365,0.07465815254892849,0.15766052978846334,0.6924685419663912,0.47513991066837646,0.6003157196891475,0.3918627456239857,0.18938094639706837,-0.6241563250685983,-1.2918507999665445,0.6991117430868448,-0.13029796056957998,0.7996792192471973,-0.7388031800741297,0.41973531209430726,0.5050542884375746,0.22007267653227292,-0.2751991238417725,0.5317074026816637,0.6310424412757234,0.3901492355083981,1.0546947729450085,0.611560801280512,0.5788051624300341,0.5802530498769087,-0.04531139353019181,0.37244088889477756,0.5162884073580691,0.36941480547783623,0.7178937024059175,1.439363115776022,-0.5000195104877759,-0.20069077547963843,0.035378650823930324,-0.015887755455105124,0.07978957326413616,1.2008333237365458,0.9337575805770681,0.06649792076976513,0.9780081475472882,0.3878665117332524,0.8271013300538026,-0.015412587946805445,-0.3925596319853114,0.0028930765067696207,0.3998204931231458,0.20277102745599584,0.22192255849301779,0.5064839495583513,-0.07585468309142274,-0.6516059227699289,0.43303548709618955,-0.257740188689597,1.0254280711872457,0.3407771588029521,0.35908370722841176,-0.503171582620806,0.5570009097816422,0.49952737014812,0.21571515302436772,0.19976645612011845,0.6929177221334373,0.13849722144061705,0.19789547769074867,0.5400964726687283,0.54426182000866,-0.0047278611403474,-0.23414395828625134,0.23233574394100043,0.6303189164841525,-0.3516893155099124,0.4982645514763908,0.5466711821894403,0.6752240040103439,-0.21274329214972743,0.2595466213114529
-0.13629243887896877,7.40434609382846,0.7053509053005109,0.1617421316268861,1.213258060668797,0.7937755633546006,-0.30638791090947903,0.5193031258958922,0.5879940378007427,0.0744249789560465,0.056062804031800084,0.3908349215425758,0.9170973749739224,0.481476172218817,0.005723310170404505,0.9609806697622381,0.8094914649642828,0.7648259074887647,0.6121732814598468,0.6033063014593825,-0.07730026689697661,0.7836241630765204,0.3367621185966465,0.12428340366656887,-0.7641210000348291,0.8098263943017754,-0.10411030937998272,0.14448434762916085,0.20951420109875696,0.7670830773087889,0.5466001347528398,0.6758622095490188,0.4547996636127313,0.25982760815162276,-0.552125267363209,-1.2052977535699116,0.7602010203406611,-0.06101394834786428,0.8737357585033736,-0.6767764659077173,0.4830615647809031,0.5715975239128004,0.2895887291919953,-0.2137284004332602,0.5947033359709086,0.6985861942804941,0.45645965722504434,1.1234247740729744,0.6914106963742039,0.6432894863818579,0.6589548092648139,0.017806932493938832,0.43848338077731763,0.5909169244059032,0.44848038358911724,0.7835946902597066,1.5004870861894088,-0.43419287705950943,-0.1281026237845566,0.09344365423675527,0.043000121293865656,0.15005957043263807,1.2685313922615578,1.0136901352947643,0.13667636284301232,1.03579918519136,0.45965448301920275,0.8909275905806653,0.06377328277490124,-0.3255534071284745,0.0706252433987965,0.47404190199296437,0.26033959662721806,0.2865838351316504,0.5813679657012696,-0.010361525735940402,-0.5871210906941903,0.5032334024643716,-0.1843877951852731,1.0916093091999102,0.39755139759526115,0.43171977536824246,-0.4344355660680062,0.6208460245660599,0.5584567784384693,0.28245849199967665,0.2665675889271334,0.7656509003994743,0.19850083456039058,0.2829856157931333,0.6157459981737439,0.6188823104929426,0.057770972120073094,-0.17731916245939167,0.29044435921391387,0.6890339103801522,-0.2909272435837292,0.5692738237594042,0.612701569128568,0.7298822084092118,-0.14340063323624846,0.32918688738792645
-0.1319302120011441,7.40080594661738,0.7751908005312784,0.21723245107909173,1.2886591039644077,0.8733860175830239,-0.23437834026929827,0.5833954005415112,0.654589041065091,0.13798909616047228,0.11873155648344957,0.4628420657482645,0.9728536404480108,0.5544152534366524,0.07674772920396844,1.0395003184841007,0.8734048309192419,0.8403759329500686,0.680005558730945,0.6675482141201146,-0.015582002415570062,0.8542724864247055,0.4065811645141245,0.19804131654145307,-0.6955388729463617,0.8754835389107805,-0.036678843123106764,0.2143105427094183,0.26136787240903825,0.8416976126511615,0.6180603588372657,0.75140869940889,0.517736581601477,0.3302742699061896,-0.4800942096578446,-1.1187447071732728,0.8212902975945022,0.008270063873813904,0.9477922977595814,-0.6147497517413236,0.5463878174674865,0.6381407593880448,0.3591047818517613,-0.1522576770247479,0.6576992692601411,0.7661571550775814,0.5227700789416969,1.192154775200953,0.771260591467896,0.7077738103336695,0.7376565686526939,0.08092525851805077,0.5045258726598763,0.6655454414537434,0.5275459617004108,0.8492956781134708,1.5616110566027894,-0.36836624363124915,-0.05551447208943111,0.15150865764959276,0.10188799804284265,0.22032956760113376,1.3362294607865508,1.0936226900124855,0.20685480491626573,1.0935902228354695,0.5314424543051595,0.9547538511075093,0.14295915349654553,-0.25854718227166884,0.1383574102908547,0.5482633108628141,0.31790816579845904,0.3512451117702643,0.6562519818441941,0.055131631619560695,-0.5226362586184141,0.5734313178325665,-0.11103540168094916,1.1577905472125998,0.454325636387539,0.5043558435080733,-0.3656995495152314,0.6846911393505153,0.6173861867288499,0.34920183097499813,0.33336872173417953,0.838384078665511,0.2585044476801517,0.36807575389551794,0.6913955236787783,0.6935028009772375,0.12026980538051224,-0.12049436663255075,0.34855297448680234,0.7477489042761516,-0.23016517165758343,0.6402830960423989,0.6787319560676957,0.7845404128080986,-0.07405797432277572,0.39882715346440634
-0.1275679851233194,5.32861448728973,0.8797336681137549,0.30984633494423364,1.3982884815762473,0.9855645235411723,-0.1293912094399018,0.6813360705921383,0.7585794134489856,0.24034052334411005,0.2160614339823883,0.5679979316141333,1.064223554655255,0.6662259692752945,0.18648628090034314,1.1556477329404906,0.9765754741589294,0.9548193945271453,0.7773174065263944,0.7650838659229444,0.08085492031921127,0.9553172184345771,0.5161255208307209,0.30765728928409675,-0.5904584444572673,0.9762661526883691,0.06242484715786745,0.3154300054833027,0.34903423124705013,0.9494956469162081,0.7237540960915865,0.862919878746677,0.6136009399959839,0.4289593357539837,-0.37482135271777717,-0.9994979673961655,0.9181557546680184,0.12229470164508893,1.0527259475273698,-0.5211319995327833,0.6469026532756683,0.7383386699048526,0.461423482169675,-0.055797001679244784,0.7607839633321223,0.8678552758298623,0.6226487788394075,1.289327844514854,0.8882624554912486,0.8083645085656084,0.8539474593979868,0.184630525403092,0.6051506150646726,0.7797484977500955,0.6332932281786214,0.947787464448574,1.6649253405034823,-0.269954669472406,0.05048058312840953,0.24288273723785692,0.191170250773939,0.3235898976674435,1.43801967789463,1.1991718670491154,0.31568165531805903,1.1866353620697347,0.6362746210895793,1.0540902513423733,0.2572422822685845,-0.1584946750301554,0.24842627043928256,0.6571399898304062,0.41207398273636975,0.44996724796796317,0.7650870119779118,0.15282549156628078,-0.4219275094085823,0.6794026258206172,-0.0023243633752094706,1.2529129931157337,0.5422038473725035,0.6119563221426714,-0.2611225940627717,0.7834808302667484,0.7122981028767565,0.4396316745707436,0.43191561269028667,0.9410342338538016,0.35567988860334965,0.484704890121721,0.8032320384520368,0.7967199270082799,0.21538114572695566,-0.028269025338289733,0.43707259733074955,0.8385906995459702,-0.13589457357694434,0.7528556705099463,0.7794761346652632,0.8740081228117424,0.03154818316729402,0.5074302050219248
-0.12320575824549478,5.90630437992345,0.9981095868529204,0.413229777268034,1.5223499034854482,1.1142661558479097,-0.008396122062525935,0.7941878784441139,0.8729944081615255,0.3513470011242156,0.32727719583640424,0.6889463152646105,1.1682757050151749,0.7865843630103939,0.30497304565250205,1.2819246891425924,1.0878024924288496,1.077782770372823,0.895025783275619,0.8782294507635828,0.19110508929659642,1.0756107812660363,0.633129418284909,0.42964628658431614,-0.47381569765892645,1.0903481659700593,0.17917730903204643,0.4346738767495918,0.4491310278673444,1.0730424169854231,0.8438733448579587,0.9866794437280606,0.7255363272785924,0.5495918505035546,-0.2538731620124803,-0.8638861201721519,1.027497841857183,0.23734141361126415,1.1763059722239633,-0.40976355067366665,0.7581045527536898,0.8536918629758443,0.5799702294756262,0.05413429133483705,0.8708642931386044,0.9841271368687237,0.7377916182938493,1.4081928368625827,1.0159978401076546,0.9210139271398758,0.980416957050396,0.2946949268659639,0.7197608111929388,0.9016034263607353,0.7629288102429994,1.0625222049155725,1.7725451266268684,-0.1550412080877372,0.17194305741197347,0.34984743686339537,0.2997038808001836,0.4428421097712135,1.5544137056688092,1.3299345592683316,0.4333403801056558,1.2928173393180138,0.7570308794508971,1.1662397948188175,0.38490950576640726,-0.04252070286240839,0.36261274966550383,0.7799099448241618,0.517676733337866,0.563332652341417,0.8887038142886825,0.26750428558399697,-0.3093088744980703,0.7978540903639486,0.11939136445054355,1.369105074077409,0.6484439380508467,0.7330596835221213,-0.14415094892206892,0.8957984584660812,0.8194255429551598,0.5576712145898559,0.5480189441209384,1.0635750305286673,0.4635636531656595,0.6191500489284512,0.9270252013775955,0.9214371897364046,0.3269597052467237,0.07690803306311023,0.5448227617080079,0.9465102959516438,-0.02628456073914265,0.8705377756784538,0.8940397040995542,0.9771743640165647,0.14901409976272273,0.6244648474136161
-0.1188435313676701,6.94228244618289,1.116485505592111,0.5166132195918345,1.6464113253946489,1.2429677881546406,0.11259896531483127,0.9070396862960768,0.9874094028740277,0.462353478904321,0.4384929576903951,0.8098946989150877,1.272327855375095,0.9069427567455057,0.4234598104046796,1.408201645344688,1.1990295106987325,1.2007461462184947,1.0127341600248563,0.9913750356042461,0.3013552582739816,1.1959043440974952,0.7501333157390968,0.5516352838845417,-0.35717295086061684,1.204430179251737,0.29592977090621286,0.5539177480159059,0.5492278244876261,1.1965891870546257,0.9639925936243186,1.1104703070996722,0.8374717145611883,0.6702243652530819,-0.13292497130719594,-0.7282742729481446,1.1368399290463536,0.3523881255774456,1.299885996920563,-0.2983951018146,0.8693064522317178,0.9690450560468422,0.698516976781596,0.1640655843489377,0.9809446229450802,1.1003989979075914,0.8529344577482973,1.5270578292103176,1.1437332247240795,1.0336633457141307,1.106886454702805,0.4047593283288483,0.8343710073212298,1.023458354971394,0.8925643923073838,1.1772569453825648,1.880164912750273,-0.04012774670304964,0.29340553169555605,0.4568121364889275,0.40823751082642823,0.5620943218749896,1.6708077334430012,1.46069725148756,0.5509991048932212,1.3990225467737574,0.8777871378121898,1.2783893382952864,0.5125767292641863,0.07345326930533869,0.4767992288917,0.9026798998179171,0.6232794839393561,0.676698056714871,1.0123206165994345,0.38218307960174425,-0.1966902395875582,0.91630555490728,0.24110709227630922,1.485297155039109,0.7546840287291647,0.8541630449015776,-0.02717930378135991,1.0081160866654262,0.9265529830335568,0.6757107546089747,0.6641222755515963,1.1861158272035395,0.5714474177279945,0.7535952077352124,1.0508183643031788,1.0461544524645359,0.4385382647665105,0.18208509146452279,0.6525729260852975,1.0544298923572861,0.08332545209865905,0.9882198808469678,1.0086032735338701,1.0803406052213869,0.2664800163581763,0.7414994898053076
-0.11448130448984543,7.96604750167315,1.2348614243313016,0.6199966619156285,1.7704727473038495,1.3716694204613968,0.23359405269220712,1.0198914941480524,1.101824397586555,0.5733599566844327,0.5497087195444172,0.9308430825655836,1.3763800057350086,1.027301150480605,0.5419465751568573,1.5344786015467957,1.3102565289686465,1.3237095220641726,1.1304425367740685,1.1045206204448907,0.41160542725136673,1.316197906928967,0.8671372131933099,0.6736242811847613,-0.24053020406230718,1.318512192533427,0.41268223278040417,0.6731616192822012,0.649324621107914,1.3201359571238407,1.084111842390666,1.2342611704712962,0.9494071018437906,0.7908568800026592,-0.011976780601892889,-0.5926624257241249,1.246182016235543,0.4674348375436458,1.42346602161715,-0.18702665295550208,0.980508351709733,1.084398249117834,0.8170637240875471,0.2739968773630196,1.091024952751556,1.2166708589464779,0.9680772972027203,1.6459228215580588,1.2714686093405168,1.1463127642883857,1.2333559523552204,0.5148237297917202,0.9489812034495084,1.1453132835820465,1.0221999743717556,1.2919916858495508,1.987784698873653,0.07478571468161299,0.41486800597913254,0.5637768361144597,0.5167711408526354,0.6813465339787408,1.7872017612171993,1.591459943706795,0.6686578296808119,1.505247156062122,0.9985433961735324,1.3905388817717055,0.6402439527619717,0.18942724147308576,0.5909857081179151,1.0254498548116664,0.7288822345408523,0.7900634610883248,1.1359374189102114,0.4968618736194792,-0.08407160467705244,1.0347570194505864,0.3628228201020872,1.6014892360007968,0.8609241194074828,0.9752664062810463,0.08979234135933045,1.1204337148647776,1.03368042311196,0.7937502946280934,0.7802256069822604,1.3086566238783865,0.6793311822903167,0.8880403665419425,1.1746115272287498,1.1708717151926609,0.550116824286291,0.287262149865954,0.7603230904625558,1.1623494887629722,0.19293546493646707,1.1059019860154877,1.123166842968155,1.1835068464262277,0.3839459329535987,0.8585341321970177
-0.11011907761202075,6.1289850254888,1.3532373430704858,0.723380104239429,1.894534169213063,1.500371052768134,0.354589140069558,1.1327433020000155,1.2162393922990946,0.6843664344645382,0.6609244813984392,1.0517914662160608,1.4804321560949412,1.147659544215717,0.6604333399090037,1.6607555577489104,1.4214835472385543,1.4466728979098442,1.2481509135232869,1.217666205285529,0.5218555962287519,1.4364914697604263,0.9841411106475042,0.795613278484987,-0.12388745726399758,1.4325942058151109,0.5294346946545643,0.7924054905485027,0.7494214177282021,1.4436827271930495,1.2042310911570382,1.358052033842914,1.0613424891264114,0.9114893947522114,0.10897141010337896,-0.45705057850014874,1.3555241034247263,0.5824815495098461,1.5470460463137432,-0.07565820409641666,1.0917102511877421,1.1997780021944378,0.9356104713935045,0.38392817037712024,1.2011052825580195,1.3329427199853454,1.0832201366571497,1.7647878139057938,1.3992039939569352,1.2589621828626532,1.359825450007642,0.6248881312546044,1.063591399577787,1.267168212192724,1.1518355564361336,1.4067264263165555,2.095404484997063,0.18969917606628806,0.5363304802627151,0.6707415357399857,0.6253047708788613,0.800598746082517,1.9035957889913664,1.7222226359260173,0.7863165544683899,1.6114717653505115,1.119299654534844,1.502688425248181,0.7679111762597821,0.3054012136408203,0.7051721873441299,1.1482198098054093,0.8344849851423672,0.9034288654617975,1.2595542212209634,0.6115406676372142,0.028554799759253124,1.153208483993899,0.48453854792784656,1.7176813169624972,0.9671642100858195,1.096369767660515,0.20676398650002692,1.232751343064104,1.1408078631903569,0.9117898346472122,0.8963289384129185,1.4311974205532836,0.7872170994673724,1.0224855253487037,1.298404690154302,1.2955889779208045,0.6616953838060717,0.39243920826736023,0.868073254839864,1.2702690851686458,0.30254547777428753,1.2235840911839955,1.2377304124024648,1.2866730876310497,0.5014118495490398,0.9755687745886903
-0.10575685073419608,6.74294109441836,1.4716132618096764,0.8267635465632293,2.0185955911222635,1.6290726850748778,0.47558422744693385,1.245595109851991,1.3306543870116219,0.7953729122446498,0.7721402432524427,1.1727398498665318,1.5844843064548548,1.2680179379508474,0.7789201046611627,1.787032513951006,1.5327105655084494,1.5696362737555407,1.3658592902725366,1.3308117901261924,0.6321057652061308,1.5567850325918793,1.1011450081017171,0.9176022757852313,-0.007244710465669213,1.5466762190967762,0.6461871565287558,0.9116493618148169,0.8495182143484838,1.5672294972622518,1.3243503399233916,1.4818428972145192,1.1732778764090261,1.0321219095017513,0.2299196008086759,-0.3214387312761352,1.4648661906139095,0.6975282614759963,1.6706260710103493,0.035710244762675036,1.2029121506657638,1.3151769807250608,1.0541572186994557,0.493859463391227,1.3111856123645016,1.4492145810242005,1.1983629761115915,1.8836528062535354,1.5269393785733414,1.3716116014369018,1.4862949476600698,0.7349525327174888,1.1782015957060592,1.3890231408033702,1.2814711385005118,1.5214611667835414,2.203024271120456,0.30461263745097567,0.6577929545462977,0.7777062353655115,0.7338384009050998,0.9198603991287702,2.0199898167655457,1.8529853281452395,0.9039752792559617,1.7176963746389011,1.2400559128961741,1.614837968724631,0.8955783997575799,0.42137518580856104,0.8193586665703261,1.2709897647991586,0.9400877357438573,1.016794269835239,1.3831710235317467,0.7262194616549551,0.14121994327069742,1.271659948537224,0.6062542757536058,1.83387339792421,1.0734043007641376,1.21747312903999,0.32373563164074226,1.3450689712634365,1.2479640466047244,1.0298293746663183,1.0124322698435577,1.5537382172281309,0.8951475887906257,1.1569306841554463,1.422197853079892,1.4203062406489417,0.7732739433258398,0.4976162666687791,0.9758234192171535,1.378188681574313,0.4121554906120767,1.341266196352503,1.352293981836762,1.3898393288358843,0.6188777661444684,1.0926034169804004
-0.10139462385637141,8.6098000914997,1.5899891805488735,0.9301469888870422,2.142657013031477,1.7577743173816087,0.596579314824291,1.3584469177039415,1.445069381724143,0.9063793900247676,0.8833560051064584,1.2936882335170026,1.6885364568147871,1.3883763316859468,0.897406869413359,1.9133094701531077,1.6439375837783572,1.692599649601194,1.483567667021761,1.4439573749668495,0.7423559341835222,1.6770785954233445,1.2181489055559052,1.0395912730854444,0.10939803633264666,1.6607582323784722,0.7629396184029222,1.0308932330811122,0.9496150109687904,1.6907762673314608,1.4444695886897514,1.6056337605861433,1.2852132636916282,1.1527544242513035,0.35086779151397895,-0.1858268840521154,1.574208277803068,0.8125749734421903,1.7942060957069488,0.14707869362177917,1.3141140501437916,1.4305759592556841,1.172703966005413,0.6037907564053027,1.4212659421709775,1.5654864420630743,1.3135058155660206,2.0025177986012643,1.6546747631897663,1.4842610200111503,1.6127644453124852,0.845016934180342,1.2928117918343378,1.5108780694140103,1.4111067205648835,1.6361959072505463,2.3106440572438602,0.4195260988356382,0.7792554288298867,0.88467093499105,0.8423720309313194,1.039160914345418,2.1363838445397443,1.9837480203644746,1.0216340040435459,1.8239209839272783,1.3608121712574854,1.7269875122010625,1.0232456232553653,0.5373491579762957,0.9335451457965098,1.3937597197929203,1.0456904863453598,1.1301596742087117,1.5067878258425111,0.8408982556726838,0.2538850867821293,1.3901114130805428,0.7279700035793777,1.9500654788858791,1.1796443914424621,1.3385764904194464,0.44070727678143884,1.4573865994627941,1.3551390172743374,1.1478689146854433,1.1285356012742156,1.6762790139030093,1.0030780781138668,1.291375842962195,1.5459910160054628,1.5450235033770603,0.8848525028456329,0.6027933250701978,1.0835735835944245,1.4861082779799804,0.5217655034498785,1.4589483015210356,1.4668575512710595,1.4930055700407066,0.7363436827399283,1.2096380593720981
-0.09703239697854676,-6.86601290364985,1.7060510191745888,1.0310219624910673,2.2651352910517204,1.8840287225047991,0.7154072886427116,1.468222263656676,1.5558608664394147,1.0156760525742823,0.991526340258799,1.4131094268430862,1.7910417691532363,1.5067128203341278,1.0138564829468668,2.0360948221329824,1.7524582129598458,1.8155768013768905,1.5979997289624153,1.5552744735072659,0.850233727550892,1.7963429345306066,1.33323330432366,1.1604853048539014,0.22214777974856836,1.7729660113076828,0.8771579343326747,1.1472692123481032,1.0472792245140292,1.8115319663759764,1.5628014469436942,1.7278014726502595,1.3946951939224737,1.271343560846449,0.4701418401060099,-0.05300920642917484,1.681787432668416,0.92490234503718,1.9144903418109773,0.25561407626858856,1.4252243102389155,1.5425950001662694,1.2897515912720146,0.7127330851534286,1.5296000549829778,1.680294666567084,1.4265828600230142,2.118583385823632,1.7808087837289552,1.594102258361773,1.737676734352523,0.9537635197719558,1.4065978879931356,1.6298748914420929,1.537540255893027,1.7489462298847929,2.415978767418153,0.5328873913805836,0.8985319655663788,0.9889706615935681,0.9485682144949785,1.1568172400332029,2.2495806884122738,2.112037766928786,1.1376744057605774,1.9275264553466196,1.4802727136534066,1.83749665743447,1.1488258544789622,0.6507602346940933,1.045874992994171,1.5139438586697314,1.1489357356583927,1.2419607511286292,1.6288115249500101,0.9530959098487626,0.3648618170448842,1.505752311241057,0.8468616754429907,2.06399494889955,1.2828484548048362,1.4564839164166312,0.5553437034967217,1.5673860872684087,1.4605364930137932,1.2644666057299783,1.2426975352788445,1.79610150530902,1.1083226091352238,1.4234739488303216,1.668090469399324,1.666970104125786,0.9936203221025626,0.7044163347521146,1.1890364397999607,1.5911583915696215,0.6287192754132396,1.5739562777020708,1.5789917542092342,1.594376263880309,0.8497830465589888,1.3233357615362489
-0.0926701701007221,8.12690067682629,1.8173998447866533,1.1273775950134513,2.382172537726654,2.005702768138108,0.8293758411464389,1.574044307603759,1.6632444089990426,1.1196578239298791,1.09571243964547,1.5270848138325237,1.8880698985192226,1.6200452447444988,1.1253172183395717,2.1553407160834537,1.8566567169566615,1.9317297054845646,1.7086777032167293,1.6613948640529224,0.9534565858878066,1.909614772882419,1.4432116396955512,1.2754522758251827,0.3317583113632824,1.880026147731517,0.9868824935782148,1.2594840132109946,1.1403484881770398,1.928049928482588,1.675895669297666,1.8445679918515199,1.4996029717221664,1.3849500217609771,0.5840654728885857,0.07557382217338682,1.7841045938968676,1.0329204975142785,2.0310399031683266,0.3600049459564397,1.5294091187842571,1.650963255017784,1.401325379578917,0.8156428400090068,1.632655527710264,1.7895428634428832,1.5346995577434985,2.2304195415541495,1.9015199160403873,1.6997228101961281,1.8571221668622095,1.0568048937912995,1.5141873206684242,1.7447007828686047,1.6601456698216792,1.8566551492958638,2.5165715694640687,0.6407768090683374,1.0129678326805516,1.0889069922653083,1.050074663942168,1.2690933226757348,2.3589445635173156,2.235772778474473,1.2483088067083672,2.0267228577972105,1.594006042332883,1.9426217842459825,1.2694668534316644,0.7597062008069619,1.1530361635966269,1.6296857255355446,1.2475112309076284,1.348302060095673,1.7454041098712623,1.060746993333944,0.4705023431224764,1.6171749008619478,0.9615484821570968,2.173160130626508,1.38205891385824,1.5705571291003746,0.6652881763817211,1.672676607118803,1.5606864778647076,1.375482575802288,1.3517752169563204,1.9116137461045948,1.2092246557339368,1.5508918912080392,1.784858992840148,1.7846586292509772,1.0981700061037887,0.8025621449698566,1.2897596116874745,1.692048912177216,0.7313009500776257,1.6846262193861834,1.6865278025037187,1.6905174452609544,0.960216386432641,1.4333398127017913
-0.08830794322289742,7.69712829664395,1.9287486703987178,1.2237332275358601,2.4992097844015877,2.1273768137713915,0.9433443936501285,1.6798663515508727,1.770627951558639,1.2236395952854757,1.199898539032147,1.641060200821949,1.9850980278851773,1.7333776691548828,1.2367779537322765,2.2745866100339125,1.9608552209534584,2.047729619115903,1.8193556774710615,1.767515254598554,1.056679444224709,2.0228866112342443,1.5531899750674676,1.390419246796492,0.44136884297800894,1.9871379441069397,1.0966070528237735,1.3716988140738857,1.233417751840019,2.0445678905892057,1.7889898916516567,1.961334511052805,1.604510749521859,1.4985564826755364,0.6979891056711491,0.20415685077594226,1.886421755125313,1.1409386499913707,2.1475894645256695,0.4643958156442972,1.633593927329611,1.7593315098692737,1.512899167885838,0.9185525948645976,1.735711000437581,1.8987910603186695,1.6428162554639638,2.3422556972846547,2.022231048351813,1.8053433620304828,1.9765675993718779,1.159846267810643,1.6217767533437006,1.8595266742951166,1.782751083750344,1.9643640687069348,2.617164371510003,0.7486662267560786,1.1274036997947492,1.1888433229370299,1.151581113389364,1.3813694053182668,2.46830843862237,2.35950779002016,1.3589432076561816,2.1259192602477768,1.7077393710123403,2.0477469110574953,1.3901078523843604,0.868652166919843,1.260197334199095,1.7454275924013516,1.3460867261568579,1.4546433690627356,1.8619966947924647,1.1683980768191065,0.5761428692000374,1.7285974904828454,1.0762352888711966,2.282325312353459,1.4812693729116562,1.6846303417841246,0.7752326492667019,1.7779671269691846,1.6608364627156342,1.4864985458745725,1.4608528986337836,2.027125986900182,1.3101267023326435,1.6783098335857376,1.9016275162809786,1.9023471543761745,1.202719690105021,0.9007079551876171,1.390482783575001,1.7929394327848225,0.833882624742031,1.795334507295521,1.7940638507982094,1.7866586266415874,1.0706497263062993,1.5433438638673398
-0.08394571634507275,-7.39224716814603,2.040097496010792,1.3200888600582503,2.6162470310764956,2.2490508594046936,1.057312946153868,1.7856883954979492,1.8780114941182606,1.3276213666410852,1.3040846384188118,1.7550355878113806,2.0821261572511567,1.8467100935652605,1.3482386891249811,2.3938667847737536,2.065053724950249,2.1637295327472543,1.930033651725369,1.8736356451441984,1.1599023025616548,2.136158449586067,1.6631683104393777,1.5053862177677917,0.5509793745927167,2.094249740482363,1.2063316120693073,1.4839136149367802,1.326487015503017,2.161085852695817,1.9020841140056348,2.078101030254059,1.7094185273215576,1.6121629435901024,0.8119127384537186,0.33273987937851013,1.9887389163537839,1.2489568024684443,2.264139025883031,0.5687866853321359,1.7377787358749652,1.8676997647207443,1.6244729561927336,1.0214623497201885,1.8387664731648796,2.008039257194456,1.7509329531844358,2.45409185301516,2.1429421806632636,1.910963913864838,2.096013031881558,1.2628876418300052,1.7293661860189957,1.9743525657216414,1.9053564976789958,2.0720729881179993,2.7177571735559063,0.8565556444438263,1.2418395669089033,1.288779653608764,1.253087562836535,1.4936454879607737,2.5776723137274242,2.4832428015658543,1.4695776086039714,2.225115662698374,1.8214726996918043,2.152872037869014,1.51074885133705,0.9775981330327177,1.3673585048015635,1.8611694592671586,1.4446622214060874,1.5609846780297791,1.978589279713692,1.2760491603042878,0.6817833952776233,1.8400200801037176,1.1909220955853028,2.391490494080391,1.5804798319650508,1.7987035544678742,0.8851771221517013,1.8832576468195728,1.7609864475665609,1.5975145159469009,1.5699305803112595,2.14263822769575,1.4110287489313564,1.8057277759634551,2.0183960397217966,2.020035679501353,1.307269374106247,0.9988537654053655,1.491205955462534,1.893829953392414,0.9364642994063985,1.906042795204861,1.9015998990926877,1.8827998080222141,1.181083066179939,1.6533479150328854
-0.07958348946724808,6.7168177451221,2.151446321622844,1.4164444925806716,2.733284277751423,2.3707249050379806,1.1712814986575701,1.8915104394450475,1.9853950366778508,1.4316031379966756,1.4082707378055013,1.8690109748007993,2.1791542866171403,1.9600425179756378,1.459699424517686,2.5131718200216504,2.1692522289470713,2.2797294463785986,2.0407116259796947,1.979756035689855,1.2631251608985696,2.2494302879378987,1.7731466458113003,1.620353188739098,0.6605899062074183,2.201361536857804,1.3160561713148347,1.5961284157996778,1.4195562791660212,2.277603814802422,2.0151783363596127,2.194867549455351,1.8143263051212626,1.7257694045046492,0.9258363712363069,0.46132290798106557,2.0910560775822296,1.3569749549455368,2.380688587240389,0.6731775550199934,1.8419635444203097,1.976068019572237,1.7360467444996546,1.1243721045757793,1.941821945892172,2.1172874540702518,1.8590496509049077,2.5659280087456775,2.263653312974702,2.016584465699193,2.2154584643912383,1.3659290158493458,1.8369556186942655,2.0891784571481598,2.027961911607642,2.1797819075290645,2.818349975601828,0.9644450621315925,1.3562754340230823,1.3887159842804855,1.3545940122837121,1.6059215706032963,2.6870361888324723,2.6069778131115626,1.5802120095517609,2.3243120651489653,1.9352060283712806,2.257997164680533,1.6313898502897521,1.0865440991455926,1.4745196754040442,1.9769113261329594,1.5432377166553228,1.667325986996823,2.095181864634907,1.3837002437894628,0.7874239213551779,1.9514426697246023,1.3056657439230752,2.5006556758073355,1.6796902910184548,1.9128243861700078,0.9951215950367038,1.9885481666699423,1.861136432417488,1.708530486019198,1.6790082619887199,2.258150468491344,1.511930795530063,1.9331457183411478,2.135164563162621,2.1377242046265543,1.4118190581074854,1.096999575623126,1.5919291273500666,1.9947204740000017,1.0390459740707818,2.0167510831141895,2.0091359473871693,1.9789409894028662,1.2915164060535786,1.7633519661984336
-0.07522126258942341,8.2350215337509,2.2627951472349306,1.5128001251030618,2.8503215244263442,2.4923989506712827,1.2852500511612848,1.9973324833921307,2.092778579237476,1.5355849093522818,1.5124568371921818,1.9829863617902277,2.273476262847062,2.0733749423860157,1.5711601599103877,2.632476855269535,2.2734507329438616,2.395729360009934,2.151389600234002,2.085876426235493,1.3649622757142506,2.3627021262897143,1.88312498118321,1.735320159710376,0.7702004378221385,2.308473333233212,1.425780730560381,1.708343216662566,1.5099818051357585,2.3941217769090404,2.128272558713597,2.3116340686566144,1.919234082920952,1.839375865419196,1.0397600040188704,0.5899059365836303,2.1921665790858063,1.4649931074226166,2.497238148597728,0.7761855449184714,1.9461483529656733,2.0844362744237417,1.847620532806557,1.227281859431373,2.0448774186194827,2.2265356509460386,1.967166348625392,2.677764164476195,2.384397231638962,2.1222353175667603,2.3349038969009372,1.46897038986868,1.9445450513695388,2.2040572654641446,2.150567325536316,2.287490826940145,2.918942777647751,1.0723344798193277,1.470711301137255,1.4876643084494459,1.4505854124394257,1.718197653245834,2.7964000639375364,2.7307128246572496,1.690846410499588,2.423508467599544,2.048939357050738,2.362665279087479,1.7520308492424481,1.1954900652584486,1.5816808460065028,2.0926531929987693,1.6418132119045523,1.7736672959638609,2.21177444955614,1.4913513272746346,0.8930644474327514,2.0628652593455055,1.420413617402121,2.6098208575342836,1.7778354188356997,2.026959151033224,1.1050660679217001,2.093838686520324,1.9612864172684146,1.8195464560914767,1.7880859436662113,2.373662709286937,1.612832842128779,2.060563660718862,2.2519330866034455,2.255412729751745,1.5151031995568809,1.190043770302459,1.6911859702573884,2.095610994607606,1.1395043783893084,2.127459371023514,2.1161329690435293,2.0716774783315186,1.4019497459272494,1.8733560173639792
-0.07085903571159874,-7.37146816258523,2.315388808229156,1.5503704336809119,2.910278130786163,2.5557415976593623,1.3407133972894125,2.044230777240707,2.1415910642148734,1.5808047280810718,1.5577478765774886,2.0381266317755014,2.314910550091853,2.1281591358403595,1.623712064051445,2.693787604063533,2.318728061609539,2.4528368785406096,2.203201413821427,2.133159688520397,1.411001695738585,2.4174759448322876,1.9343313731093728,1.7914244661233856,0.8208873038596545,2.3566621278730784,1.4766657748316645,1.7619460450767266,1.5473668747834755,2.4517628044260364,2.1828020965542834,2.3698514235274564,1.965324925022631,1.8942134451405102,1.0962861529192893,0.6605437286895126,2.237092764020179,1.5142434161018,2.5549164193152913,0.8233896465855317,1.991414324117441,2.13417048147309,1.9004664748382376,1.2713261206017978,2.089034216103723,2.277152393223214,2.0163610686186058,2.730751568642476,2.446665146441841,2.1691508177965773,2.3954314282712135,1.513111563615231,1.993325624957212,2.262100396994045,2.2150482625649506,2.336278619573828,2.960683163025556,1.1218323722311165,1.5271978825109922,1.5299581290054534,1.500160385215793,1.7721188019908272,2.846978151982328,2.7964269246330655,1.7433760008999137,2.463922567005313,2.1040041097633067,2.4095452705136005,1.8140691955723043,1.2455913902898421,1.6300138258166663,2.1494941257639857,1.681511839370083,1.8211578822396708,2.269681513000025,1.540181902220245,0.9397934232466589,2.1155380429371498,1.4769567327197077,2.6600642006704556,1.8196251439129922,2.0823589707022414,1.15679903489705,2.140216013240284,2.00254729012923,1.8716403515794189,1.8384355591155004,2.430741785884689,1.6548254458002896,2.1298704211883903,2.3100561282765453,2.314475929840901,1.5623299927619059,1.2356838976721551,1.7348195494960603,2.1376836193471584,1.1857724605634905,2.180163068068051,2.1655426245036775,2.1130799567720313,1.453992010132119,1.9244483711517033
-0.06649680883377407,-6.39330382655026,2.3609205783275584,1.5876397817527705,2.9532676748307853,2.608491933061262,1.38682188243052,2.0879537857309654,2.181576525455223,1.6190414671461257,1.6011202661894737,2.0923817539394376,2.3564016490339412,2.1739272084428967,1.673958512517853,2.742479256404014,2.360178768262222,2.5050271741587604,2.2495307947628325,2.1744645905026196,1.4570411157629317,2.462839814689846,1.9787285636783356,1.84200968438102,0.8684155109974505,2.401202153011883,1.5216099594096602,1.8070673991673505,1.584751944431208,2.504134699602562,2.228449463766779,2.419060187203577,2.0059684385333876,1.9421550262247578,1.1372305256883164,0.7182948070882651,2.2820189489545335,1.5628273337774188,2.607211244200262,0.8705937482525858,2.0326942605107368,2.1756193568509135,1.9459469528369644,1.3140351297985704,2.131182243401879,2.319460429979263,2.0626035249350236,2.782664032510281,2.49960754325695,2.209190473144819,2.45191916268295,1.5525449540366185,2.035715393615373,2.3022135517122804,2.2676497150373827,2.3821847434531698,2.996694588808574,1.1611459843833505,1.5708196353542256,1.572251949561483,1.5497353579921544,1.8156051752675622,2.890862575915869,2.849669579037255,1.7839113974744147,2.5040671128316507,2.151104076547183,2.4564252619397218,1.8675450986471793,1.2898341045795818,1.6775520690339707,2.2016485550886324,1.7196748921144798,1.8675446071672612,2.319788129315376,1.5883139795483163,0.9821913092113106,2.1610877304626275,1.5221011562614233,2.707367665280975,1.8614148689903096,2.130470270869182,1.1971747048592232,2.1841287721997373,2.042025880112991,1.9207731263908239,1.881422075560126,2.477930682397944,1.6944918331013687,2.187220025952101,2.359998017019663,2.36517553572524,1.609556785966922,1.2813240250418356,1.7784531287347234,2.179089589440327,1.232040542737676,2.220304606920334,2.2149959135674635,2.1544824352125627,1.4958468728180916,1.9712154272144795
-0.06213458195594941,-7.14849836476513,2.40645234842592,1.624909129824614,2.996257218875429,2.661242268463159,1.4329303675716336,2.131676794221229,2.2216353419097494,1.6572782062111948,1.6444926558014428,2.146636876103371,2.397892747976016,2.2196952810454595,1.7242049609842296,2.7911709087444976,2.4016294749148956,2.557217469776896,2.2958601757042247,2.2157694924848235,1.503080535787266,2.508203684547367,2.0231432780984333,1.8926407373244365,0.9159437181352623,2.4457421781506863,1.5665541439876558,1.8521887532579833,1.6221370140789435,2.556506594779104,2.2740968309792375,2.4682689508797075,2.0466119520441186,1.9901672778603243,1.1781748984573437,0.7760458854870427,2.3269451338889127,1.6114112514530687,2.6595060690852685,0.9177978499196338,2.0740023819971656,2.2170682322287396,1.991427430835685,1.3567441389953585,2.1733803407826002,2.3617684667353087,2.108845981251469,2.8345764963781086,2.5525499400720646,2.249230128493048,2.508406897094721,1.5919783444579931,2.0781435816183293,2.3423267064305184,2.3202511675098103,2.4280908673325214,3.0327060145916116,1.2005320272639317,1.6144413881974409,1.614545770117506,1.599310330768503,1.859091548544278,2.93474699984945,2.902912233441435,1.824446794048913,2.5442116586580052,2.1982040433310903,2.503305253365821,1.9210210017220455,1.334152138844312,1.7250903122512724,2.2538029844132703,1.7578379448588894,1.9139313320948392,2.3698947456307184,1.636446056876429,1.024589195175956,2.206637417988098,1.5672455798031513,2.754671129891496,1.903204594067596,2.1785815710361174,1.237550374821387,2.2280415311591906,2.08150447009674,1.9699059012022044,1.9244085920047864,2.525119578911231,1.7341582204024413,2.2445696307157847,2.409939905762778,2.415875141609555,1.6567835791719439,1.3269641524115192,1.8220867079734082,2.220495559533502,1.278308624911852,2.2604461457726233,2.264449202631236,2.195884913653088,1.537701735504042,2.0179824832772972
-0.05777235507812474,5.99797245359159,2.45198411852431,1.662178477896482,3.039246762920067,2.713992603865071,1.4790388527127443,2.175399802711521,2.261694158364282,1.6955149452762488,1.6878650454134243,2.2008919982673074,2.4393838469181066,2.265463353647995,1.7744514094506096,2.8398625610849946,2.4430801815675505,2.6094077653950523,2.342189556645634,2.2571330001695484,1.549119955811588,2.553616114915666,2.0675579925185623,1.9432717902678462,0.9634719252730741,2.4902822032894996,1.6114983285656515,1.8973101073486005,1.659522083726679,2.60887848995562,2.3197441981917333,2.5174777145558354,2.0872554655548505,2.0381795294959035,1.21911927122638,0.8337969638857985,2.3718713188232705,1.6599951691287005,2.711800893970234,0.9650019515866972,2.1153615695873293,2.258517107606572,2.0369079088344115,1.3994531481921402,2.215606161981243,2.404076503491342,2.155088437567886,2.886488960245927,2.6054923368871608,2.2892697838412737,2.564894631506464,1.6314117348793837,2.1206119200054028,2.3824398611487503,2.3728526199822353,2.4739969912118758,3.068717440374643,1.2399219441882994,1.658063141040668,1.656839590673542,1.6488853035448516,1.902577921821025,2.9786314237830105,2.9561548878456216,1.8649821906234114,2.5843562044843402,2.2453040101149693,2.5501852447919546,1.974496904796933,1.3784709654824236,1.772628555468555,2.305957413737917,1.796000997603296,1.9603180570224172,2.4200013619460847,1.6845781342045256,1.0669870811406204,2.252229500068464,1.6123900033448642,2.8020347981494025,1.9449943191448915,2.226692871203052,1.2779260447835477,2.2719542901186367,2.120983060080511,2.019038676013591,1.967395108449406,2.572308475424486,1.7738246077035205,2.301948094012933,2.4598817945058986,2.4665747474939064,1.7040103723769662,1.3726042797812184,1.8657202872120837,2.261933499856979,1.3245767070860435,2.300587684624901,2.3139024916950257,2.237287392093613,1.5795565981899962,2.0647495393400765
-0.05341012820030006,-6.7558562141099,2.497515888622674,1.6994478259683257,3.082236306964683,2.7667429392669796,1.5251473378538642,2.2191228112017845,2.301752974818802,1.7337516843413059,1.7312374350254058,2.255147120431232,2.480874945860176,2.311231426250542,1.8246978579169928,2.8885542134254596,2.4845308882202275,2.661598061013203,2.3885189375870324,2.298520636214187,1.5951593758359348,2.5990634351954194,2.1119727069386824,1.9939028432112533,1.0110001324108984,2.53482222842831,1.6564425131436378,1.9424314614392115,1.6969071533744053,2.6612503851321527,2.3653915654041953,2.566686478231966,2.1278989790655913,2.086191781131469,1.2600636439954136,0.8915480422845636,2.4167975037576372,1.708579086804338,2.7640957188551996,1.0122060532537482,2.156720757177493,2.299965982984398,2.0823883868331414,1.442162157388919,2.257831983179872,2.44638454024739,2.2013308938843226,2.9384014241137297,2.6584347337022916,2.329309439189525,2.621382365918225,1.6708451253007677,2.1630802583925117,2.422553015867001,2.4254540724546514,2.519903115091215,3.104728866157658,1.2793118611126826,1.7016848938838953,1.699133411229562,1.6984602763212038,1.9460642950977223,3.022515847716579,3.0093975422497987,1.9055175871979,2.6245007503106885,2.292403976898874,2.5970652362180537,2.0279728078718113,1.4227897921205415,1.8201667986858594,2.3581118430625647,1.834164050347684,2.0067047819500043,2.4701079782614146,1.7327102115326063,1.1093849671052782,2.2978630777131253,1.6575344268865766,2.849420882863255,1.9867840442221933,2.2748041713699925,1.3183017147457177,2.31586704907809,2.1604616500642564,2.0681714508249955,2.0103816248940474,2.619497371937757,1.8134909950046028,2.3593825541014724,2.5098236832490075,2.5172743533782462,1.7512371655819912,1.4182444071509146,1.9093538664507463,2.3034241033975063,1.3708447892602196,2.340729223477168,2.363355780758787,2.278689870534132,1.621411460875953,2.111516595402872
-0.049047901322475405,-5.60292973420411,2.5430476587210604,1.7367171740401688,3.1252258510093176,2.819493274668895,1.5712657097115776,2.2628458196920516,2.3418117912733347,1.771988423406366,1.7746468555460069,2.309402242595178,2.522366044802279,2.35699949885308,1.8749443063833884,2.9372458657659433,2.5259815948728885,2.7137883566313388,2.434848318528438,2.3399082722588185,1.6411987958602692,2.6445107554751797,2.156387421358783,2.0445338961546753,1.0585283395486884,2.5793622535671172,1.701386697721649,1.987552815529851,1.7342922230221378,2.7136222803086936,2.411038932616669,2.615895241908099,2.1685424925763384,2.1342040327670606,1.30100801676445,0.9492991206833223,2.461723688692004,1.7571630044799849,2.8163905437401775,1.059410154920815,2.198079944767658,2.341414858362233,2.1278688648318713,1.4848711665857037,2.3000578043784827,2.488692577003417,2.247573350200758,2.9903138879815474,2.7113771305173877,2.3693490945377604,2.6778701003299865,1.7102785157221396,2.2055485967795976,2.4626661705852175,2.4780555249271012,2.5658092389705693,3.1407402919406833,1.3187017780370471,1.7453066467271292,1.7414323649063121,1.7480663470810753,1.9895506683744661,3.0664002716501484,3.0626401966539856,1.946052983772389,2.6646452961370395,2.339503943682769,2.6439452276441715,2.081448710946699,1.4671086187586688,1.8677050419031762,2.4102662723872177,1.8723271030920998,2.0530915068775766,2.5202145945767755,1.7808422888607065,1.1517828530699143,2.3434966553578027,1.702678850428286,2.896806967577101,2.0285737692994923,2.3229154715369402,1.3586773847078815,2.3598325173600623,2.199940240048015,2.1173042256363823,2.0533681413386766,2.666686268451019,1.8531573823056882,2.4168170141900003,2.559765571992113,2.5679739592625754,1.7984639587870135,1.4639430564055498,1.9529874456894343,2.3449147069380576,1.4171128714343986,2.380870762329436,2.4128090698225817,2.3200923489746543,1.6632663235618754,2.1582836514656547
-0.044685674444650735,-4.96268021098478,2.5885794288194317,1.7739865221120155,3.168215395053946,2.8722436100708038,1.6174747299612127,2.306568828182331,2.381870607727855,1.8102251624714383,1.8181175260126905,2.363657364759102,2.5638571437443503,2.4027675714556267,1.9251907548497746,2.9859375181064216,2.567432301525572,2.7659786522494834,2.4811776994698427,2.381295908303481,1.6872382158845973,2.689958075754914,2.200802135778919,2.0951649490980886,1.1060565466865158,2.623902278705952,1.7463308822996229,2.032674169620474,1.771677292669864,2.765994175485229,2.4566862998291494,2.6651040055842143,2.209186006087079,2.1822162844026183,1.3419523895334708,1.0070501990820906,2.5066498736263645,1.8057469221555975,2.868685368625158,1.1066142565878565,2.239439132357824,2.382863733740053,2.173349342830601,1.5275801757824887,2.3422836255771218,2.5310006137594563,2.2938158065171814,3.0422263518493624,2.7643195273325034,2.409388749885996,2.7344051574602704,1.7497119061435178,2.2480169351666905,2.5027793253034716,2.530656977399514,2.61171536284993,3.176751717723718,1.3580916949614024,1.788928399570344,1.7838271152926197,1.797740093468896,2.033037041651176,3.1102846955836982,3.1158828510581538,1.9865883803468967,2.704789841963377,2.386603910466664,2.690825219070284,2.1349246140215588,1.511427445396771,1.9152432851204562,2.4624207017118582,1.9104901558365095,2.099478231805157,2.5703212108921454,1.8289743661887934,1.1941807390345818,2.3891302330024837,1.7478232739700015,2.944193052290969,2.0703634943767977,2.371026771703881,1.3990530546700453,2.4038422548946734,2.239418830031773,2.1664370004477718,2.0963546577833174,2.713875164964289,1.892823769606758,2.474251474278537,2.6097074607352395,2.6186735651469153,1.845690751992026,1.509679679505403,1.9966210249280911,2.3864053104786,1.463380953608581,2.421012301181719,2.4622623588863615,2.3614948274151732,1.7051211862478446,2.205050707528444
-0.040323447566826064,9.67987979934236,2.634111198917818,1.8112558701838746,3.2112049390985966,2.9249939454727034,1.6636837502108481,2.3503934899199104,2.42192942418239,1.8484619015364923,1.8615881964793617,2.4179124869230515,2.6053482426864134,2.448535644058171,1.9754372033161547,3.0346291704468893,2.6088830081782426,2.818168947867627,2.5275070804112456,2.4226835443480947,1.733277635908941,2.7354053960346834,2.2452168501990384,2.145796002041508,1.1535847538243307,2.6684423038447376,1.7912750668776247,2.077795523711101,1.8090623623175965,2.8183660706617513,2.5023336670416354,2.71431276926036,2.2498295195978164,2.2302285360381964,1.382896762302495,1.0648012774808526,2.551576058560725,1.854330839831235,2.92098019351013,1.1538183582549137,2.280798319947973,2.4243126091178695,2.218829820829316,1.5702891849792675,2.3845094467757644,2.573308650515499,2.3400582628336117,3.094192613447893,2.8172619241476156,2.4494284052342463,2.7909991393135707,1.789145296564908,2.2904852735537835,2.5428924800216883,2.583258429871951,2.6576214867293,3.2127631435067423,1.3974816118857794,1.8325501524135654,1.82622186567893,1.8474138398567017,2.076523414927901,3.15416911951728,3.169125505462353,2.027123776921388,2.744934387789713,2.433703877250543,2.7377052104963955,2.1884005170964587,1.5557462720348918,1.962781528337748,2.5145751310365183,1.9486532085809067,2.1459555306383535,2.620427827207478,1.8771064435168932,1.2365786249992303,2.4347638106471488,1.792967697511714,2.991579137004819,2.1121532194540933,2.419138071870819,1.439428724632206,2.4478519924292614,2.278897420015519,2.215569775259161,2.1393411742279467,2.761064061477539,1.9324901569078465,2.531685934367089,2.6597411909616175,2.669373171031239,1.8929175451970452,1.5554163026052465,2.0402546041667726,2.427895914019124,1.5096490357827663,2.4611538400340116,2.5117156479501377,2.4028973058557046,1.74697604893378,2.2518896190203934
-0.0359612206890014,7.77054352653173,2.6796429690161956,1.8486009163436041,3.254194483143225,2.9777442808746057,1.7098927704604645,2.39422791027432,2.461988240636895,1.8866986406015618,1.9050588669460236,2.4721676090869877,2.6468393416285227,2.4943037166607116,2.025738101431034,3.0833208227873925,2.6503337148309134,2.8703592434857814,2.5738364613526565,2.4640711803927324,1.7793170559332692,2.780852716314431,2.2896315646191523,2.196427054984909,1.2011129609621394,2.712982328983557,1.8362192514556173,2.1229168778017122,1.8464474319653352,2.8707879115714583,2.5479810342541,2.763521532936478,2.2904730331085634,2.2782407876737727,1.4238411350715314,1.122552355879602,2.596502243495098,1.9029147575068792,2.9732750183951326,1.2010224599219743,2.32215750753815,2.4657614844957054,2.2643102988280583,1.6129981941760525,2.426735267974391,2.615616687271557,2.386300719150041,3.1462212466408834,2.870204320962727,2.489468060582479,2.847593121166889,1.82857868698628,2.332953611940882,2.5830056347399326,2.6358598823443797,2.703527610608636,3.2487745692897834,1.4368715288101406,1.8761719052567896,1.8686166160652402,1.8970875862445415,2.120009788204639,3.19805354345083,3.2223681598665204,2.0676591734958834,2.7850789336160764,2.480803844034451,2.7845852019225203,2.2418764201713373,1.6000650986730098,2.0103197715550616,2.5667295603611464,1.9868162613253133,2.1924547691152307,2.6705344435228326,1.9252385208449867,1.2789765109638884,2.4803973882918138,1.838112121053433,3.038965221718674,2.153942944531389,2.467249372037757,1.4798043945943793,2.4918617299638877,2.318376009999274,2.2647025500705515,2.182327690672601,2.8082529579908035,1.9721565442089164,2.5891203944556196,2.709795467218928,2.7200727769155755,1.9401443384020578,1.601152925705103,2.083888183405442,2.4693865175596663,1.5559171179569484,2.501295378886282,2.5611689370139237,2.444299784296226,1.7888309116197367,2.2987710495750644
-0.03159899381117673,-4.45168632105295,2.725174739114582,1.8859968285032356,3.297184027187857,3.030494616276524,1.7561017907101093,2.4380623306287195,2.502047057091424,1.9249353796666127,1.9485295374127165,2.526422731250909,2.688330440570595,2.5400717892632585,2.076113454791881,3.1320124751278735,2.6918299704281425,2.9225495391039136,2.620165842294062,2.5054588164373612,1.8253564759576004,2.8263000365941844,2.334046279039259,2.2470581079283276,1.2486411680999419,2.7575223541223632,1.881163436033616,2.1680382318923357,1.8838325016130548,2.9232892077045936,2.593698089718891,2.812730296612621,2.3311165466192953,2.3262530393093357,1.4647855078405712,1.1803034342783703,2.6414284284294585,1.9514986751825074,3.025569843280098,1.2482265615890284,2.363516695128304,2.507210359873544,2.309790776826776,1.6558319425241963,2.4689610891730114,2.6579247240275867,2.4325431754664804,3.1982498798338703,2.9231467177778354,2.5295077159307047,2.9041871030202175,1.8680120774076514,2.3754219503279845,2.623118789458168,2.688461334816802,2.749433734488006,3.284785995072805,1.4762614457345051,1.9197936581000203,1.9110113664515505,1.9467613326323503,2.163496161481355,3.2419379673843833,3.2756108142707037,2.1081945700703786,2.8252234794424087,2.5279038108183522,2.8314651933486417,2.295352323246215,1.6443839253111185,2.0578580147723633,2.6188839896857994,2.0249793140697196,2.238954007592117,2.720641059838184,1.9733705981730771,1.321374396928537,2.5260309659364752,1.8832565445951392,3.0863513064325234,2.1957326696086845,2.5153606722046913,1.5201800645565398,2.535871467498483,2.3578545999830354,2.313835324881941,2.2253142071172265,2.8554418545040834,2.0118229315099985,2.6465548545441564,2.7598497434762477,2.770772382799933,1.9873711316070801,1.6468895488049407,2.127521762644111,2.5108771211002034,1.6021852001311243,2.541436917738559,2.6106222260777097,2.485702262736745,1.8306857743056872,2.345652480129755
-0.027236766933352058,7.04164491669289,2.770706509212956,1.9233927406628795,3.340173571232498,3.0832449516784335,1.8023108109597323,2.4818967509831413,2.5421058735459665,1.9631721187316786,1.9920002078793908,2.5806778534148522,2.7298215395126784,2.5858398618658027,2.126488808152727,3.180704127468357,2.73342661394671,2.9747398347220546,2.6664952232354615,2.5468464524819865,1.8713958959819348,2.8717473568739225,2.3784609934593854,2.2976891608717507,1.296169375237766,2.802062379261174,1.9261076206116148,2.213159585982975,1.9212175712607873,2.9757905038377563,2.6394884140518338,2.8619390602887425,2.3717600601300424,2.3742652909449173,1.505729880609583,1.238054512677123,2.686354613363819,2.0000825928581323,3.077864668165076,1.2954306632560857,2.4048758827184713,2.5486592352513506,2.3552712548254995,1.6986771073872668,2.511186910371653,2.700232760783633,2.478785631782917,3.2502785130268546,2.976089114592935,2.569547371278934,2.960781084873533,1.9074454678290513,2.417890288715074,2.663231944176397,2.7410627872892332,2.795339858367348,3.320797420855839,1.5156513626588886,1.963415410943232,1.9534061168378607,1.9964350790201715,2.206982534758077,3.2858223913179465,3.3288534686748816,2.1487299666448703,2.865368025268756,2.575003777602231,2.8783451847747283,2.348828226321084,1.6887027519492361,2.1053962579896615,2.67103841901044,2.063142366814117,2.285453246069003,2.770747676153529,2.0215026755011642,1.363772282893201,2.5716645435811527,1.928400968136858,3.133737391146367,2.237522394685989,2.563471972371623,1.56055573451871,2.5798812050330904,2.3973331899667842,2.362968099693343,2.2683007235618833,2.902630751017348,2.051489318811078,2.7039893146326843,2.8099040197335734,2.821471988684248,2.034597924812105,1.692626171904781,2.171155341882783,2.552367724640752,1.6484532823053006,2.5815784565908455,2.660075515141486,2.5271047411772676,1.8725406369916382,2.3925339106844197
-0.02287454005552739,-6.04851239274555,2.816238279311343,1.9607886528224856,3.3831631152771076,3.1359952870803234,1.8485198312093736,2.5257311713375286,2.582164690000493,2.001408857796723,2.035470878346068,2.6349329755787823,2.771312638454763,2.6316079344683505,2.1768641615135618,3.2293957798088444,2.7750232574652767,3.026930130340218,2.7128246041768724,2.58823408852664,1.9174353160062692,2.917194677153673,2.422875707879496,2.34832021381517,1.3436975823755621,2.8466024043999836,1.9711968522133694,2.258280940073611,1.9586026409085135,3.0282917999708756,2.685278738384792,2.9111478239648854,2.412403573640777,2.42227754258049,1.5466742533786222,1.2958055910759005,2.731280798298183,2.04866651053377,3.1301594930500567,1.342634764923146,2.446235070308636,2.590108110629174,2.400751732824232,1.7415222722503592,2.553412731570286,2.7425407975396725,2.525028088099334,3.3023071462198574,3.02903151140805,2.609587026627163,3.017375066726842,1.946878858250414,2.4603586271021545,2.703345098894629,2.793664239761667,2.8412459822467024,3.3568088466388613,1.5550412795832467,2.007037163786447,1.9958008672241554,2.046108825407983,2.2504689080348115,3.329706815251509,3.382096123079055,2.1892653632193717,2.905512571095101,2.6221037443861297,2.9252251762008585,2.4023041293959686,1.733021578587351,2.1529345012069507,2.7231928483350964,2.101305419558517,2.3319524845458828,2.8208542924688897,2.0696347528292423,1.4061701688578403,2.617298121225831,1.9735453916785828,3.1811234758602254,2.2793121197632846,2.611583272538561,1.6009314044808673,2.6238909425676917,2.4368117799505455,2.4121008745047323,2.3112872400065188,2.9498196475306067,2.0911557061121604,2.761423774721215,2.8599582959909,2.8721715945686093,2.0818247180171214,1.7383627950046312,2.214788921121456,2.5938583281812884,1.6947213644794952,2.6217199954431285,2.7095288042052657,2.568507219617799,1.9143954996775918,2.4394153412391066
-0.018512313177702727,8.50015536096778,2.861770049409717,1.9981845649821361,3.4261526593217644,3.188745622482233,1.8947288514589997,2.569565591691922,2.622223506455022,2.0396455968617957,2.078941548812746,2.6891880977427256,2.8128037373968384,2.677376007070894,2.2272395148744106,3.278087432149313,2.816619900983844,3.0791204259583527,2.7591539851182656,2.6296217245712716,1.963474736030603,2.9626419974334146,2.467290422299615,2.39895126675857,1.3912257895133833,2.8911424295387906,2.0163183658247092,2.3034022941642345,1.9959877105562558,3.080793096104026,2.7310690627177276,2.9603565876409723,2.4530470871515266,2.470289794216054,1.5876186261476588,1.3535566694746406,2.776206983232562,2.0972504282093984,3.182454317935041,1.389838866590194,2.487594257898797,2.631556986007009,2.446232210822953,1.7843674371134266,2.5956385527689125,2.7848488342957083,2.5712705444157695,3.354335779412845,3.0819739082231594,2.649626681975395,3.0739690485801585,1.9863122486718072,2.5028269654892563,2.743458253612883,2.846265692234086,2.887152106126054,3.392820272421873,1.594431196507608,2.050658916629681,2.038195617610472,2.0957825717958194,2.2939552813115363,3.3735912391850906,3.4353387774832456,2.229800759793873,2.945657116921433,2.6692037111700087,2.9721051676269648,2.4557800324708534,1.7773404052254718,2.200472744424255,2.7753472776597468,2.1394684723029176,2.3784517230227653,2.8709609087842285,2.1177668301573487,1.4485680548224984,2.6629316988704987,2.0186898152202923,3.2285095605740777,2.3211018448405865,2.6596945727054955,1.6413070744430345,2.6679006801023046,2.476290369934298,2.461233649316103,2.354273756451148,2.9970085440438714,2.130822093413239,2.818858234809764,2.910012572248198,2.9228712004529296,2.1290515112221335,1.7840994181044685,2.2584225003601404,2.635348931721821,1.740989446653671,2.6618615342953937,2.758982093269042,2.6099096980583143,1.9562503623635485,2.4862967717937687
-0.01415008629987801,-3.37002016006358,2.907301819508091,2.03558047714177,3.4691422033663892,3.2414959578841414,1.9409378717086476,2.61340001204635,2.6622823229095482,2.0778823359268435,2.122412219279413,2.7434432199066556,2.854294836338923,2.723144079673432,2.2776148682352577,3.3267790844898126,2.858216544502408,3.1313107215765035,2.80548336605968,2.671009360615897,2.0095141560549443,3.0080893177131776,2.5117051367197254,2.449582319701987,1.438753996651192,2.9356824546775977,2.0614398794360396,2.348523648254858,2.0333727802039947,3.1332943922371888,2.7768593870506892,3.0095653513171214,2.493690600662265,2.5183020458516454,1.6285629989166768,1.4113077478734213,2.8211331681669165,2.1458343458850324,3.2347491428200126,1.4370429682572419,2.5289534454889546,2.6730058613848513,2.491712688821683,1.827212601976519,2.6378643739675516,2.8271568710517574,2.6175130007322,3.406364412605842,3.134916305038277,2.689666337323649,3.13056303043348,2.0257456390931763,2.5452953038763333,2.7835714083310927,2.898867144706527,2.9330582300054244,3.4288316982049016,1.6338211134319913,2.094280669472905,2.0805903679967885,2.145456318183622,2.337441654588268,3.417475663118654,3.4885814318874475,2.2703361563683684,2.9858016627477744,2.7163036779539196,3.0189851590530887,2.5092559355457187,1.8216592318635898,2.2480109876415533,2.827501706984375,2.1776315250473335,2.424950961499639,2.921067525099592,2.165898907485439,1.4909659407871472,2.7085652765151673,2.0638342387620083,3.2758956452879273,2.3628915699178945,2.707805872872452,1.6816827444052074,2.711910417636897,2.5157689599180557,2.510366424127511,2.3972602728957826,3.044197440557139,2.1704884807143214,2.8762926948983134,2.9600668485055177,2.973570806337272,2.176278304427165,1.8298360412043186,2.3020560795988034,2.676839535262351,1.787257528827863,2.7020030731476794,2.808435382332828,2.6513121764988368,1.9981052250494897,2.5331782023484424
-0.00978785942205343,-5.32364404456859,2.952833589606481,2.072976389301399,3.5121317474110274,3.2942462932860375,1.9871468919582609,2.657234432400747,2.702341139364072,2.11611907499191,2.1658828897460936,2.797698342070592,2.895785935280994,2.7689121522759796,2.327990221596126,3.3754707368303,2.8998131880209757,3.1835010171946543,2.851812747001098,2.7123969966605355,2.0555535760792623,3.053536637992922,2.5561198511398544,2.500213372645397,1.4862822037890069,2.9802224798164083,2.106561393047354,2.3936450023454725,2.070757849851705,3.1857956883703107,2.8226497113836215,3.058774114993258,2.534334114172996,2.566314297487205,1.6695073716857134,1.469058826272174,2.8660593531012895,2.1944182635606735,3.2870439677049816,1.484247069924299,2.570312633079128,2.714454736762665,2.5371931668204093,1.8700577668395957,2.680090195166203,2.869464907807803,2.663755457048623,3.4583930457988297,3.187858701853383,2.729705992671878,3.1871570122867805,2.0651790295145567,2.5877636422634414,2.8236845630493344,2.9514685971789554,2.97896435388476,3.464843123987933,1.6732110303563588,2.1379024223161354,2.1229851183830837,2.1951300645714467,2.380928027864984,3.4613600870522037,3.541824086291612,2.310871552942851,3.0259462085741315,2.763403644737811,3.0658651504792003,2.5627318386205884,1.8659780585016985,2.295549230858845,2.879656136309019,2.215794577791727,2.4714501999765224,2.9711741414149433,2.214030984813532,1.533363826751802,2.754198854159826,2.1089786623037234,3.3232817300017956,2.4046812949951875,2.755917173039374,1.722058414367362,2.75592015517151,2.555247549901808,2.5594991989389104,2.440246789340434,3.091386337070407,2.2101548680153975,2.933727154986838,3.0101211247628408,3.024270412221611,2.223505097632178,1.8755726643041528,2.3456896588374754,2.7183301388028935,1.833525611002045,2.7421446119999633,2.8578886713965987,2.6927146549393584,2.0399600877354374,2.580059632903117
-0.0054256325442286315,-6.25992943795333,2.9983653597048514,2.1103723014610427,3.555121291455662,3.346996628687962,2.033355912207912,2.7010688527551654,2.742399955818601,2.1543558140569763,2.209353560212765,2.8519534642345317,2.9372770342230785,2.814680224878523,2.3783655749569474,3.4241623891707773,2.941409831539543,3.2356913128127927,2.898142127942494,2.7537846327051705,2.1015929961036157,3.098983958272675,2.6005345655599648,2.550844425588835,1.5338104109268096,3.024762504955228,2.1516829066586967,2.4387663564361084,2.10814291949945,3.2382969845034486,2.8684400357165734,3.1079828786693913,2.574977627683759,2.614326549122781,1.710451744454734,1.526809904670939,2.91098553803565,2.243002181236302,3.3393387925899622,1.531451171591353,2.6116718206692733,2.755903612140494,2.582673644819133,1.9129029317026693,2.7223160163648172,2.9117729445638325,2.7099979133650685,3.5104216789918254,3.2408010986684888,2.7697456480201073,3.2437509941401084,2.104612419935938,2.630231980650528,2.863797717767567,3.0040700496513706,3.0248704777640985,3.5008545497709633,1.712600947280736,2.1815241751593533,2.1653798687694064,2.244803810959268,2.4244144011416973,3.5052445109857695,3.5950667406957857,2.3514069495173615,3.06609075440047,2.8105036115216935,3.1127451419053154,2.6162077416954723,1.9102968851398037,2.343087474076147,2.931810565633672,2.253957630536137,2.5179494384533934,3.0212807577303007,2.262163062141614,1.5757617127164847,2.799832431804516,2.154123085845433,3.3706678147156515,2.4464710200724866,2.8040284732063183,1.7624340843295319,2.7999298927061114,2.594726139885563,2.6086319737502937,2.4832333057850624,3.1385752335836683,2.2498212553164674,2.9911616150753746,3.0601754010201576,3.0749700181059447,2.270731890837194,1.9213092874040247,2.3893232380761606,2.7598207423434333,1.879793693176224,2.78228615085224,2.9073419604603963,2.7341171333798897,2.0818149504213945,2.626941063457801
-0.0010634056664040957,-5.1464045597184,3.0401830576221007,2.1437082259141365,3.5940541983371075,3.395787553985894,2.075592098260885,2.7410758311888133,2.7786521373023154,2.1891063617689,2.24904486893978,2.902114212240532,2.974927853090505,2.85636386737369,2.4249039842409923,3.4690980737966814,2.9789700270864525,3.284219324978091,2.9406278731801008,2.791121365930371,2.1437727592120766,3.1406500329888676,2.6413284583523575,2.5973500830471785,1.5773270662179721,3.065528837347724,2.1929359932131405,2.4799172232421487,2.14162723233101,3.2869510585040373,2.9103203606344596,3.153538946719655,2.6117649940811836,2.658376746096076,1.7473371812433476,1.5807608815791607,2.9520723106975817,2.287522443017938,3.387528458127444,1.5745663170563005,2.6491493739305474,2.7933533948941394,2.624401175918937,1.9516746154788047,2.76044587687252,2.9502157445918185,2.75265613193534,3.5583934863305826,3.289850693768254,2.8060215042142262,3.2965335272985614,2.140240229459624,2.6689171369058,2.900022586992397,3.0525597232318127,3.0666626093699962,3.5327369566537286,1.7478870089906053,2.221099445394202,2.2040439435269015,2.2904704769316684,2.4634960533413377,3.5450639653292066,3.644719404463933,2.3877766303951615,3.102126459354233,2.8536421937921084,3.155581143828549,2.6653426995184075,1.9508236207308467,2.386853496121126,2.9798053103501543,2.2884321458034176,2.560491625982144,3.0675278457174153,2.3065278319377835,1.6143069039121813,2.8414302704368497,2.1952782619270526,3.41422981462438,2.4844993327878893,2.8483002241947784,1.7990177497941489,2.840012219778977,2.630329961101653,2.653846226424087,2.522475997663788,3.1818853714468336,2.285787623669135,3.0446400637476847,3.1064567619054895,3.121765549509597,2.3142394882367956,1.9629667655294665,2.429210520137147,2.797332179017914,1.9222602388322583,2.818592763025042,2.9529539251909718,2.771958891050696,2.1197162565448293,2.669977125054282
0.0032988212114207034,8.80269203762974,3.073697105714569,2.169056224000107,3.6249958258726807,3.436492338573493,2.109754957802224,2.7728756661474048,2.8066789378853665,2.2153814093229576,2.280487246352547,2.944321763401841,3.0043828971564697,2.8900842103825415,2.4632436560940967,3.50576495000361,3.0085188567254324,3.3244019797121167,2.9749208296720333,2.8204610941341883,2.177774072890494,3.174068790055249,2.673744707032066,2.635934367780856,1.6128078647075232,3.098041394125218,2.226018537443977,2.5129925166363085,2.1669705009480627,3.327415541830465,2.944068174924028,3.190742103222049,2.640370758041497,2.694343319506565,1.7762336385791115,1.626480799145608,2.984962537309271,2.3240584556202606,3.427775938341079,1.6097227553431355,2.6784683690597397,2.8227551807793416,2.657857353852627,1.9824719319263913,2.79062415682116,2.980485121207753,2.7869090478949623,3.598374203004762,3.330751935479106,2.8340351726370665,3.3410948780743706,2.167641740393769,2.6993566363754056,2.928094968036672,3.093113997851143,3.1005216158995914,3.55670173826615,1.7752295508783378,2.2526733081559893,2.2344180595480854,2.328096920250143,2.4949631355729185,3.576900489021284,3.6859710629337066,2.4162669928185165,3.1302237506715755,2.888696514300152,3.1904132594501444,2.70678991697957,1.9831123664430497,2.4223644879282693,3.0199143968737125,2.314582257337979,2.5949454303178117,3.105596368643452,2.3426333908613683,1.6446673976564445,2.8750160414735184,2.2283759033848787,3.4495817127668458,2.514263436377627,2.8843755507799056,1.8273633506886366,2.871978232151627,2.657768982953308,2.6909358767627998,2.5534396822806205,3.217034333984767,2.3134388746703483,3.090029142007868,3.1444836842604422,3.160423094741291,2.3494476442834804,1.9966555943652893,2.4608208650349956,2.8267763659403,1.956496970390871,2.8466988490440066,2.990371043725129,2.801377982943568,2.1495258631315517,2.7048219426181763
0.007661048089245284,9.11394283586979,3.107211153807034,2.194404222086077,3.6559374534082645,3.4771971231611083,2.1439178173435716,2.8046755011060114,2.8347057384684016,2.2416564568770125,2.311929623765317,2.9865293145631284,3.0338379412224628,2.9238045533914088,2.5015833279471975,3.5424318262105423,3.0380676863644,3.3645846344461434,3.0092137861639685,2.849800822338005,2.2117753865689176,3.2074875471216204,2.7061609557117716,2.674518652514541,1.6482886631970832,3.130553950902703,2.259101081674829,2.5460678100304426,2.192313769565099,3.367880025156899,2.9778159892135987,3.2279452597244624,2.6689765220018185,2.7303098929170595,1.8051300959148626,1.6722007167120523,3.0178527639209793,2.360594468222577,3.4680234185547008,1.6448791936299794,2.707787364188923,2.852156966664544,2.6913135317863297,2.013269248373959,2.8208024367697684,3.0107544978236875,2.8211619638545713,3.6383549196789513,3.3716531771899767,2.862048841059922,3.385656228850187,2.1950432513279026,2.7297961358450182,2.956167349080947,3.1336682724704694,3.1343806224291857,3.580666519878548,1.8025720927660702,2.2842471709177588,2.2647921755692666,2.3657233635686277,2.526430217804484,3.6087370127133678,3.7272227214034688,2.4447573552418778,3.1583210419889225,2.9237508348082306,3.2252453750717303,2.7482371344407257,2.0154011121552715,2.4578754797353994,3.060023483397244,2.3407323688725468,2.6293992346535164,3.143664891569463,2.3787389497849283,1.6750278914006984,2.9086018125101747,2.261473544842695,3.48493361090933,2.5440275399673844,2.9204508773650355,1.8557089515831524,2.9039442445242987,2.6852080048049443,2.728025527101484,2.584403366897453,3.252183296522688,2.3410901256715553,3.135418220268039,3.1825106066153666,3.19908063997298,2.3846558003301377,2.0303444232010968,2.4924312099328763,2.856220552862692,1.9907337019494997,2.874804935062965,3.027788162259289,2.8307970748364584,2.179335469718315,2.739666760182054
0.012023274967070039,8.1675851391709,3.140725201899518,2.2197522201720563,3.6868790809438474,3.5179019077487137,2.1780806768849006,2.8364753360645993,2.86273253905144,2.267931504431063,2.3433720011780963,3.0287368657244045,3.0632929852884363,2.9575248964002787,2.539922999800293,3.579098702417471,3.067616516003368,3.4047672891801737,3.0435067426558975,2.879140550541834,2.2457767002473217,3.2409063041879964,2.7385772043914844,2.7131029372482223,1.6837694616866525,3.163066507680182,2.292183625905662,2.5791431034246086,2.217657038182163,3.4083445084833306,3.0115638035031687,3.2651484162268662,2.6975822859621195,2.766276466327554,1.834026553250611,1.7179206342784903,3.0507429905326937,2.39713048082488,3.5082708987683136,1.6800356319168082,2.7371063593181226,2.8815587525497337,2.724769709720011,2.0440665648215575,2.850980716718402,3.041023874439631,2.855414879814175,3.6783356363531494,3.4125544189008314,2.890062509482762,3.4302175796259835,2.222444762262066,2.760235635314637,2.984239730125216,3.174222547089803,3.168239628958796,3.6046313014909597,1.829914634653812,2.315821033679531,2.2951662915904416,2.403349806887099,2.5578973000360534,3.6405735364054514,3.768474379873255,2.473247717665248,3.186418333306256,2.9588051553162815,3.2600774906933285,2.789684351901885,2.047689857867481,2.4933864715425367,3.100132569920796,2.366882480407117,2.6638530389891875,3.1817334144954907,2.4148445087085166,1.7053883851449647,2.942187583546831,2.2945711863005087,3.5202855090517904,2.573791643557138,2.9565262039501565,1.8840545524776526,2.9359102568969613,2.7126470266565805,2.765115177440194,2.615367051514304,3.28733225906062,2.3687413766727747,3.1808072985282223,3.2205375289703007,3.2377381852046865,2.419863956376804,2.064033252036908,2.5240415548307373,2.885664739785078,2.0249704335081153,2.9029110210819224,3.065205280793446,2.860216166729324,2.2091450763050524,2.7745115777459572
0.01638550184489462,8.16658807458692,3.1742392499920085,2.2451002182580204,3.7178207084794126,3.5586066923363067,2.2122435364262447,2.868275171023206,2.8907593396344886,2.294206551985112,2.374814378590872,3.0709444168856983,3.0927480293544107,2.9912452394091362,2.5782626716533974,3.615765578624403,3.0971653456423383,3.4449499439142093,3.077799699147839,2.9084802787456416,2.279778013925764,3.2743250612543715,2.770993453071184,2.7516872219818946,1.719250260176213,3.195579064457676,2.3252661701365067,2.6122183968187587,2.2430003067992033,3.4488089918097584,3.045311617792737,3.302351572729264,2.726188049922426,2.8022430397380553,1.8629230105863719,1.763640551844947,3.083633217144383,2.4336664934272063,3.548518378981936,1.7151920702036427,2.7664253544473123,2.9109605384349235,2.7582258876536985,2.0748638812691347,2.8811589966670264,3.071293251055553,2.8896677957737973,3.7183163530273315,3.453455660611689,2.9180761779055997,3.474778930401796,2.249846273196221,2.7906751347842462,3.0123121111694813,3.214776821709136,3.2020986354884036,3.6285960831033837,1.8572571765415409,2.3473948964413065,2.325540407611629,2.4409762502055763,2.5893643822676315,3.6724100600975476,3.80972603834302,2.501738080088609,3.214515624623596,2.9938594758243626,3.294909606314918,2.83113156936305,2.079978603579696,2.5288974633496704,3.1402416564443554,2.3930325919416786,2.6983068433248647,3.2198019374215052,2.450950067632098,1.7357488788892155,2.97577335458349,2.3276688277583437,3.555637407194256,2.603555747146866,2.9926015305353024,1.9124001533721435,2.9678762692696274,2.7400860485082195,2.8022048277788905,2.646330736131155,3.322481221598551,2.3963926276739818,3.226196376788396,3.2585644513252285,3.276395730436362,2.45507211242347,2.0977220808727273,2.5556518997286233,2.915108926707471,2.0592071650667343,2.931017107100887,3.1026223993276023,2.8896352586222145,2.2389546828917997,2.8093563953098357
0.02074772872271938,8.96438295558514,3.20775329808448,2.2704482163439907,3.7487623360149893,3.5993114769239023,2.2464063959675737,2.900075005981801,2.918786140217546,2.320481599539166,2.4062567560036516,3.113151968046976,3.1222030734203976,3.024965582417991,2.616602343506514,3.652432454831348,3.1267141752813217,3.485132598648242,3.1120926556397706,2.9378200069494493,2.3137793276041565,3.307743818320743,2.8034097017509048,2.790271506715582,1.7547310586657667,3.228091621235155,2.358348714367356,2.6452936902129025,2.2683435754162558,3.489273475136189,3.0790594320823015,3.3395547292316703,2.754793813882767,2.838209613148556,1.8918194679221167,1.8093604694113876,3.1165234437560914,2.4702025060295165,3.5887658591955676,1.7503485084904808,2.7957443495764984,2.9403623243201347,2.7916820655874046,2.105661197716712,2.9113372766156536,3.1015626276715036,2.923920711733394,3.758297069701518,3.494356902322547,2.9460898463284586,3.5193402811776027,2.2772477841303536,2.8211146342538553,3.04038449221375,3.25533109632846,3.2359576420179987,3.652560864715795,1.8845997184292733,2.378968759203101,2.3559145236328067,2.478602693524045,2.620831464499215,3.7042465837896374,3.8509776968127847,2.5302284425119606,3.2426129159409367,3.028913796332416,3.32974172193651,2.8725787868242056,2.1122673492918995,2.5644084551567916,3.1803507429679057,2.41918270347625,2.7327606476605384,3.257870460347533,2.4870556265556703,1.7661093726334693,3.0093591256201435,2.3607664692161636,3.590989305336719,2.633319850736595,3.0286768571204075,1.9407457542666469,2.99984228164229,2.7675250703598646,2.8392944781175995,2.677294420748,3.357630184136487,2.42404387867522,3.271585455048588,3.2965913736801715,3.315053275668081,2.4902802684701397,2.1314109097085474,2.5872622446265003,2.9445531136298566,2.093443896625354,2.959123193119849,3.1400395178617755,2.91905435051509,2.268764289478547,2.844201212873723
0.025109955600543958,-5.55176554673788,3.241267346176943,2.295796214429971,3.779703963550573,3.6400162615114926,2.2805692555089223,2.931874840940405,2.9468129408005783,2.346756647093202,2.437699133416415,3.1553595192082673,3.1516581174863623,3.058685925426852,2.654942015359606,3.689099331038264,3.1562630049202793,3.5253152533822627,3.1463856121316995,2.967159735153267,2.3477806412825863,3.3411625753871306,2.835825950430614,2.828855791449258,1.7902118571553334,3.260604178012658,2.3914312585981854,2.6783689836070463,2.293686844033279,3.5297379584626256,3.112807246371881,3.3767578857340714,2.783399577843073,2.8741761865590387,1.9207159252578745,1.8550803869778256,3.1494136703677995,2.506738518631842,3.6290133394091804,1.785504946777306,2.8250633447056845,2.9697641102053467,2.825138243521102,2.136458514164298,2.941515556564262,3.1318320042874346,2.9581736276930037,3.7982777863757127,3.535258144033408,2.9741035147512926,3.563901631953412,2.3046492950645145,2.8515541337234733,3.068456873258019,3.2958853709477864,3.269816648547587,3.6765256463282068,1.911942260317012,2.410542621964882,2.3862886396539977,2.516229136842526,2.6522985467307905,3.7360831074817,3.892229355282568,2.55871880493535,3.2707102072582703,3.0639681168404733,3.364573837558086,2.914026004285371,2.1445560950041145,2.599919446963928,3.220459829491464,2.4453328150108264,2.7672144519962245,3.2959389832735537,2.5231611854792364,1.7964698663777232,3.042944896656806,2.39386411067398,3.6263412034791935,2.663083954326349,3.0647521837055347,1.969091355161147,3.031808294014949,2.7949640922115044,2.876384128456297,2.7082581053648456,3.392779146674423,2.4516951296764296,3.3169745333087715,3.334618296035093,3.3537108208997575,2.5254884245168148,2.165099738544371,2.6188725895243614,2.973997300552236,2.127680628183973,2.987229279138801,3.177456636395923,2.948473442407968,2.2985738960652995,2.879046030437605
0.029472182478368532,-3.8547342002054,3.274781394269418,2.3211442125159376,3.810645591086156,3.680721046099098,2.314732115050248,2.963674675898999,2.9748397413836134,2.3730316946472527,2.469141510829182,3.1975670703695522,3.1811131615523554,3.092406268435713,2.6932816872127168,3.7257662072452025,3.1858118345592468,3.5654979081162983,3.180678568623632,2.9964994633570985,2.3817819549610153,3.374581332453497,2.8682421991103135,2.8674400761829295,1.8256926556448871,3.293116734790127,2.4245138028290345,2.711444277001206,2.319030112650344,3.5702024417890597,3.1465550606614396,3.4139610422364717,2.812005341803377,2.9101427599695358,1.9496123825936225,1.9008003045442605,3.182303896979504,2.543274531234152,3.6692608196228216,1.8206613850641566,2.854382339834884,2.999165896090549,2.8585944214547894,2.1672558306118965,2.971693836512898,3.162101380903369,2.992426543652604,3.8382585030499046,3.5761593857442753,3.0021171831741453,3.608462982729212,2.332050805998673,2.881993633193086,3.096529254302297,3.336439645567104,3.303675655077191,3.7004904279406174,1.939284802204735,2.4421164847266574,2.416662755675163,2.553855580160988,2.6837656289623624,3.7679196311737924,3.933481013752343,2.5872091673587017,3.2988074985756137,3.099022437348548,3.399405953179685,2.9554732217465363,2.176844840716333,2.6354304387710554,3.260568916015017,2.471482926545373,2.801668256331898,3.3340075061995744,2.5592667444028123,1.8268303601219709,3.0765306676934436,2.4269617521318025,3.6616931016216627,2.6928480579160965,3.1008275102906557,1.9974369560556473,3.0637743063876055,2.822403114063131,2.9134737787949936,2.7392217899816904,3.4279281092123597,2.4793463806776392,3.3623636115689424,3.3726452183900335,3.3923683661314543,2.560696580563481,2.198788567380178,2.6504829344222447,3.003441487474632,2.161917359742586,3.0153353651577657,3.214873754930073,2.977892534300861,2.3283835026520316,2.9138908480014676
0.033834409356193515,9.04408510289899,3.3082954423618984,2.346492210601914,3.8415872186217337,3.721425830686697,2.348894974591593,2.9954745108576093,3.002866541966652,2.399306742201298,2.5005838882419553,3.2397746215308363,3.210568205618336,3.1261266114445645,2.731621359065816,3.7624330834521382,3.2153606641982053,3.6056805628503277,3.2149715251155646,3.0258391915609097,2.415783268639424,3.4080000895198754,2.900658447790029,2.906024360916608,1.8611734541344533,3.325629291567628,2.457596347059889,2.7445195703953527,2.3443733812673866,3.6106669251154813,3.1803028749510194,3.4511641987388657,2.840611105763699,2.9461093333800523,1.9785088399293926,1.9465202221107172,3.2151941235912256,2.5798105438364907,3.7095082998364406,1.8558178233509943,2.8837013349640674,3.0285676819757414,2.8920505993884955,2.1980531470594613,3.0018721164615156,3.1923707575193037,3.0266794596122137,3.878239219724078,3.6170606274551336,3.0301308515969847,3.6530243335050336,2.359452316932824,2.912433132662704,3.124601635346562,3.376993920186438,3.3375346616067985,3.7244552095530326,1.9666273440924738,2.473690347488442,2.4470368716963655,2.5914820234794664,2.7152327111939343,3.7997561548658885,3.974732672222104,2.6156995297820664,3.3269047898929625,3.1340767578565982,3.4342380688012613,2.996920439207689,2.2091335864285577,2.670941430578189,3.30067800253856,2.4976330380799494,2.836122060667587,3.3720760291256147,2.5953723033264,1.857190853866234,3.110116438730106,2.46005939358961,3.6970449997641257,2.722612161505838,3.1369028368757856,2.025782556950163,3.095740318760283,2.8498421359147796,2.950563429133706,2.7701854745985255,3.4630770717502894,2.5069976316788614,3.4077526898291284,3.4106721407449614,3.431025911363152,2.595904736610157,2.232477396215998,2.682093279320112,3.0328856743970176,2.196154091301217,3.043441451176724,3.2522908734642364,3.007311626193733,2.3581931092387816,2.9487356655653576
0.038196636234018054,-3.8986230241367,3.34180949045438,2.3718402086878783,3.872528846157298,3.7621306152742964,2.3830578341329245,3.027274345816191,3.030893342549719,2.4255817897553493,2.5320262656547348,3.2819821726921212,3.2400232496843033,3.1598469544534282,2.769961030918929,3.7990999596590855,3.2449094938371914,3.645863217584364,3.2492644816075,3.05517891976473,2.449784582317844,3.4414188465862443,2.9330746964697347,2.944608645650293,1.8966542526240169,3.3581418483451158,2.4906788912907407,2.7775948637895027,2.3697166498844453,3.651131408441909,3.2140506892405813,3.488367355241273,2.8692168697240277,2.9820759067905414,2.0074052972651444,1.9922401396771614,3.2480843502029337,2.6163465564388,3.749755780050056,1.8909742616378324,2.913020330093257,3.0579694678609437,2.9255067773221706,2.2288504635070385,3.03205039641014,3.222640134135241,3.060932375571829,3.9182199363982795,3.6579618691660034,3.058144520019857,3.6975856842808437,2.386853827866954,2.94287263213232,3.1526740163908435,3.417548194805768,3.3713936681364,3.7484199911654406,1.9939698859802093,2.505264210250205,2.4774109877175308,2.629108466797941,2.7466997934255124,3.831592678557966,4.015984330691879,2.64418989220544,3.3550020812102996,3.169131078364668,3.4690701844228595,3.038367656668857,2.241422332140761,2.70645242238532,3.340787089062129,2.5237831496145144,2.8705758650032607,3.4101445520516354,2.631477862249972,1.8875513476105066,3.1437022097667713,2.493157035047439,3.7323968979065976,2.7523762650955756,3.172978163460913,2.0541281578446604,3.127706331132943,2.8772811577664186,2.987653079472394,2.8011491592153552,3.4982260342882316,2.534648882680087,3.4531417680893144,3.4486990630999017,3.4696834565948462,2.631112892656823,2.2661662250518155,2.713703624217998,3.062329861319397,2.23039082285983,3.071547537195676,3.2897079919983963,3.0367307180866083,2.388002715825519,2.9835804831292334
0.04255886311184263,-3.34281943655164,3.3753235385468576,2.3971882067738495,3.903470473692888,3.802835399861893,2.417220693674266,3.0590741807747825,3.058920143132754,2.451856837309397,2.563468643067501,3.3241897238534115,3.2694782937502778,3.1935672974622955,2.8083007027720246,3.8357668358660053,3.2744583234761686,3.6860458723183873,3.2835574380994252,3.084518647968534,2.483785895996264,3.474837603652622,2.965490945149444,2.9831929303839644,1.9321350511135644,3.3906544051225973,2.5237614355215774,2.81067015718365,2.3950599185014783,3.6915958917683467,3.2477985035301584,3.525570511743661,2.8978226336843216,3.018042480201033,2.036301754600883,2.0379600572435965,3.2809745768146232,2.6528825690411164,3.790003260263685,1.926130699924664,2.942339325222437,3.0873712537461433,2.958962955255867,2.259647779954631,3.062228676358764,3.2529095107511754,3.09518529153143,3.9582006530724687,3.6988631108768395,3.086158188442684,3.7421470350566377,2.4142553388011025,2.9733121316019258,3.1807463974351027,3.458102469425091,3.4052526746659852,3.7723847727778548,2.0213124278679384,2.5368380730119924,2.507785103738728,2.666734910116409,2.778166875657071,3.8634292022500443,4.0572359891616525,2.6726802546287916,3.3830993725276395,3.204185398872724,3.503902300044455,3.079814874130019,2.273711077852967,2.7419634141924565,3.3808961755856695,2.5499332611490972,2.905029669338954,3.448213074977663,2.667583421173548,1.9179118413547418,3.1772879808034187,2.526254676505271,3.7677487960490605,2.782140368685317,3.2090534900460463,2.082473758739157,3.159672343505587,2.904720179618055,3.024742729811094,2.8321128438322,3.533374996826165,2.562300133681304,3.4985308463494755,3.4867259854548385,3.508341001826534,2.666321048703489,2.2998550538876197,2.745313969115859,3.0917740482417955,2.264627554418455,3.099653623214637,3.3271251105325623,3.066149809979483,2.417812322412276,3.0184253006931296
0.046921089989667215,8.36078991763073,3.4088375866393257,2.4225362048598065,3.9344121012284496,3.8435401844494894,2.4513835532155985,3.0908740157334016,3.0869469437157955,2.478131884863446,2.5949110204802714,3.3663972750146876,3.2989333378162584,3.2272876404711566,2.8466403746251316,3.8724337120729464,3.3040071531151325,3.7262285270524202,3.3178503945913542,3.113858376172363,2.517787209674675,3.508256360718997,2.9979071938291435,3.0217772151176527,1.9676158496031306,3.423166961900095,2.5568439797524256,2.8437454505777966,2.4204031871185308,3.7320603750947745,3.2815463178197257,3.562773668246071,2.926428397644628,3.0540090536115247,2.065198211936644,2.0836799748100434,3.3138648034263216,2.689418581643424,3.83025074047731,1.9612871382115145,2.9716583203516107,3.116773039631348,2.9924191331895766,2.2904450964022205,3.092406956307382,3.28317888736711,3.1294382074910425,3.998181369746658,3.739764352587714,3.1141718568655365,3.7867083858324504,2.441656849735261,3.0037516310715473,3.2088187784793867,3.4986567440444336,3.439111681195583,3.79634955439027,2.0486549697556704,2.568411935773759,2.5381592197598994,2.704361353434881,2.8096339578886464,3.895265725942128,4.0984876476314085,2.701170617052159,3.4111966638449864,3.2392397193807874,3.538734415666041,3.121262091591169,2.305999823565176,2.777474405999584,3.4210052621092215,2.5760833726836587,2.939483473674618,3.4862815979036803,2.703688980097117,1.948272335099008,3.2108737518400776,2.5593523179630813,3.8031006941915297,2.8119044722750646,3.2451288166311665,2.110819359633651,3.191638355878246,2.9321592014696973,3.061832380149804,2.863076528449051,3.568523959364076,2.589951384682516,3.543919924609665,3.524752907809763,3.5469985470582417,2.701529204750152,2.3335438827234336,2.77692431401373,3.1212182351641786,2.298864285977068,3.127759709233592,3.3645422290667133,3.0955689018723733,2.447621928999011,3.0532701182570205
0.051283316867492185,-3.15139960968039,3.4423516347317946,2.44788420294579,3.9653537287640264,3.8842449690371037,2.485546412756915,3.1226738506919958,3.1149737442988528,2.504406932417485,2.62635339789305,3.408604826175978,3.3283883818822417,3.2610079834800167,2.884980046478246,3.909100588279891,3.333555982754091,3.7664111817864594,3.352143351083302,3.143198104376183,2.5517885233531077,3.541675117785382,3.030323442508849,3.060361499851324,2.0030966480927033,3.4556795186775826,2.58992652398328,2.876820743971959,2.445746455735576,3.7725248584212023,3.3152941321092904,3.5999768247484747,2.9550341616049502,3.0899756270220315,2.0940946692724074,2.1293998923765036,3.346755030038027,2.7259545942457466,3.870498220690938,1.996443576498362,3.0009773154808164,3.146174825516547,3.0258753111232632,2.3212424128497915,3.122585236255997,3.3134482639830507,3.1636911234506524,4.038162086420844,3.780665594298565,3.1421855252883804,3.8312697366082595,2.469058360669406,3.0341911305411564,3.236891159523659,3.5392110186637575,3.472970687725187,3.820314336002684,2.075997511643397,2.5999857985355437,2.5685333357810896,2.7419877967533557,2.8411010401202272,3.927102249634224,4.1397393061011885,2.7296609794755264,3.43929395516232,3.27429403988885,3.5735665312876295,3.162709309052337,2.3382885692773945,2.812985397806715,3.461114348632778,2.60223348421822,2.9739372780103164,3.5243501208296983,2.7397945390207017,1.9786328288432589,3.24445952287674,2.5924499594209074,3.838452592333989,2.841668575864812,3.2812041432162973,2.1391649605281575,3.2236043682509212,2.959598223321345,3.0989220304884917,2.8940402130658898,3.6036729219020245,2.617602635683739,3.5893090028698422,3.562779830164706,3.585656092289942,2.7367373607968277,2.36723271155926,2.808534658911597,3.1506624220865644,2.3331010175357,3.1558657952525726,3.401959347600889,3.1249879937652425,2.4774315355857643,3.0881149358208964
0.055645543745316765,-4.65824089550452,3.4758656828242884,2.473232201031763,3.9962953562996004,3.924949753624688,2.5197092722982566,3.1544736856505935,3.1430005448818887,2.5306819799715488,2.657795775305811,3.4508123773372654,3.35784342594821,3.2947283264888654,2.923319718331335,3.945767464486802,3.3631048123930647,3.8065938365204923,3.3864363075752246,3.1725378325800033,2.585789837031525,3.5750938748517482,3.0627396911885736,3.0989457845850064,2.0385774465822637,3.4881920754550704,2.623009068214123,2.909896037366103,2.4710897243526446,3.8129893417476426,3.349041946398855,3.6371799812508785,2.983639925565263,3.1259422004325232,2.1229911266081523,2.1751198099429407,3.379645256649738,2.7624906068480657,3.9107457009045703,2.0316000147851936,3.0302963106100087,3.175576611401749,3.059331489056957,2.352039729297374,3.152763516204633,3.343717640598995,3.1979440394102525,4.078142803095026,3.821566836009432,3.170199193711233,3.8758310873840722,2.4964598716035633,3.0646306300107815,3.264963540567928,3.5797652932830877,3.5068296942547814,3.8442791176151045,2.1033400535311326,2.6315596612973247,2.5989074518022584,2.7796142400718367,2.8725681223517867,3.9589387733263077,4.180990964570951,2.7581513418988903,3.4673912464796723,3.309348360396922,3.6083986469092126,3.2041565265134864,2.37057731498962,2.8484963896138513,3.50122343515633,2.6283835957527852,3.00839108234599,3.562418643755735,2.775900097944274,2.0089933225875125,3.27804529391339,2.6255476008787335,3.8738044904764584,2.8714326794545437,3.317279469801427,2.1675105614226524,3.2555703806235776,2.9870372451729814,3.1360116808271847,2.925003897682741,3.6388218844399542,2.645253886684949,3.6346980811300345,3.600806752519646,3.6243136375216176,2.7719455168435037,2.4009215403950668,2.840145003809477,3.180106609008954,2.367337749094319,3.183971881271515,3.4393764661350428,3.1544070856581365,2.507241142172502,3.122959753384774
0.06000777062314135,8.29489009727022,3.5093797309167405,2.498580199117715,4.027236983835193,3.965654538212293,2.5540058736217173,3.187402697504977,3.1710273454649363,2.558054864007402,2.689238152718584,3.493019928498547,3.387897527278411,3.3284486694977327,2.9616593901844546,3.982434340693728,3.3926536420320357,3.8467764912545155,3.4207292640671634,3.201877560783821,2.6197911507099425,3.6085126319181198,3.0951559398682704,3.1375300693186903,2.074058245071827,3.5207046322325493,2.6560916124449623,2.9429713307602627,2.4969558054685512,3.853453825074067,3.3827897606884285,3.674825343034115,3.0122456895255763,3.16190877384303,2.1518875839439104,2.22083972750937,3.4125354832614434,2.7990266194503883,3.9509931811181795,2.0667564530720215,3.059615305739192,3.2049783972869488,3.0927876669906356,2.382837045744961,3.182941796153248,3.3744123626107196,3.232196955369865,4.118123519769215,3.8624680777202967,3.1982128621340546,3.9203924381598814,2.523861382537709,3.095070129480387,3.293035921612196,3.620319567902402,3.5406887007843766,3.868243899227507,2.130682595418862,2.6631335240591127,2.629281567823446,2.8172406833903016,2.9040352045833684,3.9907752970183976,4.222242623040718,2.7866417043222578,3.495488537797006,3.344402680904982,3.6432307625308047,3.245603743974649,2.40286606070182,2.884148519346696,3.5413325216798732,2.6545337072873654,3.04284488668167,3.60144242806704,2.812005656867856,2.039353816331773,3.311631064950059,2.6586452423365596,3.9091563886189364,2.9011967830442815,3.3533547963865544,2.1958561623171615,3.2875363929962402,3.0144762670246212,3.173101331165885,2.9559675822995644,3.673970846977885,2.6731756058762395,3.680087159390193,3.638833674874574,3.6629711827533242,2.8071536728901663,2.434610369230893,2.871755348707354,3.209550795931346,2.401574480652938,3.212077967290477,3.476793584669209,3.1838261775510084,2.5370507487592393,3.1578045709486684
0.06436999750096592,9.8241557309439,3.5515794305994772,2.5315960226443615,4.063685042820399,4.015375186076793,2.5978756416208784,3.2289123778350195,3.2081360634611276,2.5940396798509484,2.728057605800374,3.5414786125945676,3.4270609773464793,3.3680934174126484,3.00768166386674,4.026837162778447,3.4274446059925383,3.8917468073016668,3.4623683587684653,3.237385235727711,2.659500198875767,3.6489979036703755,3.135365100814502,3.183203577323022,2.116160051118488,3.559575902470894,2.695224780186046,2.984309236123467,2.5320072495689843,3.9015466031616333,3.422480644932337,3.7217364249487854,3.048245248719825,3.2040957357017117,2.187694219154274,2.2718265940484335,3.451467330727379,2.837640534300779,3.9992376072848943,2.11054308636069,3.094255982528531,3.2391404337180534,3.1317384156180132,2.42053271118112,3.219853258716533,3.4143896115088825,3.273419474899268,4.1667487854399505,3.9114575876096813,3.235145096194133,3.9679567733413315,2.557381492142854,3.134992837716757,3.3274907211588136,3.670566819360113,3.5809013592035708,3.9003456027567376,2.161084688050992,2.698342959764899,2.6633184189143098,2.8602014672666503,2.9409844446922024,4.030376084145891,4.2695935405227345,2.8207839389878977,3.530825540631942,3.3870114754179106,3.6862716346046014,3.293343187557486,2.4415257978218623,2.9293664451025982,3.5861981589071057,2.6856700004573524,3.085496503653947,3.649220355841713,2.8568512409401254,2.07836545231814,3.3525970396513873,2.6997885317018744,3.9510120096302934,2.93963917496618,3.397640716516751,2.229973102804845,3.326174753731128,3.047145528495041,3.216675798133071,2.9966187731849896,3.7154813060018617,2.71053422779587,3.7308302649492644,3.6856247359847494,3.7087335322374786,2.8501303557481146,2.472793513934235,2.911264707341812,3.2468046702123248,2.4438691210535852,3.2435691122541526,3.5207634109380477,3.220547831666269,2.573347135253055,3.1998109601308258
0.06873222437879047,-4.32137980942471,3.5947957736964717,2.566641219239381,4.104310036123355,4.065783714142918,2.6417454096200492,3.270422058165047,3.245866884964472,2.6300244956945082,2.76919555478918,3.5933747420902806,3.4662244274145317,3.4115001082325946,3.0557186149115187,4.073201607829531,3.466674842272792,3.941607368736374,3.5063567093316097,3.27641298281217,2.7031863324116294,3.6921104124789776,3.177479224855433,3.2314817497157406,2.161331844935665,3.6017777524895074,2.737994544437224,3.0270848208554186,2.567058693669413,3.951708068195331,3.4659149368462607,3.768647506863455,3.0865466798352017,3.24975068135499,2.2262834803978446,2.3272281045975873,3.4940447155862877,2.8838302935094404,4.049184036824353,2.1554015664041906,3.133256979891848,3.2782199099614653,3.1748778726133553,2.4610227589618487,3.259723244077298,3.454366860407018,3.3173655575400476,4.216431609693683,3.9620582471830135,3.272862091926874,4.0221807345120055,2.5944706873422474,3.1751379544019365,3.3652525516626985,3.7208274840311324,3.624449625556723,3.93401004877013,2.1980903620722616,2.739585132021644,2.703361082420221,2.907510007129132,2.9821347151215027,4.071910329411891,4.3205327515668275,2.8589587210737646,3.568617608984246,3.4317623690561367,3.730803774696449,3.344479257578082,2.483503917747159,2.9745843708585102,3.6359849065420233,2.721499567771131,3.1296502779073503,3.696998283616364,2.9026593403929875,2.118428083812378,3.395878400164267,2.7425853732937764,3.9960541492153396,2.9791055400999387,3.4434160767189645,2.268003976105275,3.3678320877588295,3.0842658674909735,3.2634555672961474,3.0372888282406425,3.7603195801458345,2.7478928497155097,3.78590158616416,3.733354306872463,3.7570850581254973,2.895036256301027,2.5161579035114876,2.952573490752237,3.28594682220404,2.487805115550545,3.2813412866020544,3.567871087201352,3.259662066186758,2.6128468734112813,3.244350095389856
0.0730944512566153,-3.53378128123383,3.6380121167934547,2.6016864158344264,4.144935029426298,4.116192242209075,2.6856151776192103,3.3119317384950717,3.2835977064678072,2.666009311538068,2.81033350377799,3.645270871585981,3.5053878774826055,3.4549067990525417,3.103755565956285,4.119566052880628,3.5059050785530426,3.9914679301710745,3.55034505989478,3.315440729896604,2.7468724659474857,3.735222921287564,3.2195933488963737,3.2797599221084655,2.206503638752852,3.643979602508111,2.780764308688407,3.0698604055873835,2.602110137769855,4.0018695332290175,3.5093492287601755,3.8155585887781243,3.1248481109505946,3.2954056270082646,2.264872741641409,2.382629615146736,3.5366221004451903,2.9300200527181195,4.099130466363793,2.2002600464476663,3.1722579772551605,3.317299386204864,3.2180173296087062,2.5015128067425687,3.2995932294380754,3.4943441093051746,3.3613116401808396,4.266114433947432,4.012658906756353,3.310579087659608,4.076404695682661,2.6315598825416258,3.2152830710871445,3.403014382166586,3.771088148702149,3.667997891909862,3.9676744947835543,2.2350960360935286,2.780827304278418,2.743403745926136,2.9548185469916115,3.023284985550787,4.113444574677909,4.371471962610927,2.8971335031596226,3.606409677336533,3.4765132626943496,3.7753359147882977,3.395615327598672,2.525482037672461,3.0198022966144187,3.685771654176916,2.7573291350849,3.173804052160765,3.744776211391037,2.9484674398458592,2.158490715306633,3.43915976067714,2.7853822148856935,4.041096288800408,3.0185719052337046,3.4891914369211774,2.306034849405714,3.409489421786544,3.1213862064869096,3.310235336459204,3.0779588832962803,3.805157854289826,2.785251471635119,3.840972907379074,3.781083877760177,3.8054365840135196,2.939942156853956,2.5595222930887402,2.9938822741626465,3.3250889741957605,2.531741110047486,3.319113460949941,3.614978763464685,3.2987763007072513,2.652346611569513,3.2888892306488824
0.07745667813443996,-4.93963561955366,3.681228459890443,2.6367316124294584,4.185560022729255,4.166600770275219,2.7294849456183714,3.3534414188251054,3.3213285279711577,2.7019941273816253,2.8514714527667966,3.697167001081687,3.5445513275506704,3.4983134898724844,3.151792517001055,4.165930497931712,3.5451353148333062,4.041328491605769,3.594333410457935,3.354468476981048,2.7905585994833544,3.778335430096175,3.2617074729373075,3.3280380945011965,2.2516754325700417,3.6861814525267143,2.8235340729396006,3.112635990319345,2.6371615818703003,4.052030998262699,3.5527835206740868,3.8624696706928,3.163149542065965,3.341060572661533,2.303462002884996,2.4380311256958933,3.5791994853040894,2.976209811926781,4.149076895903248,2.2451185264911544,3.2112589746184703,3.3563788624482855,3.2611567866040536,2.542002854523279,3.3394632147988554,3.5343213582033224,3.4052577228216254,4.315797258201164,4.063259566329679,3.3482960833923308,4.130628656853338,2.668649077741013,3.25542818777234,3.4407762126704835,3.8213488133731603,3.7115461582630056,4.001338940796943,2.2721017101147982,2.8220694765351784,2.7834464094320595,3.0021270868540997,3.0644352559800723,4.154978819943899,4.422411173655023,2.9353082852454966,3.644201745688833,3.5212641563325793,3.8198680548801525,3.4467513976192743,2.567460157597748,3.0650202223703342,3.7355584018118186,2.79315870239867,3.2179578264141844,3.792554139165694,2.9942755392987115,2.1985533468008844,3.4824411211900097,2.8281790564775955,4.086138428385458,3.058038270367473,3.534966797123378,2.3440657227061443,3.4511467558142552,3.1585065454828367,3.357015105622267,3.118628938351927,3.849996128433812,2.8226100935547427,3.896044228593972,3.828813448647878,3.853788109901557,2.984848057406869,2.602886682665984,3.0351910575730843,3.364231126187497,2.575677104544443,3.3568856352978216,3.6620864397280046,3.33789053522775,2.691846349727732,3.3334283659079
0.08181890501226463,-3.75229119183459,3.7244448029874286,2.6717768090245064,4.226185016032204,4.2170092983413685,2.7733547136175387,3.394951099155133,3.359059349474487,2.7379789432251815,2.892609401755606,3.7490631305773876,3.5837147776187264,3.541720180692428,3.1998294680458494,4.212294942982809,3.5843655511135637,4.091189053040479,3.6383217610210856,3.3934962240655047,2.8342447330192106,3.8214479389047673,3.3038215969782447,3.376316266893915,2.296847226387225,3.728383302545315,2.8663038371907907,3.15541157505129,2.6722130259707226,4.102192463296388,3.596217812587983,3.909380752607463,3.201450973181358,3.3867155183148077,2.3420512641285605,2.493432636245032,3.6217768701629884,3.022399571135466,4.199023325442696,2.2899770065346425,3.250259971981796,3.395458338691694,3.304296243599392,2.5824929023040024,3.3793332001596177,3.574298607101495,3.449203805462405,4.3654800824549005,4.113860225903021,3.386013079125081,4.1848526180240055,2.705738272940394,3.2955733044575384,3.478538043174387,3.871609478044192,3.7550944246161606,4.035003386810345,2.3091073841360616,2.863311648791936,2.8234890729379805,3.0494356267165816,3.10558552640936,4.1965130652099205,4.473350384699125,2.9734830673313732,3.6819938140411086,3.5660150499707983,3.8644001949720224,3.4978874676398677,2.6094382775230445,3.1102381481262524,3.785345149446724,2.8289882697124424,3.2621116006676054,3.8403320669403698,3.040083638751577,2.2386159782951385,3.525722481702883,2.8709758980695135,4.131180567970513,3.0975046355012568,3.5807421573255853,2.3820965960065736,3.492804089841953,3.1956268844787603,3.4037948747853433,3.159298993407581,3.8948344025777883,2.859968715474377,3.9511155498088897,3.8765430195355854,3.9021396357895792,3.0297539579597945,2.6462510722432437,3.0764998409835025,3.403373278179205,2.619613099041418,3.394657809645717,3.7091941159913215,3.377004769748239,2.7313460878859637,3.3779675011669266
0.0861811318900893,8.18635937658134,3.7676611460844214,2.706822005619533,4.26681000933516,4.267417826407522,2.817224481616691,3.4364607794851594,3.3967901709778214,2.7739637590687476,2.9337473507444063,3.800959260073091,3.6228782276867877,3.585126871512374,3.247866419090612,4.258659388033896,3.623595787393799,4.141049614475176,3.6823101115842407,3.432523971149954,2.877930866555076,3.864560447713366,3.345935721019182,3.4245944392866434,2.3420190202044244,3.770585152563931,2.9090736014419862,3.198187159783255,2.7072644700711557,4.1523539283300765,3.639652104501913,3.956291834522129,3.239752404296725,3.432370463968086,2.3806405253721286,2.5488341467941797,3.6643542550218946,3.068589330344124,4.24896975498214,2.3348354865781458,3.2892609693451123,3.434537814935105,3.3474357005947466,2.6229829500847313,3.4192031855204013,3.614275855999633,3.4931498881031997,4.41516290670864,4.16446088547635,3.4237300748578257,4.239076579194676,2.742827468139784,3.3357184211427278,3.516299873678281,3.921870142715206,3.7986426909693005,4.068667832823756,2.346113058157335,2.9045538210487063,2.863531736443883,3.0967441665790707,3.146735796838642,4.238047310475917,4.5242895957432205,3.0116578494172446,3.7197858823934054,3.610765943609012,3.9089323350638674,3.54902353766047,2.651416397448328,3.155456073882161,3.8351457648146443,2.8648178370262114,3.306265374921037,3.8881099947150117,3.0858917382044417,2.27867860978939,3.5690038422157686,2.913772739661419,4.176222707555581,3.136971000635019,3.6265175175278044,2.4201274693070065,3.534461423869658,3.2327472234747,3.4505746439484035,3.199969048463215,3.9396726767217736,2.897327337394004,4.006186871023785,3.924272590423284,3.9504911616776015,3.0746598585127103,2.6896154618205053,3.117808624393909,3.4425154301709293,2.66354909353835,3.432429983993604,3.756301792254648,3.416119004268725,2.7708458260441677,3.422506636425947
0.09054335876791399,9.34485036050013,3.810877489181416,2.741867202214565,4.307435002638128,4.3178263544736755,2.861094249615837,3.4779704598151744,3.4345209924811595,2.8099485749123048,2.974885299733228,3.852855389568788,3.66204167775485,3.628533562332314,3.295903370135382,4.305023833084987,3.6628260236740466,4.190910175909892,3.726298462147385,3.471551718234383,2.9216170000909294,3.9076729565219646,3.3880498450600944,3.472872611679377,2.3871908140216016,3.8127870025825192,2.951843365693195,3.2409627445152127,2.742315914171604,4.202515393363766,3.683086396415824,4.003202916436805,3.278053835412118,3.4780254096213694,2.4192297866157153,2.604235657343331,3.706931639880791,3.114779089552794,4.298916184521598,2.3796939666216064,3.328261966708432,3.473617291178507,3.390575157590085,2.6634729978654574,3.459073170881166,3.654253104897787,3.5370959707439855,4.464845730962376,4.215061545049688,3.461447070590551,4.293300540365349,2.7799166633391463,3.375863537827911,3.554061704182182,3.9721308073862263,3.842190957322443,4.102332278837151,2.3831187321785947,2.9457959933054605,2.9035743999498065,3.1440527064415615,3.187886067267933,4.2795815557419195,4.57522880678732,3.0498326315031177,3.757577950745702,3.655516837247232,3.953464475155722,3.600159607681066,2.6933945173736307,3.2006739996380826,3.884996934210009,2.9006474043399813,3.350419149174443,3.9358879224896848,3.1316998376573073,2.3187412412836323,3.6122852027286267,2.9565695812533273,4.221264847140624,3.176437365768785,3.672292877730012,2.4581583426074403,3.5761187578973725,3.2698675624706333,3.4973544131114602,3.240639103518858,3.98451095086575,2.9346859593136223,4.061258192238687,3.972002161311001,3.9988426875656264,3.119565759065627,2.7329798513977464,3.1591174078043345,3.4816575821626596,2.7074850880352876,3.470202158341502,3.803409468517965,3.4552332387892086,2.8103455642023993,3.4670457716849796
0.09490558564573866,8.72340631806551,3.8540938322783926,2.7769123988096007,4.348059995941071,4.368234882539823,2.9049640176150167,3.5194801401452143,3.4722518139844984,2.8459333907558735,3.0160232487220373,3.904751519064491,3.70120512782293,3.671940253152255,3.3439403211801704,4.351388278136075,3.7020562599543254,4.240770737344605,3.7702868127105464,3.5105794653188385,2.965303133626798,3.950785465330563,3.430163969101044,3.5211507840720957,2.4323626078387974,3.8549888526011378,2.9946131299443666,3.2837383292471714,2.7773673582720324,4.252676858397445,3.726520688329745,4.050113998351471,3.3163552665274825,3.523680355274645,2.45781904785928,2.6596371678924697,3.7495090247396936,3.160968848761474,4.348862614061043,2.4245524466651034,3.3672629640717417,3.5126967674219216,3.43371461458542,2.70396304564618,3.4989431562419435,3.6942303537959313,3.5810420533847775,4.514528555216121,4.265662204623014,3.4991640663232975,4.347524501536021,2.8170058585385336,3.416008654513119,3.591823534686079,4.0223914720572305,3.885739223675589,4.135996724850562,2.420124406199858,2.9870381655622342,2.943617063455724,3.191361246304047,3.2290363376972087,4.321115801007926,4.626168017831422,3.0880074135889695,3.79537001909799,3.7002677308854457,3.997996615247592,3.6512956777016523,2.7353726372989176,3.245891925393991,3.9348481036053453,2.9364769716537626,3.3945729234278614,3.9836658502643516,3.177507937110173,2.3588038727778775,3.655566563241509,2.9993664228452444,4.26630698672567,3.2159037309025535,3.7180682379322123,2.496189215907867,3.61777609192508,3.3069879014665693,3.544134182274533,3.2813091585744987,4.02934922500973,2.972044581233252,4.116329513453585,4.019731732198702,4.047194213453661,3.1644716596185427,2.776344240975005,3.2004261912147527,3.520799734154374,2.7514210825322483,3.5079743326893915,3.850517144781292,3.494347473309695,2.849845302360621,3.511584906943991
0.09926781252356333,-4.40236784154566,3.8973101753753934,2.8119575954046274,4.38868498924403,4.418643410605955,2.948833785614175,3.5609898204752444,3.5099826354878303,2.881918206599427,3.0571611977108315,3.956647648560195,3.7403685778909823,3.715346943972201,3.391977272224943,4.3977527231871685,3.741286496234557,4.290631298779296,3.8142751632736944,3.549607212403301,3.008989267162657,3.9938979741391583,3.4722780931419814,3.5694289564648267,2.477534401655972,3.8971907026197323,3.037382894195563,3.326513913979129,2.8124188023724654,4.302838323431121,3.769954980243657,4.09702508026615,3.354656697642869,3.5693353009279134,2.496408309102857,2.715038678441621,3.79208640959859,3.207158607970138,4.398809043600502,2.4694109267085915,3.406263961435058,3.5517762436653237,3.476854071580771,2.7444530934268965,3.5388131416027084,3.734207602694098,3.624988136025557,4.564211379469864,4.31626286419635,3.5368810620560325,4.401748462706681,2.8540950537379244,3.4561537711983146,3.6295853651899703,4.0726521367282595,3.929287490028729,4.169661170863964,2.457130080221125,3.028280337819001,2.9836597269616387,3.2386697861665263,3.2701866081264868,4.362650046273928,4.677107228875512,3.1261821956748372,3.8331620874502716,3.745018624523662,4.042528755339444,3.702431747722261,2.777350757224208,3.2911098511499066,3.984699273000695,2.97230653896752,3.4387266976812674,4.031443778039015,3.223316036563035,2.3988665042721253,3.6988479237543883,3.0421632644371437,4.311349126310726,3.255370096036322,3.7638435981344074,2.5342200892082998,3.659433425952785,3.3441082404624867,3.590913951437593,3.32197921363014,4.074187499153719,3.0094032031528704,4.1714008346684865,4.067461303086413,4.095545739341676,3.2093775601714523,2.8197086305522703,3.2417349746251682,3.5599418861461043,2.7953570770292018,3.5457465070372747,3.8976248210446176,3.5334617078301997,2.8893450405188412,3.5561240422030203
0.10363003940138797,9.62236094222654,3.940526518472379,2.8470027919996754,4.429309982546977,4.469051938672105,2.992703553613336,3.602499500805269,3.5477134569911684,2.9179030224429807,3.0982991466996417,4.008543778055898,3.7795320279590534,3.7587536347921473,3.4400142232697126,4.444117168238243,3.7805167325148368,4.340491860213997,3.858263513836846,3.5886349594877327,3.0526754006985195,4.037010482947767,3.5143922171829063,3.617707128857548,2.5227061954731775,3.939392552638327,3.080152658446756,3.369289498711093,2.8474702464729074,4.352999788464822,3.8133892721575684,4.143936162180816,3.3929581287582495,3.614990246581182,2.5349975703464187,2.770440188990772,3.8346637944575015,3.2533483671787993,4.448755473139948,2.514269406752077,3.4452649587983712,3.5908557199087383,3.519993528576112,2.7849431412076227,3.578683126963492,3.7741848515922456,3.6689342186663456,4.613894203723594,4.366863523769683,3.5745980577887737,4.455972423877349,2.891184248937302,3.4962988878835004,3.667347195693874,4.1229128013992735,3.9728357563818744,4.203325616877359,2.4941357542423885,3.0695225100757586,3.0237023904675597,3.2859783260290083,3.3113368785557844,4.404184291539933,4.728046439919617,3.1643569777606952,3.870954155802556,3.7897971983136225,4.087060895431289,3.7535678177428604,2.81932887714951,3.3363277769058177,4.034550442396035,3.0081361062812952,3.4828804719346893,4.079221705813688,3.269124136015881,2.4389291357663767,3.742129284267249,3.0849601060290643,4.356391265895785,3.294836461170097,3.8096189583366264,2.57225096250873,3.7010907599804925,3.3812285794584263,3.637693720600656,3.3626492686857894,4.119025773297688,3.046761825072501,4.226472155883392,4.1151908739741145,4.143897265229699,3.254283460724378,2.8630730201295203,3.283043758035591,3.5990840381378284,2.839293071526158,3.5835186813851774,3.9447324973079416,3.5725759423506647,2.9288447786770693,3.6006631774620415
0.10799226627921264,-2.63100332513807,3.9837428615693593,2.882047988594711,4.469934975849945,4.519460466738255,3.036573321612491,3.6440091811352993,3.5854442784945064,2.9538878382865317,3.1394370956884536,4.060439907551608,3.8186954780271094,3.8021603256120935,3.488051174314495,4.4904816132893375,3.8197469687950685,4.390352421648694,3.9022518644000037,3.6276627065721856,3.096361534234382,4.080122991756349,3.5565063412238525,3.665985301250279,2.567877989290361,3.981594402656949,3.1229224226979397,3.4120650834430455,2.8825216905733333,4.403161253498517,3.8568235640714708,4.190847244095495,3.431259559873629,3.6606451922344627,2.5735868315899957,2.825841699539917,3.8772411793163917,3.299538126387472,4.498701902679394,2.559127886795559,3.4842659561616847,3.629935196152153,3.563132985571457,2.825433188988364,3.6185531123242605,3.8141621004903934,3.7128803013071314,4.66357702797733,4.417464183343013,3.6123150535215114,4.510196385048026,2.9282734441366953,3.536444004568705,3.7051090261977713,4.173173466070296,4.016384022735012,4.23699006289077,2.5311414282636457,3.1107646823325315,3.063745053973462,3.333286865891494,3.352487148985075,4.445718536805933,4.7789856509637225,3.2025317598465755,3.9087462241548687,3.8346019560540787,4.1315930355231565,3.8047038877634503,2.861306997074794,3.3815457026617333,4.08440161179139,3.0439656735950615,3.527034246188114,4.126999633588345,3.3149322354687403,2.478991767260628,3.7854106447801312,3.1277569476209637,4.401433405480841,3.334302826303862,3.8553943185388153,2.6102818358091717,3.742748094008207,3.41834891845435,3.684473489763726,3.403319323741446,4.16386404744168,3.0841204469921344,4.28154347709829,4.162920444861818,4.192248791117727,3.2991893612772945,2.9064374097067827,3.3243525414460064,3.6382261901295454,2.8832290660231026,3.6212908557330667,3.9918401735712674,3.611690176871182,2.9683445168352884,3.6452023127210706
0.11235449315703731,11.6118657602374,4.026959204666366,2.9170931851897404,4.510559969152898,4.569868994804406,3.0804430896116584,3.6855188614653267,3.6231750999978543,2.989872654130113,3.1805750446772576,4.112336037047311,3.8578589280951805,3.8455670164320344,3.536088125359276,4.536846058340428,3.858977205075332,4.440212983083414,3.9462402149631552,3.6666904536566163,3.140047667770248,4.123235500564954,3.5986204652647835,3.7142634736430136,2.613049783107538,4.023796252675534,3.165692186949136,3.454840668175007,2.9175731346737717,4.453322718532205,3.9002578559854006,4.237758326010164,3.4695609909890095,3.7063001378877347,2.6121760928335673,2.881243210089056,3.9198185641752943,3.345727885596152,4.54864833221884,2.603986366839047,3.5232669535250096,3.6690146723955523,3.6062724425667865,2.8659232367690626,3.658423097685028,3.854139349388541,3.756826383947921,4.713259852231085,4.468064842916357,3.6500320492542464,4.564420346218703,2.965362639336073,3.5765891212538943,3.742870856701665,4.223434130741317,4.059932289088154,4.270654508904185,2.568147102284928,3.152006854589289,3.1037877174793858,3.3805954057539855,3.3936374194143664,4.487252782071946,4.829924862007803,3.240706541932437,3.9465382925071557,3.8794067137945225,4.17612517561501,3.855839957784055,2.903285117000096,3.4267636284176453,4.134252781186733,3.079795240908844,3.5711880204415323,4.174777561363021,3.360740334921605,2.519054398754867,3.828692005292992,3.170553789212878,4.4464755450658995,3.373769191437634,3.9011696787410317,2.6483127091096055,3.784405428035912,3.455469257450283,3.7312532589267953,3.4439893787970712,4.208702321585659,3.1214790689117464,4.336614798313198,4.210650015749529,4.240600317005755,3.34409526183021,2.949801799284029,3.365661324856428,3.677368342121267,2.92716506052005,3.659063030080966,4.038947849834578,3.650804411391662,3.007844254993527,3.689741447980098
0.11671672003486198,-5.02406933637733,4.0701755477633395,2.952138381784776,4.551184962455848,4.620277522870553,3.1243128576108203,3.727028541795348,3.6609059215011763,3.025857469973664,3.2217129936660642,4.164232166543005,3.8970223781632427,3.8889737072519868,3.584125076404046,4.583210503391531,3.8982074413555834,4.49007354451811,3.9902285655263032,3.7057182007410665,3.1837338013061007,4.166348009373544,3.640734589305712,3.7625416460357286,2.658221576924735,4.065998102694141,3.2084619512003263,3.4976162529069645,2.952624578774217,4.503484183565892,3.9436921478993154,4.28466940792484,3.50786242210438,3.7519550835409907,2.650765354077147,2.9366447206382107,3.9623959490341907,3.3919176448048063,4.598594761758292,2.6488448468825325,3.5622679508883257,3.7080941486389793,3.6494118995621525,2.906413284549788,3.6982930830457965,3.894116598286689,3.8007724665887057,4.762942676484821,4.518665502489674,3.6877490449869716,4.618644307389371,3.0024518345354663,3.6167342379391085,3.78063268720556,4.273694795412348,4.103480555441294,4.304318954917571,2.6051527763061726,3.1932490268460407,3.1438303809852846,3.427903945616455,3.434787689843642,4.528787027337942,4.880864073051921,3.278881324018295,3.98433036085945,3.9242114715349734,4.220657315706856,3.906976027804661,2.945263236925399,3.4719815541735572,4.184103950582079,3.115624808222613,3.6153417946949507,4.222555489137684,3.4065484343744767,2.559117030249112,3.8719733658058715,3.213350630804783,4.491517684650961,3.4132355565714025,3.946945038943242,2.6863435824100286,3.8260627620636196,3.492589596446213,3.778033028089853,3.484659433852724,4.253540595729629,3.1588376908313673,4.391686119528096,4.258379586637234,4.2889518428937645,3.3890011623831233,2.993166188861289,3.4069701082668535,3.716510494112997,2.971101055017007,3.696835204428843,4.086055526097908,3.689918645912151,3.04734399315174,3.734280583239115
0.12107894691268666,-3.40112525072159,4.113391890860335,2.9871835783798177,4.591809955758801,4.67068605093669,3.168182625609984,3.768538222125385,3.698636743004518,3.0618422858172236,3.2628509426548735,4.216128296038705,3.9361858282313102,3.932380398071918,3.6321620274488247,4.629574948442616,3.9374376776358435,4.539934105952818,4.034216916089457,3.744745947825507,3.2274199348419668,4.209460518182151,3.6828487133466457,3.810819818428463,2.7033933707419244,4.108199952712769,3.251231715451529,3.540391837638923,2.9876760228746457,4.553645648599586,3.9871264398132205,4.331580489839494,3.5461638532197632,3.7976100291942805,2.689354615320731,2.992046231187362,4.004973333893102,3.4381074040134862,4.648541191297741,2.6937033269260144,3.6012689482516302,3.747173624882363,3.692551356557491,2.946903332330524,3.7381630684065827,3.9340938471848643,3.844718549229495,4.812625500738551,4.569266162063016,3.7254660407197218,4.672868268560035,3.0395410297348384,3.6568793546242855,3.8183945177094536,4.323955460083356,4.147028821794439,4.337983400930976,2.642158450327461,3.2344911991028082,3.183873044491224,3.4752124854789406,3.475937960272936,4.570321272603947,4.931803284096013,3.3170561061041655,4.022122429211734,3.969016229275433,4.265189455798714,3.9581120978252535,2.9872413568506886,3.5171994799294746,4.233955119977434,3.1514543755363826,3.659495568948363,4.270333416912341,3.4523565338273263,2.5991796617433574,3.915254726318757,3.256147472396698,4.536559824236013,3.4527019217051675,3.9927203991454547,2.724374455710471,3.867720096091322,3.5297099354421366,3.824812797252916,3.525329488908361,4.2983788698736305,3.1961963127510007,4.446757440743007,4.306109157524938,4.337303368781802,3.433907062936049,3.0365305784385415,3.4482788916772655,3.7556526461047115,3.015037049513957,3.7346073787767384,4.133163202361222,3.729032880432632,3.086843731309968,3.778819718498145
0.12544117379051134,8.8141922371402,4.1566082339573205,3.0222287749748533,4.632434949061754,4.721094579002838,3.2120523936091425,3.810047902455409,3.7363675645078596,3.0978271016607835,3.3039888916436766,4.268024425534418,3.9753492782993725,3.975787088891858,3.680198978493592,4.6759393934936995,3.9766679139160876,4.5897946673875145,4.078205266652621,3.7837736949099545,3.2711060683778195,4.252573026990731,3.724962837387574,3.859097990821197,2.748565164559099,4.150401802731357,3.2940014797027155,3.583167422370881,3.022727466975085,4.603807113633281,4.030560731727129,4.378491571754179,3.5844652843351437,3.84326497484755,2.727943876564292,3.047447741736522,4.047550718751992,3.48429716322215,4.698487620837196,2.7385618069694964,3.6402699456149525,3.7862531011257863,3.7356908135528393,2.9873933801112464,3.7780330537673477,3.9740710960829997,3.8886646318702898,4.862308324992299,4.619866821636332,3.7631830364524665,4.727092229730705,3.0766302249342257,3.697024471309481,3.8561563482133545,4.374216124754373,4.1905770881475854,4.371647846944383,2.6791641243487216,3.275733371359565,3.2239157079971292,3.5225210253414287,3.5170882307022264,4.611855517869966,4.982742495140103,3.3552308881900332,4.059914497564025,4.013820987015883,4.3097215958905775,4.009248167845862,3.0292194767759693,3.562417405685384,4.283806289372771,3.187283942850148,3.7036493432017883,4.318111344687005,3.4981646332801972,2.6392422932376114,3.9585360868316215,3.298944313988609,4.581601963821066,3.492168286838946,4.038495759347656,2.762405329010889,3.9093774301190356,3.5668302744380727,3.871592566415985,3.5659995439640113,4.343217144017598,3.2335549346706314,4.501828761957915,4.353838728412649,4.38565489466983,3.478812963488971,3.079894968015788,3.489587675087691,3.7947947980964294,3.0589730440109113,3.7723795531246314,4.180270878624542,3.768147114953133,3.126343469468191,3.8233588537571626
0.12980340066833598,-1.71402004514344,4.199824577054306,3.057273971569873,4.673059942364709,4.771503107068988,3.255922161608316,3.8515575827854427,3.774098386011204,3.1338119175043433,3.3451268406324832,4.319920555030099,4.01451272836744,4.019193779711814,3.728235929538367,4.722303838544784,4.015898150196339,4.639655228822222,4.122193617215769,3.822801441994401,3.3147922019136784,4.295685535799342,3.7670769614285113,3.9073761632139217,2.793736958376307,4.192603652749964,3.3367712439538995,3.6259430071028387,3.057778911075517,4.653968578666963,4.073995023641053,4.425402653668845,3.6227667154505268,3.8889199205008183,2.7665331378078664,3.1028492522856546,4.090128103610901,3.530486922430833,4.748434050376648,2.7834202870129934,3.679270942978275,3.8253325773691955,3.778830270548168,3.027883427891963,3.817903039128135,4.014048344981154,3.9326107145110667,4.911991149246039,4.670467481209674,3.800900032185198,4.781316190901361,3.1137194201336094,3.737169587994673,3.8939181787172457,4.424476789425387,4.234125354500729,4.405312292957788,2.716169798369976,3.316975543616329,3.263958371503044,3.569829565203917,3.558238501131508,4.65338976313595,5.033681706184215,3.3934056702759037,4.0977065659163125,4.058625744756333,4.354253735982426,4.060384237866462,3.071197596701281,3.6076353314412986,4.333657458768124,3.223113510163924,3.7478031174552005,4.365889272461675,3.543972732733053,2.67930492473186,4.001817447344497,3.341741155580511,4.626644103406109,3.531634651972717,4.084271119549866,2.8004362023113183,3.9510347641467405,3.6039506134340122,3.918372335579039,3.6066695990196553,4.388055418161589,3.270913556590237,4.556900083172804,4.40156829930035,4.434006420557849,3.5237188640418777,3.1232593575930476,3.530896458498103,3.8339369500881597,3.1029090385078586,3.810151727472511,4.2273785548878715,3.8072613494736256,3.1658432076264074,3.867897989016199
0.13416562754616065,-3.57779172854406,4.2430409201513015,3.092319168164912,4.713684935667659,4.821911635135148,3.2997919296074807,3.8930672631154604,3.8118292075145233,3.1698080988361266,3.3862647896212925,4.3718166845258155,4.053676178435496,4.06260047053176,3.776272880583143,4.7686682835958845,4.055128386476599,4.689515790256928,4.166181967778918,3.861829189078845,3.358478335449541,4.338798044607935,3.809191085469445,3.9556543356066527,2.8389087521934844,4.234805502768562,3.3795410082051047,3.6687185918348,3.0928303551759555,4.7041300437006495,4.117429315554977,4.472313735583517,3.6610681465658947,3.934574866154102,2.805122399051447,3.158250762834812,4.132705488469798,3.5766766816394906,4.798380479916085,2.8282787670564753,3.7182719403415883,3.86441205361261,3.8219697275435163,3.0683734756727015,3.8577730244889032,4.054025593879308,3.976556797151855,4.961673973499775,4.721068140783016,3.8386170279179357,4.835540152072028,3.1508086153329877,3.7773147046798776,3.9316800092211492,4.4747374540964096,4.277673620853874,4.4389767389711805,2.7531754723912583,3.3582177158731055,3.304001035008965,3.617138105066415,3.5993887715607933,4.694924008401959,5.084620917228295,3.4315804523617714,4.135498634268603,4.1034305024967805,4.3987858760742835,4.111520307887045,3.1131757166265617,3.652853257197208,4.38350862816347,3.258943077477684,3.7919568917086064,4.413667200236328,3.5897808321859213,2.719367556226108,4.045098807857361,3.3845379971724165,4.671686242991174,3.571101017106489,4.130046479752076,2.83846707561177,3.992692098174449,3.6410709524299483,3.965152104742103,3.6473396540753047,4.432893692305569,3.3082721785098643,4.6119714043877185,4.449297870188061,4.482357946445871,3.568624764594807,3.166623747170303,3.5722052419085184,3.873079102079883,3.146845033004821,3.84792390182041,4.274486231151195,3.846375583994109,3.205342945784645,3.912437124275203
0.13852785442398532,-1.21573700853265,4.286257263248293,3.127364364759938,4.7543099289706205,4.872320163201282,3.343661697606623,3.9345769434455002,3.849560029017865,3.205833706447965,3.4274027386101054,4.423712814021515,4.092839628503573,4.1060071613517,3.8243098316279216,4.815032728646972,4.09435862275685,4.73937635169162,4.210170318342085,3.900856936163292,3.402164468985407,4.381910553416521,3.8513052095103824,4.003932507999371,2.88408054601068,4.277007352787174,3.4223107724562887,3.711494176566755,3.127881799276401,4.754291508734329,4.160863607468876,4.519224817498181,3.699369577681284,3.980229811807365,2.843711660295021,3.213652273383963,4.175282873328697,3.6228664408481634,4.84832690945554,2.873137247099967,3.7572729377048946,3.903491529856006,3.86510918453887,3.108863523453415,3.897643009849677,4.094002842777458,4.0205028797926445,5.011356797753518,4.771668800356346,3.876334023650677,4.8897641132427205,3.187897810532375,3.8174598213650732,3.9694418397250404,4.524998118767436,4.321221887207005,4.472641184984595,2.790181146412528,3.3994598881298668,3.344043698514895,3.6644466449288844,3.6405390419900776,4.7364582536679585,5.135560128272407,3.4697552344476446,4.173290702620897,4.148235260237234,4.443318016166132,4.162656377907656,3.1551538365518645,3.6980711829531163,4.433359797558812,3.2947726447914656,3.8361106659620248,4.461445128011011,3.6355889316387744,2.759430187720353,4.088380168370244,3.4273348387643185,4.71672838257623,3.610567382240254,4.175821839954277,2.876497948912191,4.0343494322021565,3.6781912914258745,4.011931873905172,3.6880097091309514,4.477731966449532,3.3456308004294915,4.667042725602617,4.497027441075759,4.5307094723339,3.613530665147735,3.2099881367475502,3.61351402531894,3.912221254071607,3.190781027501762,3.8856960761682906,4.321593907414505,3.885489818514589,3.244842683942861,3.9569762595342395
0.14289008130181,8.60755440731598,4.329473606345285,3.162409561354967,4.79493492227358,4.922728691267439,3.3875314656057904,3.9760866237755277,3.887290850521203,3.24185931405977,3.4685406875989093,4.475608943517222,4.132003078571638,4.14941385217164,3.8723467826726976,4.861397173698056,4.13358885903711,4.789236913126326,4.25415866890523,3.939884683247735,3.445850602521272,4.4250230622251285,3.893419333551323,4.052210680392096,2.929252339827877,4.3192092028057845,3.4650805367074726,3.7542697612987137,3.162933243376833,4.804452973768014,4.204297899382797,4.56613589941285,3.7376710087966485,4.025884757460655,2.8823009215385884,3.2690537839330984,4.217860258187602,3.66905620005684,4.898273338994999,2.9179957271434427,3.7962739350682204,3.9425710060994232,3.908248641534212,3.149353571234138,3.937512995210442,4.133980091675609,4.06444896243343,5.06103962200726,4.822269459929681,3.9140510193834084,4.943988074413376,3.2249870057317587,3.8576049380502626,4.007203670228947,4.575258783438449,4.36477015356015,4.506305630997994,2.8271868204337913,3.440702060386621,3.3840863620208,3.711755184791376,3.681689312419363,4.777992498933976,5.186499339316493,3.507930016533506,4.211082770973191,4.193040017977688,4.487850156257996,4.213792447928259,3.197131956477155,3.7432891087090407,4.483210966954164,3.330602212105232,3.8802644402154343,4.509223055785674,3.6813970310916364,2.7994928192146142,4.131661528883117,3.4701316803562428,4.761770522161279,3.65003374737402,4.221597200156487,2.914528822212624,4.076006766229868,3.715311630421808,4.058711643068238,3.728679764186583,4.522570240593531,3.382989422349122,4.7221140468175244,4.544757011963479,4.579060998221921,3.6584365657006446,3.2533525263247967,3.654822808729363,3.951363406063331,3.2347170219987094,3.9234682505161924,4.368701583677838,3.9246040530350976,3.28434242210108,4.001515394793266
0.14725230817963467,8.66575705678117,4.372689949442265,3.197454757950015,4.835559915576529,4.97313721933358,3.4314012336049524,4.017596304105555,3.925021672024541,3.2778849216716033,3.5096786365877124,4.527505073012915,4.171166528639691,4.19282054299158,3.9203837337174736,4.907761618749143,4.172819095317361,4.839097474561039,4.298147019468382,3.9789124303321888,3.4895367360571283,4.468135571033721,3.9355334575922534,4.10048885278483,2.9744241336450603,4.361411052824384,3.507850300958662,3.797045346030675,3.1979846874772626,4.8546144388017085,4.247732191296702,4.613046981327517,3.7759724399120316,4.071539703113914,2.9208901827821725,3.3244552944822496,4.260437643046496,3.7152459592654976,4.9482197685344325,2.962854207186937,3.8352749324315303,3.9816504823428316,3.951388098529563,3.1898436190148605,3.9773829805712104,4.17395734057376,4.108395045074206,5.110722446261005,4.872870119503005,3.95176801511614,4.998212035584049,3.262076200931131,3.897750054735467,4.044965500732841,4.625519448109469,4.40831841991329,4.539970077011407,2.864192494455045,3.481944232643394,3.424129025526721,3.7590637246538616,3.722839582848642,4.819526744199964,5.237438550360592,3.5461047986193703,4.248874839325482,4.237844775718135,4.532382296349851,4.264928517948846,3.239110076402448,3.788507034464943,4.5330621363495105,3.3664317794189955,3.9244182144688686,4.557000983560344,3.7272051305444984,2.8395554507088594,4.174942889395997,3.512928521948144,4.806812661746341,3.6895001125077913,4.2673725603586945,2.9525596955130533,4.117664100257585,3.752431969417735,4.105491412231299,3.769349819242242,4.567408514737513,3.420348044268737,4.777185368032417,4.592486582851177,4.627412524109953,3.703342466253564,3.2967169159020653,3.6961315921397846,3.9905055580550455,3.2786530164956638,3.961240424864082,4.415809259941149,3.9637182875555803,3.323842160259315,4.046054530052284
0.1516145350574593,9.3723424569237,4.41590629253925,3.232499954545048,4.876184908879479,5.023545747399724,3.475271001604116,4.059105984435576,3.962752493527879,3.3139105292834428,3.550816585576518,4.579401202508616,4.210329978707765,4.236227233811523,3.96842068476224,4.954126063800234,4.212049331597606,4.888958035995739,4.342135370031542,4.017940177416638,3.5332228695929846,4.511248079842317,3.9776475816331844,4.148767025177558,3.0195959274622437,4.4036129028429825,3.5506200652098556,3.839820930762639,3.2330361315776948,4.904775903835388,4.291166483210626,4.659958063242202,3.814273871027421,4.117194648767189,2.959479444025731,3.3798568050314106,4.303015027905401,3.7614357184741776,4.99816619807389,3.0077126872304163,3.8742759297948437,4.020729958586246,3.994527555524904,3.230333666795584,4.01725296593199,4.21393458947192,4.152341127715011,5.160405270514732,4.923470779076349,3.989485010848881,5.05243599675472,3.299165396130518,3.937895171420644,4.082727331236741,4.6757801127804735,4.451866686266439,4.573634523024806,2.9011981684763155,3.523186404900149,3.464171689032633,3.80637226451634,3.763989853277936,4.861060989465985,5.288377761404703,3.584279580705232,4.2866669076777635,4.282649533458595,4.576914436441702,4.316064587969438,3.281088196327741,3.833724960220861,4.582913305744857,3.4022613467327742,3.9685719887222772,4.604778911335004,3.7730132299973542,2.8796180822031134,4.218224249908854,3.555725363540052,4.851854801331396,3.72896647764156,4.3131479205608985,2.9905905688134897,4.159321434285286,3.7895523084136675,4.152271181394355,3.8100198742978764,4.6122467888814835,3.4577066661883613,4.8322566892473215,4.640216153738882,4.675764049997975,3.7482483668064868,3.340081305479324,3.737440375550184,4.029647710046761,3.32258901099262,3.9990125992119587,4.4629169362044845,4.002832522076064,3.363341898417538,4.0905936653113075
0.15597676193528398,-0.0330254280525757,4.459122635636242,3.2675451511400864,4.916809902182435,5.073954275465875,3.5191407696032746,4.10061566476561,4.000483315031205,3.3499361368952663,3.591954534565331,4.631297332004325,4.24949342877582,4.27963392463147,4.016457635807022,5.0004905088513185,4.251279567877866,4.938818597430443,4.38612372059469,4.0569679245010795,3.5769090031288497,4.5543605886509155,4.019761705674119,4.197045197570289,3.0647677212794333,4.445814752861598,3.593389829461051,3.882596515494594,3.2680875756781465,4.954937368869077,4.334600775124534,4.706869145156865,3.8525753021428013,4.1628495944204635,2.998068705269299,3.4352583155805396,4.345592412764307,3.8076254776828353,5.048112627613342,3.052571167273892,3.913276927158166,4.0598094348296545,4.037667012520236,3.2708237145763004,4.057122951292765,4.253911838370058,4.19628721035579,5.210088094768475,4.97407143864967,4.027202006581606,5.106659957925381,3.336254591329893,3.9780402881058397,4.120489161740636,4.7260407774515025,4.495414952619589,4.6072989690382045,2.9382038424975754,3.5644285771569004,3.5042143525385594,3.8536808043788167,3.8051401237072238,4.902595234731972,5.3393169724488025,3.6224543627911023,4.32445897603006,4.327454291199029,4.621446576533557,4.367200657990041,3.323066316253043,3.8789428859767705,4.632764475140209,3.4380909140465494,4.01272576297569,4.652556839109665,3.81882132945022,2.919680713697365,4.261505610421737,3.5985222051319674,4.896896940916452,3.7684328427753346,4.358923280763102,3.0286214421139137,4.200978768312997,3.826672647409592,4.199050950557428,3.8506899293535266,4.657085063025469,3.495065288107985,4.887328010462238,4.687945724626595,4.7241155758860005,3.793154267359384,3.3834456950565617,3.778749158960613,4.068789862038494,3.366525005489561,4.0367847735598605,4.510024612467801,4.041946756596554,3.4028416365757597,4.1351328005703305
0.16033898881310865,-2.05285978186216,4.502338978733234,3.302590347735128,4.957434895485387,5.124362803532022,3.5630105376024455,4.142125345095631,4.038214136534559,3.3859617445070924,3.633092483554141,4.683193461500029,4.288656878843895,4.323040615451423,4.064494586851798,5.046854953902418,4.290509804158107,4.988679158865144,4.430112071157854,4.095995671585516,3.6205951366647096,4.597473097459514,4.06187582971504,4.2453233699630015,3.10993951509663,4.4880166028801955,3.6361595937122386,3.925372100226549,3.303139019778566,5.005098833902768,4.378035067038455,4.75378022707155,3.8908767332581693,4.208504540073742,3.0366579665128945,3.4906598261297033,4.388169797623203,3.8538152368915117,5.098059057152782,3.097429647317389,3.9522779245214794,4.09888891107306,4.0808064695155934,3.311313762357033,4.096992936653533,4.2938890872682185,4.2402332929965825,5.2597709190222135,5.024672098223014,4.064919002314351,5.160883919096055,3.373343786529283,4.018185404791048,4.158250992244526,4.776301442122519,4.538963218972735,4.6409634150516,2.975209516518845,3.6056707494136795,3.5442570160444617,3.9009893442413075,3.846290394136508,4.94412947999799,5.390256183492883,3.6606291448769728,4.362251044382351,4.372259048939489,4.665978716625418,4.418336728010643,3.365044436178324,3.924160811732679,4.682615644535552,3.473920481360328,4.056879537229109,4.700334766884331,3.8646294289030845,2.9597433451916038,4.3047869709346065,3.6413190467238756,4.941939080501508,3.8078992079091005,4.404698640965313,3.066652315414353,4.242636102340706,3.8637929864055307,4.245830719720488,3.891359984409161,4.7019233371694575,3.5324239100276156,4.942399331677134,4.7356752955143,4.7724671017740254,3.8380601679123156,3.4268100846338267,3.8200579423710375,4.107932014030212,3.4104609999865145,4.074556947907757,4.557132288731119,4.081060991117046,3.4423413747339735,4.179671935829354
0.16470121569093332,8.93050222863937,4.545555321830236,3.337635544330161,4.9980598887883465,5.174771331598178,3.606880305601609,4.183635025425674,4.075944958037884,3.4219873521189106,3.674230432542932,4.735089590995723,4.32782032891195,4.366447306271353,4.1125315378965706,5.093219398953515,4.329740040438371,5.038539720299857,4.474100421721009,4.13502341866997,3.6642812702005685,4.6405856062681154,4.103989953755987,4.2936015423557325,3.1551113089138134,4.530218452898799,3.6789293579634252,3.968147684958508,3.338190463879008,5.0552602989364575,4.42146935895237,4.800691308986213,3.929178164373546,4.254159485727016,3.075247227756453,3.5460613366788483,4.430747182482099,3.900004996100188,5.148005486692241,3.142288127360887,3.991278921884793,4.137968387316465,4.123945926510935,3.351803810137759,4.136862922014298,4.333866336166369,4.284179375637371,5.309453743275959,5.07527275779634,4.102635998047085,5.21510788026672,3.410432981728664,4.058330521476243,4.196012822748421,4.826562106793543,4.582511485325874,4.674627861065011,3.012215190540118,3.6469129216704435,3.5842996795503854,3.948297884103787,3.887440664565796,4.985663725263996,5.441195394536995,3.698803926962843,4.400043112734639,4.417063806679952,4.710510856717278,4.469472798031239,3.4070225561036267,3.9693787374885883,4.732466813930901,3.5097500486740882,4.101033311482543,4.748112694658998,3.9104375283559314,2.9998059766858525,4.348068331447489,3.6841158883157776,4.986981220086561,3.8473655730428593,4.450474001167517,3.1046831887147794,4.284293436368407,3.9009133254014454,4.292610488883561,3.932030039464805,4.74676161131344,3.5697825319472463,4.997470652892042,4.783404866402013,4.820818627662047,3.8829660684652385,3.470174474211083,3.861366725781444,4.147074166021936,3.4543969944834654,4.112329122255643,4.604239964994451,4.120175225637532,3.4818411128921953,4.224211071088372
0.169063442568758,9.9828862754452,4.588771664927221,3.372680740925193,5.038684882091293,5.225179859664319,3.650750073600764,4.225144705755695,4.113675779541223,3.4580129597307403,3.7153683815317597,4.78698572049143,4.366983778980015,4.409853997091303,4.16056848894134,5.1395838440045845,4.3689702767186285,5.088400281734554,4.518088772284151,4.174051165754407,3.7079674037364345,4.683698115076705,4.146104077796925,4.341879714748454,3.2002831027309933,4.572420302917409,3.721699122214609,4.010923269690459,3.373241907979444,5.105421763970152,4.464903650866279,4.847602390900874,3.9674795954889417,4.299814431380288,3.113836489000027,3.601462847227997,4.473324567341008,3.9461947553088583,5.197951916231699,3.1871466074043653,4.030279919248118,4.1770478635598955,4.167085383506273,3.3922938579184754,4.176732907375072,4.373843585064514,4.328125458278163,5.359136567529695,5.125873417369676,4.140352993779839,5.2693318414373875,3.447522176928045,4.0984756381614265,4.233774653252327,4.876822771464547,4.62605975167902,4.708292307078413,3.0492208645613754,3.68815509392721,3.624342343056294,3.9956064239662723,3.928590934995075,5.027197970529996,5.492134605581094,3.736978709048702,4.437835181086923,4.461868564420386,4.755042996809133,4.520608868051829,3.4490006760289162,4.014596663244519,4.782317983326253,3.5455796159878608,4.145187085735939,4.795890622433661,3.956245627808796,3.0398686081801003,4.391349691960349,3.7269127299076947,5.032023359671613,3.886831938176634,4.496249361369729,3.1427140620152123,4.325950770396112,3.938033664397385,4.339390258046621,3.972700094520458,4.791599885457423,3.607141153866867,5.052541974106941,4.831134437289709,4.869170153550066,3.9278719690181605,3.5135388637883294,3.9026755091918623,4.186216318013656,3.498332988980409,4.150101296603526,4.651347641257772,4.159289460158031,3.5213408510504207,4.268750206347402
0.17342566944658266,-3.52762613687451,4.631988008024204,3.4077259375202225,5.079309875394255,5.27558838773046,3.694619841599926,4.266654386085725,4.151406601044558,3.49403856734257,3.7565063305205575,4.838881849987123,4.406147229048067,4.453260687911249,4.208605439986125,5.1859482890556805,4.408200512998873,5.138260843169252,4.562077122847309,4.213078912838857,3.751653537272297,4.7268106238853065,4.188218201837852,4.390157887141191,3.24545489654819,4.614622152936022,3.7644688864658082,4.053698854422421,3.4082933520798795,5.155583229003835,4.508337942780199,4.894513472815549,4.005781026604328,4.345469377033563,3.1524257502436015,3.6568643577771445,4.515901952199904,3.9923845145175063,5.247898345771148,3.232005087447841,4.069280916611421,4.2161273398032915,4.210224840501615,3.4327839056991953,4.216602892735841,4.413820833962677,4.372071540918949,5.408819391783431,5.176474076943024,4.178069989512568,5.323555802608061,3.484611372127426,4.1386207548466185,4.271536483756216,4.927083436135579,4.669608018032166,4.741956753091821,3.0862265385826424,3.729397266183965,3.6643850065622274,4.042914963828758,3.969741205424378,5.068732215795995,5.543073816625189,3.7751534911345725,4.4756272494392135,4.506673322160852,4.799575136900994,4.571744938072428,3.4909787959542093,4.059814589000421,4.832169152721593,3.5814091833016306,4.189340859989367,4.8436685502083305,4.002053727261664,3.0799312396743517,4.434631052473235,3.7697095714996065,5.077065499256668,3.926298303310409,4.542024721571931,3.180744935315655,4.367608104423829,3.975154003393321,4.386170027209684,4.013376347469415,4.836438159601411,3.6444997757864916,5.107613295321845,4.878864008177416,4.9175216794381,3.9727778695710674,3.556903253365588,3.9439842926022814,4.22535847000539,3.542268983477376,4.187873470951416,4.698455317521076,4.1984036946785235,3.5608405892086497,4.313289341606422
0.17778789632440775,11.0829172497862,4.675204351121199,3.4427711341152616,5.119934868697217,5.325996915796614,3.738489609599087,4.308164066415753,4.189137422547896,3.530064174954396,3.7976442795093703,4.89077797948283,4.445310679116145,4.496667378731202,4.256642391030904,5.232312734106777,4.447430749279136,5.188121404603962,4.6060654734104665,4.252106659923301,3.7953396708081497,4.769923132693915,4.230332325878808,4.438436059533919,3.290626690365386,4.65682400295461,3.8072386507169984,4.096474439154378,3.443344796180324,5.205744694037539,4.551772234694111,4.941424554730228,4.0440824577197025,4.391124322686825,3.1910150114871723,3.7122658683263055,4.55847933705881,4.0385742737261925,5.2978447753105975,3.2768635674913416,4.108281913974747,4.255206816046703,4.253364297496966,3.4732739534799144,4.256472878096637,4.453798082860831,4.416017623559726,5.458502216037177,5.22707473651635,4.215786985245305,5.3777797637787375,3.5217005673268194,4.1787658715318265,4.309298314260119,4.977344100806609,4.7131562843853185,4.775621199105222,3.1232322126039147,3.770639438440732,3.704427670068136,4.09022350369124,4.010891475853663,5.11026646106201,5.594013027669285,3.8133282732204306,4.51341931779152,4.551478079901299,4.844107276992832,4.622881008093049,3.532956915879512,4.105032514756336,4.882020322116955,3.617238750615412,4.233494634242783,4.891446477982991,4.047861826714527,3.119993871168603,4.4779124129861145,3.8125064130915085,5.122107638841727,3.965764668444181,4.587800081774144,3.2187758086160976,4.409265438451538,4.012274342389254,4.432949796372748,4.054077668663716,4.881276433745382,3.681858397706116,5.162684616536753,4.926593579065137,4.965873205326135,4.017683770123993,3.6002676429428444,3.9852930760127068,4.264500621997117,3.5862049779743232,4.225645645299321,4.7455629937844215,4.2375179291990035,3.600340327366875,4.357828476865455
0.18215012320223198,-1.81765814963198,4.718420694218182,3.4778163307102847,5.160559862000167,5.376405443862757,3.7823593775982483,4.349673746745777,4.2268682440512375,3.5660897825662197,3.83878222849817,4.942674108978533,4.484474129184203,4.540074069551139,4.3046793420756835,5.2786771791578655,4.486660985559378,5.237981966038659,4.650053823973621,4.291134407007744,3.8390258043440184,4.813035641502504,4.272446449919724,4.486714231926636,3.3357984841825727,4.69902585297322,3.850008414968201,4.139250023886343,3.478396240280759,5.255906159071215,4.5952065266080195,4.988335636644897,4.082383888835067,4.436779268340103,3.2296042727307555,3.7676673788754407,4.601056721917706,4.084764032934866,5.347791204850034,3.321722047534821,4.147282911338057,4.294286292290108,4.296503754492305,3.513764001260637,4.296342863457402,4.493775331758973,4.459963706200518,5.508185040290907,5.277675396089683,4.253503980978047,5.432003724949405,3.5588167547065463,4.21891098821701,4.347060144764019,5.027604765477619,4.756704550738455,4.809285645118621,3.1602378866251755,3.811881610697493,3.7444703335740535,4.137532043553734,4.052041746282942,5.151800706328014,5.644952238713375,3.851503055306301,4.551211386143802,4.596282837641753,4.888639417084697,4.674017078113629,3.5749350358048018,4.1502504405122576,4.931871491512273,3.6530683179291845,4.277648408496195,4.939224405757658,4.0936699261673795,3.1600565026628447,4.5211937734989815,3.8553032546834203,5.167149778426783,4.00523103357794,4.633575441976351,3.2568066819165082,4.450922772479239,4.049394681385181,4.479729565535817,4.094778989858013,4.926114707889373,3.719217019625737,5.217755937751639,4.9743231499528315,5.0142247312141475,4.062589670676906,3.643632032520107,4.026601859423125,4.303642773988822,3.6301409724712705,4.263417819647211,4.792670670047738,4.276632163719493,3.639840065525104,4.4023676121244755
0.18651235008005668,9.60333824271336,4.7616370373151735,3.5128615273053265,5.2011848553031195,5.426813971928898,3.8262291455974005,4.391183427075807,4.264599065554567,3.602115390178059,3.8799201774869827,4.99457023847424,4.523637579252263,4.583480760371092,4.35271629312044,5.325041624208956,4.525891221839632,5.2878425274733685,4.694042174536775,4.330162154092207,3.882711937879881,4.856148150311102,4.314560573960658,4.534992404319368,3.3809702779997624,4.741227702991817,3.8927781792193876,4.1820256086183045,3.513447684381182,5.30606762410491,4.638640818521943,5.035246718559579,4.120685319950444,4.482434213993372,3.268193533974314,3.823068889424576,4.643634106776612,4.130953792143539,5.397737634389501,3.3665805275783116,4.186283908701377,4.3333657685335165,4.339643211487658,3.554254049041363,4.336212848818173,4.533752580657127,4.503909788841306,5.557867864544649,5.328276055663019,4.291220976710768,5.48622768612007,3.595936200016218,4.259056104902204,4.384821975267908,5.0778654301486235,4.800252817091591,4.842950091132029,3.197243560646445,3.853123782954266,3.7845129970799496,4.184840583416207,4.093192016712226,5.19333495159401,5.695891449757477,3.8896778373921626,4.5890034544960985,4.64108759538219,4.933171557176538,4.725153148134229,3.616913155730095,4.195468366268157,4.9817226609076375,3.688897885242948,4.32180218274961,4.9870023335323275,4.1394780256202415,3.200119134157087,4.564475134011846,3.8981000962753347,5.212191918011835,4.044697398711724,4.679350802178558,3.294837555216951,4.492580106506953,4.08651502038112,4.526509334698887,4.135480311052314,4.970952982033343,3.756575641545358,5.272827258966547,5.0220527208405485,5.06257625710217,4.107495571229825,3.686996422097347,4.067910642833529,4.342784925980543,3.674076966968218,4.301189993995097,4.839778346311055,4.315746398239986,3.6793398036833196,4.446906747383497
0.19087457695788135,-0.187625887151704,4.804853380412164,3.5479067239003585,5.241809848606075,5.477222499995058,3.870098913596574,4.432693107405832,4.3023298870579145,3.63814099778988,3.921058126475783,5.046466367969937,4.56280102932034,4.626887451191026,4.400753244165228,5.371406069260053,4.565121458119892,5.337703088908072,4.738030525099926,4.369189901176639,3.926398071415737,4.89926065911969,4.356674698001586,4.583270576712098,3.426142071816943,4.783429553010427,3.9355479434705813,4.224801193350256,3.5484991284816276,5.356229089138595,4.682075110435848,5.082157800474233,4.158986751065833,4.528089159646647,3.3067827952178854,3.8784703999737227,4.686211491635521,4.177143551352207,5.447684063928938,3.4114390076217935,4.225284906064699,4.372445244776935,4.382782668482997,3.5947440968220867,4.37608283417894,4.573729829555283,4.547855871482086,5.607550688798394,5.378876715236339,4.3289379724435095,5.540451647290744,3.6330556453258858,4.299201221587404,4.422583805771811,5.128126094819646,4.843801083444728,4.876614537145437,3.234249234667711,3.8943659552110175,3.8245556605858795,4.232149123278687,4.134342287141518,5.234869196860019,5.7468306608015824,3.927852619478039,4.626795522848393,4.68589235312265,4.977703697268396,4.776289218154834,3.6588912756553915,4.240686292024078,5.0315738303029915,3.724727452556701,4.365955957003029,5.034780261306982,4.1852861250731035,3.2401817656513385,4.607756494524718,3.940896937867241,5.257234057596894,4.084163763845487,4.725126162380762,3.3328684285173713,4.5342374405346515,4.123635359377041,4.573289103861941,4.176181632246618,5.015791256177329,3.793934263464995,5.327898580181458,5.069782291728254,5.110927782990192,4.152401471782747,3.7303608116746094,4.109219426243963,4.381927077972273,3.7180129614651793,4.33896216834298,4.886886022574377,4.354860632760478,3.7188395418415547,4.491445882642525
0.19523680383570602,-1.82388797327291,4.848069723509149,3.582951920495394,5.282434841909041,5.527631028061201,3.913968681595735,4.474202787735872,4.3400607085612615,3.6741666054017097,3.9621960754645924,5.098362497465642,4.601964479388402,4.670294142010978,4.44879019521,5.417770514311143,4.604351694400149,5.387563650342781,4.782018875663078,4.408217648261073,3.9700842049515996,4.942373167928298,4.398788822042526,4.63154874910483,3.4713138656341327,4.825631403029034,3.978317707721768,4.267576778082221,3.5835505725820562,5.406390554172288,4.725509402349779,5.129068882388915,4.19728818218121,4.573744105299924,3.3453720564614713,3.933871910522882,4.7287888764944155,4.223333310560867,5.497630493468387,3.456297487665279,4.2642859034280125,4.411524721020339,4.425922125478339,3.635234144602814,4.415952819539719,4.613707078453428,4.591801954122884,5.657233513052128,5.429477374809679,4.36665496817626,5.594675608461414,3.6701750906355537,4.339346338272593,4.460345636275715,5.178386759490673,4.887349349797877,4.9102789831588325,3.271254908688978,3.9356081274677814,3.864598324091803,4.279457663141187,4.1754925575707995,5.276403442126018,5.79776987184568,3.9660274015639008,4.664587591200667,4.730697110863104,5.0222358373602605,4.827425288175427,3.7008693955806784,4.285904217779987,5.08142499969833,3.7605570198704834,4.410109731256454,5.082558189081649,4.23109422452598,3.2802443971455926,4.651037855037595,3.9836937794591467,5.30227619718195,4.123630128979243,4.770901522582963,3.370899301817814,4.575894774562366,4.160755698372974,4.620094193595257,4.216882953440911,5.060629530321312,3.831292885384613,5.382969901396355,5.117511862615957,5.159279308878223,4.197307372335662,3.773725201251856,4.150528209654381,4.421069229963997,3.761948955962125,4.376734342690867,4.933993698837697,4.393974867280962,3.7583392799997775,4.535985017901539
0.1995990307135307,8.29654901618329,4.891286066606142,3.617997117090427,5.323059835211987,5.578039556127345,3.9578384495948997,4.515712468065888,4.377791530064591,3.710192213013527,4.003334024453393,5.150258626961333,4.641127929456462,4.713700832830911,4.496827146254777,5.464134959362221,4.643581930680397,5.437424211777475,4.826007226226245,4.447245395345532,4.013770338487459,4.985485676736886,4.440902946083457,4.679826921497561,3.5164856594513223,4.8678332530476345,4.021087471972958,4.310352362814187,3.6186020166824893,5.456552019205965,4.768943694263674,5.175979964303581,4.2355896132965904,4.619399050953202,3.3839613177050367,3.989273421072027,4.7713662613533145,4.269523069769549,5.547576923007838,3.501155967708767,4.303286900791318,4.450604197263748,4.4690615824736835,3.67572419238353,4.455822804900486,4.653684327351587,4.635748036763667,5.706916337305874,5.480078034383018,4.404371963908992,5.648899569632077,3.707294535945236,4.379491454957791,4.498107466779606,5.228647424161679,4.930897616151026,4.94394342917224,3.3082605827102354,3.9768502997245463,3.9046409875977153,4.326766203003661,4.216642828000092,5.31793768739202,5.8487090828897745,4.004202183649777,4.702379659552967,4.775501868603559,5.066767977452118,4.878561358196036,3.742847515505975,4.331122143535896,5.131276169093671,3.7963865871842586,4.454263505509866,5.130336116856306,4.276902323978831,3.3203070286398315,4.694319215550471,4.0264906210510585,5.3473183367670085,4.163096494113032,4.816676882785181,3.4089301751182406,4.61755210859008,4.197876037368917,4.666902116106735,4.257584274635212,5.105467804465299,3.8686515073042367,5.438041222611257,5.165241433503657,5.207630834766245,4.2422132728885735,3.817089590829112,4.191836993064807,4.460211381955715,3.8058849504590775,4.414506517038766,4.98110137510102,4.433089101801444,3.797839018157984,4.58052415316057
0.20396125759135533,0.525537617688654,4.934502409703124,3.653042313685459,5.363684828514937,5.628448084193486,4.001708217594052,4.55722214839592,4.415522351567926,3.7462178206253567,4.04447197344221,5.202154756457045,4.680291379524537,4.7571075236508635,4.544864097299559,5.510499404413318,4.682812166960653,5.4872847732121866,4.86999557678939,4.48627314242998,4.05745647202332,5.028598185545484,4.483017070124384,4.728105093890275,3.561657453268504,4.91003510306624,4.063857236224151,4.353127947546137,3.653653460782931,5.506713484239661,4.812377986177593,5.222891046218243,4.2738910444119735,4.665053996606472,3.4225505789486173,4.0446749316211825,4.8139436462122145,4.3157128289782065,5.597523352547285,3.5460144477522535,4.342287898154642,4.489683673507164,4.512201039469023,3.7162142401642484,4.495692790261264,4.693661576249741,4.679694119404446,5.756599161559617,5.530678693956348,4.442088959641722,5.703123530802753,3.744413981254911,4.419636571643001,4.535869297283494,5.27890808883271,4.974445882504164,4.977607875185636,3.3452662567315086,4.018092471981322,3.9446836511036247,4.374074742866147,4.257793098429372,5.359471932658024,5.899648293933874,4.042376965735648,4.740171727905255,4.820306626344011,5.111300117543961,4.9296974282166275,3.784825635431271,4.376340069291811,5.181127338489027,3.8322161544980347,4.498417279763284,5.178114044630972,4.322710423431687,3.3603696601340802,4.737600576063344,4.069287462642965,5.39236047635207,4.202562859246803,4.862452242987379,3.446961048418679,4.659209442617783,4.234996376364843,4.713710038618228,4.298285595829521,5.150306078609269,3.9060101292238514,5.493112543826171,5.212971004391368,5.255982360654278,4.2871191734415035,3.860453980406364,4.23314577647521,4.499353533947445,3.8498209449560292,4.452278691386661,5.028209051364336,4.472203336321936,3.8373387563162122,4.6250632884195895
0.20832348446918,-1.58329094453437,4.977718752800126,3.6880875102805026,5.4043098218178836,5.6788566122596285,4.0455779855932095,4.598731828725952,4.453253173071254,3.7822434282371855,4.085609922431014,5.2540508859527355,4.719454829592587,4.80051421447081,4.59290104834433,5.5568638494644,4.722042403240908,5.537145334646897,4.913983927352538,4.525300889514422,4.101142605559185,5.071710694354081,4.525131194165322,4.776383266283006,3.6068292470857006,4.952236953084845,4.10662700047535,4.395903532278103,3.6887122255779037,5.556874949273328,4.855812278091513,5.2698021281329135,4.3121924755273415,4.710708942259745,3.461139840192197,4.100076442170312,4.856521031071112,4.361902588186879,5.647469782086737,3.590872927795737,4.381288895517955,4.528763149750566,4.5553404964643756,3.756704287944978,4.5355627756220365,4.733638825147893,4.723640202045235,5.806281985813365,5.581279353529668,4.479805955374469,5.757347491973411,3.7815334265645744,4.459781688328193,4.573631127787395,5.329168753503718,5.017994148857312,5.011272321199041,3.3822719307527658,4.059334644238082,3.9847263146095475,4.421383282728634,4.298943368858676,5.401006177924039,5.950587504977985,4.080551747821501,4.777963796257544,4.865111384084456,5.155832257635828,4.980833498237234,3.826803755356564,4.4215579950477215,5.230978507884384,3.8680457218118036,4.542571054016703,5.225891972405648,4.368518522884561,3.4004322916283343,4.780881936576224,4.112084304234878,5.437402615937118,4.242029224380571,4.9082276031895775,3.4849919217191117,4.700866776645488,4.27211671536077,4.76051796112973,4.338986917023819,5.19514435275324,3.9433687511434776,5.548183865041059,5.260700575279083,5.304333886542291,4.332025073994406,3.903818369983627,4.274454559885625,4.538495685939164,3.8937569394529845,4.490050865734548,5.075316727627676,4.511317570842433,3.8768384944744474,4.669602423678605
0.21268571134700467,9.45227784815268,5.020935095897108,3.7231327068755276,5.444934815120845,5.729265140325786,4.089447753592382,4.640241509055975,4.49098399457459,3.818269035849024,4.12674787141982,5.305947015448447,4.758618279660655,4.84392090529075,4.640937999389109,5.603228294515496,4.761272639521162,5.587005896081591,4.957972277915685,4.564328636598863,4.144828739095039,5.114823203162673,4.567245318206249,4.824661438675733,3.6520010409028947,4.994438803103458,4.149396764726531,4.438679117010052,3.7237896465870133,5.6070364143070295,4.899246570005419,5.316713210047595,4.350493906642734,4.756363887913017,3.499729101435771,4.155477952719479,4.899098415930013,4.408092347395554,5.697416211626189,3.6357314078392236,4.420289892881272,4.567842625993983,4.598479953459714,3.7971943357257008,4.575432760982801,4.773616074046023,4.76758628468603,5.855964810067087,5.631880013103016,4.517522951107204,5.811571453144085,3.818652871874259,4.499926805013372,4.6113929582912965,5.37942941817474,5.061542415210457,5.044936767212444,3.419277604774048,4.10057681649484,4.0247689781154685,4.468691822591118,4.34009363928794,5.442540423190043,6.001526716022066,4.118726529907374,4.815755864609843,4.909916141824902,5.200364397727681,5.031969568257824,3.8687818752818606,4.466775920803642,5.280829677279722,3.9038752891255637,4.586724828270122,5.273669900180312,4.4143266223374145,3.440494923122584,4.824163297089089,4.154881145826786,5.482444755522161,4.281495589514337,4.9540029633918,3.5230227950195223,4.742524110673198,4.309237054356694,4.807325883641211,4.379688238218112,5.239982626897237,3.980727373063117,5.603255186255964,5.308430146166782,5.352685412430319,4.37693097454734,3.9471827595608877,4.315763343296057,4.577637837930884,3.9376929339499362,4.5278230400824375,5.122424403890987,4.550431805362917,3.9163382326326763,4.71414155893764
0.21704793822482935,0.0511382983592399,5.0641514389941,3.7581779034705693,5.485559808423805,5.779673668391934,4.133317521591547,4.681751189386004,4.528714816077936,3.8542946434608414,4.167885820408642,5.357843144944144,4.797781729728733,4.887327596110685,4.688974950433882,5.649592739566589,4.80050287580142,5.6368664575162954,5.001960628478847,4.603356383683313,4.188514872630898,5.157935711971276,4.609359442247198,4.87293961106846,3.6971728347200647,5.03664065312206,4.192166528977729,4.481454701742003,3.758867067596106,5.657197879340717,4.942680861919344,5.363624291962258,4.388795337758114,4.802018833566292,3.5383183626793437,4.210879463268621,4.941675800788914,4.454282106604211,5.747362641165643,3.6805898878827117,4.45929089024458,4.606922102237396,4.641619410455051,3.837684383506425,4.615302746343574,4.813593322944188,4.811532367326821,5.905647634320835,5.6824806726763475,4.555239946839938,5.865795414314752,3.8557723171839307,4.540071921698568,4.649154788795186,5.429690082845774,5.105090681563595,5.07860121322585,3.4562832787953113,4.141818988751607,4.064811641621382,4.516000362453604,4.381243909717236,5.48407466845603,6.05246592706616,4.156901311993242,4.853547932962133,4.954720899565368,5.24489653781954,5.0831056382784245,3.910759995207152,4.5119938465595455,5.3306808466750635,3.939704856439336,4.630878602523534,5.321447827954973,4.460134721790264,3.4805575546168352,4.867444657601954,4.19767798741869,5.527486895107221,4.3209619546481015,4.999778323593995,3.5610536683199694,4.784181444700904,4.346357393352638,4.854133806152699,4.420389559412416,5.284820901041217,4.018085994982735,5.658326507470862,5.356159717054481,5.401036938318352,4.421836875100249,3.9905471491381412,4.3570721267064805,4.616779989922601,3.981628928446895,4.565595214430341,5.169532080154306,4.589546039883399,3.9558379707908937,4.758680694196658
0.22141016510265402,9.96649506851596,5.1073677820910905,3.7932231000656014,5.526184801726748,5.830082196458075,4.1771872895907105,4.723260869716034,4.566445637581276,3.8903202510726542,4.2090237693974375,5.409739274439842,4.836945179796779,4.9307342869306385,4.737011901478654,5.695957184617675,4.839733112081674,5.686727018951007,5.045948979042007,4.642384130767764,4.2322010061667665,5.201048220779877,4.651473566288128,4.921217783461191,3.7423446285372606,5.078842503140655,4.234936293228902,4.524230286473957,3.7939444886051996,5.707359344374402,4.986115153833268,5.4105353738769315,4.42709676887349,4.84767377921956,3.5769076239229003,4.2662809738177705,4.984253185647815,4.500471865812898,5.797309070705091,3.7254483679262,4.498291887607907,4.646001578480805,4.684758867450408,3.878174431287154,4.655172731704352,4.853570571842344,4.855478449967605,5.95533045857458,5.733081332249675,4.592956942572664,5.920019375485415,3.892891762493595,4.580217038383772,4.686916619299096,5.47995074751678,5.148638947916745,5.112265659239252,3.493288952816564,4.183061161008354,4.104854305127293,4.563308902316087,4.422394180146518,5.525608913722044,6.103405138110271,4.195076094079106,4.891340001314419,4.999525657305809,5.289428677911385,5.134241708299021,3.952738115132443,4.55721177231546,5.380532016070411,3.9755344237531025,4.675032376776944,5.369225755729648,4.505942821243127,3.520620186111082,4.910726018114835,4.240474829010592,5.572529034692275,4.3604283197818665,5.045553683796224,3.5990845416204023,4.825838778728613,4.383477732348566,4.9009417286642,4.461090880606703,5.329659175185204,4.0554446169023475,5.713397828685774,5.403889287942201,5.449388464206371,4.466742775653171,4.033911538715381,4.398380910116888,4.655922141914331,4.025564922943833,4.603367388778215,5.216639756417631,4.628660274403906,3.995337708949119,4.803219829455679
0.2257723919804787,0.148881618577941,5.150584125188073,3.828268296660635,5.5668097950297035,5.880490724524233,4.221057057589861,4.7647705500460535,4.604176459084612,3.9263458586844875,4.250161718386236,5.461635403935549,4.876108629864845,4.974140977750581,4.785048852523435,5.742321629668759,4.878963348361921,5.736587580385711,5.089937329605161,4.6814118778522,4.275887139702627,5.244160729588465,4.6935876903290605,4.969495955853918,3.7875164223544457,5.121044353159273,4.277706057480115,4.567005871205928,3.8290219096142994,5.757520809408098,5.029549445747156,5.4574464557915965,4.465398199988867,4.893328724872845,3.615496885166489,4.321682484366909,5.02683057050672,4.546661625021562,5.847255500244533,3.770306847969681,4.537292884971215,4.685081054724203,4.727898324445754,3.9186644790678695,4.695042717065123,4.8935478207404834,4.899424532608395,6.0050132828283225,5.783681991823007,4.630673938305416,5.974243336656098,3.9300112078032745,4.620362155068968,4.724678449802991,5.530211412187806,5.192187214269875,5.145930105252651,3.5302946268378337,4.224303333265122,4.144896968633212,4.610617442178578,4.463544450575804,5.5671431589880465,6.154344349154354,4.233250876164974,4.929132069666717,5.044330415046267,5.333960818003244,5.185377778319627,3.99471623505773,4.602429698071378,5.430383185465759,4.011363991066881,4.719186151030362,5.417003683504294,4.551750920695994,3.5606828176053273,4.954007378627706,4.2832716706025185,5.6175711742773276,4.399894684915632,5.09132904399841,3.637115414920836,4.867496112756323,4.4205980713444974,4.947749651175691,4.5017922018010115,5.374497449329186,4.092803238821983,5.768469149900682,5.451618858829898,5.497739990094396,4.5116486762060894,4.077275928292642,4.439689693527316,4.695064293906051,4.069500917440782,4.641139563126122,5.263747432680952,4.667774508924375,4.0348374471073365,4.847758964714706
0.23013461885830336,9.00102050131149,5.19380046828507,3.86331349325567,5.607434788332663,5.930899252590374,4.264926825589024,4.8062802303760925,4.641907280587943,3.9623714662963208,4.291299667375051,5.513531533431248,4.915272079932915,5.017547668570525,4.833085803568206,5.788686074719861,4.918193584642171,5.78644814182041,5.133925680168309,4.72043962493664,4.319573273238485,5.287273238397062,4.735701814369992,5.0177741282466455,3.8326882161716336,5.163246203177865,4.320475821731294,4.609781455937881,3.8640993306233966,5.807682274441784,5.072983737661079,5.504357537706266,4.503699631104244,4.938983670526109,3.654086146410063,4.377083994916061,5.069407955365625,4.592851384230223,5.897201929783988,3.8151653280131628,4.576293882334535,4.724160530967622,4.771037781441096,3.959154526848594,4.7349127024259,4.93352506963865,4.943370615249173,6.054696107082049,5.834282651396345,4.66839093403816,6.028467297826759,3.9671306531129487,4.660507271754162,4.762440280306889,5.580472076858819,5.235735480623024,5.179594551266056,3.5673003008591033,4.265545505521888,4.1849396321391295,4.657925982041057,4.504694721005101,5.608677404254057,6.20528356019846,4.27142565825084,4.966924138019006,5.089135172786713,5.3784929580950935,5.236513848340213,4.036694354983027,4.647647623827298,5.480234354861111,4.04719355838066,4.763339925283782,5.464781611278966,4.5975590201488545,3.600745449099583,4.997288739140598,4.326068512194416,5.662613313862388,4.439361050049404,5.137104404200613,3.675146288221269,4.909153446784029,4.457718410340422,4.994557573687174,4.54249352299532,5.419335723473169,4.130161860741602,5.823540471115572,5.499348429717609,5.5460915159824244,4.556554576759018,4.120640317869894,4.480998476937729,4.734206445897776,4.1134369119377325,4.67891173747401,5.310855108944272,4.706888743444884,4.074337185265564,4.892298099973731
0.23449684573612803,9.79813283166765,5.23701681138206,3.8983586898507117,5.648059781635626,5.981307780656521,4.308796593588193,4.847789910706118,4.679638102091283,3.9983970739081407,4.33243761636386,5.565427662926954,4.95443553000098,5.0609543593904665,4.881122754612983,5.835050519770942,4.957423820922433,5.836308703255103,5.177914030731468,4.759467372021093,4.363259406774348,5.330385747205658,4.777815938410921,5.066052300639369,3.8778600099888187,5.205448053196476,4.363245585982496,4.652557040669849,3.899176751632499,5.8578437394754665,5.1164180295749935,5.551268619620943,4.542001062219633,4.984638616179379,3.6926754076536215,4.43248550546521,5.1119853402245194,4.639041143438896,5.947148359323433,3.86002380805666,4.6152948796978475,4.763240007211028,4.814177238436442,3.999644574629314,4.774782687786675,4.973502318536793,4.987316697889965,6.104378931335787,5.8848833109696805,4.706107929770885,6.08269125899743,4.0042500984226255,4.700652388439351,4.800202110810773,5.630732741529836,5.279283746976168,5.213258997279454,3.6043059748803685,4.3067876777786545,4.224982295645049,4.705234521903549,4.5458449914343815,5.650211649520053,6.256222771242557,4.30960044033671,5.0047162063712936,5.133939930527163,5.423025098186956,5.287649918360812,4.078672474908328,4.692865549583202,5.53008552425646,4.083023125694424,4.807493699537205,5.512559539053631,4.643367119601715,3.6408080805938283,5.040570099653455,4.36886535378633,5.707655453447448,4.47882741518318,5.18287976440283,3.7131771615216893,4.950810780811748,4.494838749336364,5.041365496198667,4.5831948441896335,5.4641739976171415,4.167520482661237,5.87861179233048,5.54707800060532,5.594443041870448,4.601460477311923,4.164004707447155,4.522307260348146,4.7733485978895,4.157372906434686,4.716683911821893,5.357962785207597,4.74600297796536,4.113836923423788,4.936837235232757
0.2388590726139527,0.951702936833709,5.280233154479043,3.933403886445748,5.688684774938579,6.031716308722663,4.352666361587356,4.889299591036144,4.717368923594627,4.034422681519972,4.373575565352672,5.617323792422658,4.993598980069037,5.104361050210416,4.929159705657759,5.881414964822035,4.9966540572026865,5.886169264689816,5.221902381294624,4.798495119105541,4.40694554031021,5.373498256014269,4.819930062451871,5.114330473032091,3.9230318038060217,5.247649903215084,4.406015350233688,4.6953326254017975,3.93425417264159,5.908005204509162,5.159852321488909,5.598179701535615,4.5803024933350045,5.030293561832658,3.731264668897209,4.487887016014355,5.154562725083416,4.685230902647574,5.997094788862891,3.9048822881001417,4.654295877061169,4.8023194834544345,4.857316695431784,4.0401346224100445,4.814652673147446,5.013479567434947,5.031262780530761,6.154061755589537,5.935483970543012,4.743824925503629,6.136915220168107,4.041369543732292,4.740797505124551,4.837963941314676,5.680993406200856,5.322832013329308,5.246923443292866,3.641311648901624,4.348029850035414,4.265024959150973,4.752543061766028,4.586995261863669,5.691745894786052,6.307161982286666,4.3477752224225785,5.042508274723578,5.17874468826762,5.467557238278806,5.338785988381411,4.120650594833621,4.738083475339117,5.579936693651806,4.118852693008194,4.851647473790623,5.560337466828302,4.68572187750028,3.6808707120880824,5.083851460166339,4.41166219537824,5.752697593032499,4.5182937803169425,5.228655124605026,3.7512080348221257,4.992468114839455,4.531959088332282,5.088173418710162,4.623896165383918,5.509012271761138,4.204879104580858,5.933683113545385,5.594807571493025,5.642794567758478,4.646366377864846,4.20736909702441,4.56361604375857,4.812490749881222,4.20130890093164,4.754456086169787,5.405070461470916,4.785117212485846,4.153336661582012,4.981376370491783
0.24322129949177737,0.622905462337194,5.323449497576024,3.9684490830407713,5.729309768241527,6.082124836788818,4.396536129586517,4.930809271366179,4.755099745097951,4.070448289131804,4.414713514341478,5.669219921918356,5.0327624301371054,5.147767741030354,4.97719665670254,5.927779409873123,5.035884293482937,5.936029826124526,5.265890731857772,4.837522866189992,4.450631673846068,5.416610764822852,4.862044186492793,5.162608645424828,3.9682035976231935,5.2898517532336795,4.448785114484872,4.738108210133761,3.9693315936506925,5.958166669542842,5.20328661340282,5.645090783450283,4.618603924450392,5.07594850748593,3.7698539301407745,4.543288526563519,5.197140109942332,4.731420661856235,6.047041218402337,3.9497407681436254,4.693296874424483,4.841398959697849,4.900456152427125,4.080624670190753,4.854522658508217,5.053456816333096,5.075208863171531,6.20374457984327,5.98608463011635,4.781541921236363,6.191139181338767,4.078488989041966,4.780942621809751,4.8757257718185665,5.731254070871874,5.366380279682459,5.280587889306258,3.67831732292289,4.389272022292184,4.305067622656874,4.799851601628508,4.6281455322929554,5.733280140052067,6.358101193330754,4.3859500045084445,5.080300343075862,5.223549446008062,5.512089378370667,5.389922058402005,4.1626287147589185,4.7833014010950246,5.629787863047162,4.15468226032197,4.895801248044045,5.608115394602976,4.725616781285123,3.720933343582323,5.12713282067921,4.454459036970144,5.797739732617561,4.557760145450719,5.274430484807232,3.789238908122555,5.03412544886715,4.569079427328221,5.134981341221652,4.664597486578226,5.553850545905105,4.2422377265004805,5.988754434760293,5.64253714238072,5.691146093646498,4.691272278417763,4.2507334866016535,4.604924827168993,4.851632901872944,4.2452448954285895,4.792228260517676,5.452178137734233,4.824231447006353,4.192836399740225,5.025915505750806
0.24758352636960204,0.533618723150519,5.366665840673017,4.003494279635809,5.76993476154448,6.132533364854965,4.440405897585675,4.972318951696201,4.792830566601305,4.1064738967436245,4.455851463330284,5.72111605141406,5.07192588020517,5.191174431850296,5.025233607747314,5.9741438549242165,5.075114529763191,5.98589038755922,5.309879082420927,4.876550613274426,4.494317807381932,5.4597232736314565,4.904158310533731,5.2108868178175545,4.0133753914403965,5.332053603252291,4.491554878736067,4.780883794865716,4.00440901465978,6.008328134576539,5.246720905316737,5.692001865364959,4.656905355565769,5.1216034531392065,3.8084431913843515,4.598690037112662,5.239717494801222,4.777610421064907,6.096987647941785,3.9945992481871118,4.732297871787797,4.880478435941257,4.943595609422476,4.121114717971489,4.894392643868993,5.0934340652312455,5.119154945812319,6.253427404097012,6.036685289689682,4.81925891696911,6.245363142509439,4.115608434351637,4.82108773849494,4.913487602322463,5.781514735542895,5.409928546035593,5.314252335319678,3.715322996944159,4.430514194548936,4.345110286162785,4.847160141491002,4.669295802722235,5.774814385318066,6.409040404374856,4.424124786594298,5.118092411428177,5.268354203748514,5.556621518462528,5.441058128422611,4.204606834684201,4.8285193268509445,5.679639032442496,4.190511827635741,4.939955022297453,5.655893322377626,4.765511685069961,3.7609959750765647,5.170414181192079,4.497255878562059,5.842781872202609,4.597226510584489,5.320205845009446,3.827269781422994,5.075782782894871,4.606199766324154,5.181789263733144,4.705298807772511,5.598688820049091,4.279596348420109,6.043481473795765,5.690266713268434,5.7394976195345135,4.736178178970684,4.294097876178913,4.646233610579413,4.890775053864664,4.289180889925542,4.830000434865568,5.499285813997562,4.863345681526824,4.232336137898464,5.0704546410098255
0.25194575324742674,9.98607768729913,5.409882183770017,4.03853947623085,5.81055975484744,6.18294189292111,4.4842756655848355,5.013828632026233,4.830561388104626,4.142499504355456,4.496989412319099,5.773012180909761,5.111089330273238,5.234581122670243,5.0732705587920846,6.020508299975297,5.114344766043434,6.0357509489939325,5.353867432984091,4.9155783603588725,4.538003940917798,5.502835782440049,4.943171803919652,5.259164990210271,4.058547185257576,5.3742554532709,4.5343246429872535,4.823659379597677,4.03948643566888,6.058489599610215,5.290155197230652,5.738912947279625,4.695206786681146,5.167258398792477,3.8470324526279223,4.654091547661805,5.282294879660122,4.823800180273574,6.146934077481234,4.039457728230597,4.771298869151118,4.919557912184666,4.986735066417811,4.161604765752214,4.934262629229758,5.13341131412941,5.1631010284531085,6.3031102283507545,6.087285949263016,4.856975912701834,6.299587103680104,4.152727879661318,4.861232855180122,4.951249432826354,5.831775400213911,5.453476812388746,5.347916781333078,3.75232867096543,4.471756366805707,4.385152949668706,4.89446868135348,4.710446073151523,5.81634863058407,6.459979615418958,4.462299568680178,5.155884479780457,5.3131589614889645,5.601153658554375,5.492194198443209,4.246584954609504,4.873737252606855,5.729490201837846,4.226341394949514,4.984108796550876,5.703671250152292,4.8054065888548,3.8010586065708223,5.213695541704955,4.540052720153962,5.887824011787662,4.636692875718252,5.365981205211652,3.8653006547234243,5.117440116922564,4.643320105320087,5.228597186244634,4.746000128966816,5.6435270941930735,4.316954970339725,6.092904925544938,5.737996284156143,5.78784914542255,4.7810840795236,4.3374622657561686,4.687542393989822,4.929917205856391,4.333116884422496,4.867772609213459,5.546393490260885,4.902459916047321,4.271835876056687,5.114993776268852
0.2563079801252514,1.59127830648304,5.453098526867,4.068179388272424,5.851184748150398,6.231259208794762,4.528145433583997,5.055338312356259,4.867615537712624,4.178525111967284,4.538127361307894,5.824908310405465,5.150252780341308,5.277389736920758,5.119040695862223,6.066872745026392,5.153575002323696,6.079006377760605,5.397855783547229,4.954606107443326,4.5800296576550235,5.5459482912486475,4.977501267951665,5.3074431626030005,4.1037189790747775,5.416147783491781,4.577094407238446,4.86643496432963,4.07456385667798,6.108319527122677,5.333589489144563,5.785824029194297,4.7278081993530074,5.21291334444575,3.885621713871501,4.705287333343918,5.324872264519017,4.869989939482246,6.196880507020686,4.080485996819172,4.810299866514435,4.958637388428082,5.028561753069675,4.202094813532934,4.974132614590537,5.173388563027552,5.203942637368015,6.352793052604499,6.137886608836343,4.8946929084345765,6.35312941508692,4.1898473249709935,4.90137797186533,4.989011263330268,5.882036064884926,5.497025078741886,5.381581227346479,3.7893343449866954,4.512998539062471,4.425195613174628,4.941777221215959,4.751596343580812,5.85499480561619,6.510918826463057,4.500474350766044,5.193676548132761,5.357963719229418,5.645685798646236,5.543330268463805,4.288563074534795,4.917008847564909,5.779341371233186,4.258735425258522,5.028262570804304,5.750412211348107,4.845301492639638,3.8411212380650674,5.256976902217827,4.582849561745879,5.932106162009627,4.67404482844628,5.411756565413865,3.9011825802923044,5.159097450950273,4.679847775888517,5.273035972207764,4.786701450161131,5.687537799821709,4.354313592259358,6.142328377294103,5.785725855043848,5.832631951095121,4.825989980076524,4.380244986458091,4.72885117740024,4.969059357848111,4.377052878919445,4.905544783561344,5.593501166524204,4.940644918491305,4.311335614214902,5.158400675409884
0.2606702070030761,9.92158575270405,5.490428797866775,4.095541680453368,5.886988471019621,6.2740463790757275,4.565383627270581,5.091447440296989,4.897751273405435,4.208424757557661,4.573507761709613,5.875079475023853,5.189416230409363,5.31320280170279,5.159453027793745,6.113237190077479,5.187675597216471,6.12116175375851,5.436714670284917,4.987867700824577,4.616102434347823,5.584223740766217,5.011830731983672,5.352316354788369,4.14889077289195,5.450761366950612,4.613610443360334,4.904304943329304,4.103916117427301,6.150892316650907,5.377023781058482,5.829134449954205,4.758421252800106,5.253534695773777,3.924210975115071,4.7530282160564665,5.361236171956254,4.916179698690913,6.246472784912653,4.117690822733585,4.841848146135024,4.994006860941903,5.064094309967472,4.2387286205624255,5.014002599951311,5.2078859578983305,5.240248543901199,6.402475876858235,6.183989133844555,4.9296009261976765,6.399758197991847,4.226966770280656,4.937858273714729,5.021255866542433,5.9300302944423,5.536740526051713,5.410756969636905,3.8196521918181494,4.548934512302368,4.4652382766805445,4.982085683837542,4.788195147055232,5.888892893771738,6.5618580375071565,4.534021043293919,5.2252313780825625,5.401108516263714,5.685904063722294,5.590529817251739,4.3260521917426695,4.954608106330394,5.826309772725576,4.286918668089204,5.072154354492336,5.790588361510168,4.8781477893830365,3.8777466364602224,5.296599854092112,4.618258796962321,5.969551668310157,4.70588940491255,5.451926836810812,3.9315910235239553,5.196382213458256,4.709374589293593,5.312217375250021,4.82274428137053,5.724778185521694,4.391672214178984,6.186948699491045,5.826517375144921,5.873334679094076,4.863746750323635,4.416016054742554,4.763451856678623,5.003205664443688,4.4158756429027175,4.943316957909247,5.635928787911393,4.972159376358064,4.35083535237313,5.195336263616023
0.26503243388090075,10.5888624478308,5.526093558832566,4.122903972634326,5.9200813002724075,6.316833549356704,4.601688218317302,5.125414392511385,4.927887009098234,4.236894408419567,4.607096472328781,5.919499909638413,5.223342029380722,5.349015866484836,5.199865359725275,6.152404729086245,5.219368045819677,6.163317129756426,5.47316523640913,5.019346052615719,4.65217521104063,5.619803797588731,5.046160196015691,5.3930881921385385,4.187925202817745,5.485374950409445,4.64882192094046,4.9395468260192406,4.131444890703592,6.193465106179124,5.413795120705303,5.868535628103601,4.789034306247194,5.291653605312316,3.9574942247652993,4.800769098769016,5.3962560041481415,4.959282344746059,6.288968521766318,4.154895648647989,4.873268992735633,5.025574439299724,5.099626866865263,4.271704103491104,5.051499467676677,5.240319032513687,5.276554450434382,6.448383021572535,6.227063522317649,4.959822456595575,6.446386980896792,4.257803138186933,4.970492316639743,5.051472841215385,5.972805388697537,5.572774654700324,5.436895316538977,3.849091663084965,4.582635677103322,4.498561138181818,5.021822326929762,4.8218181737701595,5.922790981927275,6.608235124873311,4.564667184314475,5.255465460467121,5.438438764705122,5.722913293038593,5.6341498583276595,4.3605042071039115,4.992207365095885,5.868664131016024,4.3151019109198785,5.108859117022392,5.830764511672211,4.910469911440829,3.9103023446996144,5.332370257676916,4.65347667510306,6.006997174610697,4.737733981378824,5.490155738921011,3.961999466755601,5.230515566265362,4.738901402698678,5.351398778292286,4.855916407094052,5.7620185712216685,4.423108838146428,6.2288403180191985,5.86667618033712,5.914037407093036,4.901078036079409,4.451787123027025,4.797194067573923,5.03481246873056,4.452274148999139,4.976902326737023,5.675506875430408,5.003673834224818,4.382979389749554,5.232271851822171
0.2693946607587254,1.19158606819166,5.5617583197983524,4.15026626481527,5.953174129525208,6.3596207196376895,4.637992809364008,5.159381344725787,4.958022744791022,4.265364059281477,4.64068518294794,5.9639203442529745,5.255100773902929,5.384828931266875,5.240277691656802,6.191329371345205,5.251060494422885,6.205472505754336,5.509615802533339,5.050824404406849,4.688247987733429,5.6553838544112365,5.080489660047704,5.433860029488707,4.2256761737478215,5.519988533868272,4.684033398520613,4.97478870870918,4.158973663979882,6.236037895707356,5.449799174624642,5.907936806252988,4.819647359694287,5.329772514850848,3.988677555845297,4.848509981481568,5.431275836340013,4.998105924769981,6.331464258619972,4.192100474562396,4.904689839336242,5.057142017657524,5.135159423763068,4.304679586419768,5.084016065499853,5.272752107129023,5.312860356967576,6.4906873308519035,6.270137910790737,4.990043986993478,6.49301576380173,4.28749915036004,5.003126359564761,5.081689815888338,6.015580482952767,5.608808783348939,5.463033663441055,3.8785311343517774,4.61633684190429,4.531172545327074,5.061558970021988,4.85544120048508,5.956689070082824,6.651781731991761,4.59531332533504,5.285699542851678,5.475769013146545,5.7599225223548975,5.667034952415958,4.394956222465165,5.0298066238613615,5.911018489306463,4.343285153750561,5.1455638795524665,5.870940661834286,4.942792033498627,3.9428580529389983,5.368140661261745,4.688694553243794,6.044442680911227,4.76957855784511,5.528384641031187,3.9924079099872456,5.26464891907247,4.7684282161037705,5.390580181334559,4.889088532817587,5.7992589569216415,4.453050495174573,6.270731936547345,5.906834985529318,5.954740135091983,4.938409321835204,4.48755819131149,4.830936278469231,5.066419273017441,4.488672655095565,5.007288620846156,5.715084962949434,5.035188292091601,4.415036480632329,5.269207440028315
0.27375688763655004,10.212105504393,5.597423080764137,4.177628556996205,5.986266958777988,6.402407889918665,4.674297400410712,5.193348296940188,4.98815848048382,4.293833710143385,4.674273893567111,6.008340778867536,5.286859518425141,5.420641996048919,5.280690023588329,6.230254013604161,5.282752943026094,6.247627881752242,5.54606636865756,5.082302756197991,4.724320764426239,5.690963911233754,5.114819124079711,5.474631866838879,4.263427144677893,5.554602117327103,4.71924487610075,5.010030591399122,4.1865024372561725,6.2786106852355825,5.485803228543967,5.947337984402381,4.850260413141382,5.3678914243893825,4.01986088692531,4.896250864194112,5.466295668531901,5.036929504793897,6.373959995473631,4.229305300476796,4.936110685936857,5.088709596015342,5.170691980660863,4.337655069348441,5.116532663323032,5.305185181744372,5.349166263500754,6.532991640131278,6.313212299263834,5.020265517391382,6.539644546706679,4.317195162533143,5.035760402489777,5.111906790561291,6.058355577207989,5.644842911997553,5.489172010343133,3.907970605618595,4.650038006705238,4.563783952472342,5.10129561311421,4.889064227200007,5.99058715823837,6.695328339110219,4.625959466355601,5.315933625236231,5.51309926158796,5.796931751671197,5.695420029774586,4.429408237826408,5.067405882626852,5.953372847596917,4.371468396581238,5.182268642082522,5.911116811996349,4.975114155556413,3.975413761178385,5.403911064846564,4.723912431384536,6.081888187211752,4.801423134311378,5.566613543141388,4.022816353218892,5.298782271879582,4.7979550295088425,5.429761584376814,4.922260658541114,5.8364993426216225,4.482992152202739,6.312623555075501,5.946993790721514,5.995442863090929,4.975740607590984,4.523329259595956,4.864678489364534,5.098026077304322,4.525071161191978,5.0376749149552715,5.754663050468456,5.06670274995835,4.447093571515111,5.30614302823445
0.2781191145143747,11.0809321906422,5.633087841729917,4.204990849177154,6.019359788030776,6.445195060199638,4.7106019914574135,5.22731524915458,5.018294216176619,4.322303361005293,4.707862604186274,6.052761213482108,5.318618262947347,5.456455060830959,5.32110235551985,6.269178655863109,5.314445391629308,6.2897832577501545,5.582516934781775,5.113781107989123,4.760393541119048,5.7265439680562675,5.149148588111719,5.5154037041890405,4.30117811560796,5.589215700785932,4.754456353680898,5.045272474089065,4.214031210532457,6.321183474763808,5.5218072824632936,5.986739162551781,4.880873466588479,5.4060103339279175,4.051044218005319,4.943991746906658,5.501315500723781,5.075753084817816,6.416455732327296,4.266510126391213,4.967531532537467,5.120277174373149,5.2062245375586595,4.3706305522771185,5.149049261146206,5.3376182563597165,5.385472170033937,6.575295949410651,6.356286687736924,5.050487047789279,6.586273329611606,4.34689117470624,5.068394445414796,5.14212376523425,6.101130671463222,5.680877040646176,5.515310357245206,3.937410076885416,4.683739171506204,4.596395359617598,5.14103225620644,4.922687253914929,6.024485246393917,6.738874946228675,4.656605607376159,5.346167707620789,5.550429510029376,5.83394098098751,5.723805107133228,4.4638602531876534,5.105005141392324,5.995727205887356,4.399651639411931,5.218973404612597,5.9481310296385015,5.007436277614207,4.00796946941778,5.439681468431378,4.759130309525275,6.119333693512289,4.833267710777656,5.604842445251581,4.053224796450539,5.332915624686684,4.8274818429139295,5.468942987419077,4.955432784264643,5.8737397283216035,4.512933809230896,6.354515173603654,5.987152595913709,6.036145591089882,5.013071893346753,4.55910032788043,4.898420700259834,5.1296328815912045,4.561469667288403,5.0680612090644,5.794241137987476,5.09821720782512,4.479150662397893,5.3430786164405975
0.2824813413921994,8.97210618072449,5.668752602695701,4.2323531413581055,6.05245261728357,6.487982230480629,4.7469065825041294,5.261282201368974,5.048429951869411,4.350773011867205,4.741451314805445,6.097181648096663,5.3503770074695565,5.492268125612998,5.361514687451378,6.308103298122062,5.3461378402325135,6.331938633748058,5.6189675009059865,5.1452594597802666,4.796466317811847,5.762124024878779,5.183478052143733,5.556175541539215,4.338032635904338,5.623829284244756,4.7896678312610375,5.080514356779013,4.241559983808738,6.363756264292042,5.557811336382613,6.026140340701167,4.91148652003557,5.444129243466462,4.0822275490853235,4.991732629619212,5.536335332915669,5.114576664841744,6.458951469180956,4.303714952305619,4.998952379138065,5.15184475273096,5.241757094456448,4.403606035205787,5.181565858969376,5.370051330975062,5.421778076567123,6.617600258690024,6.399361076210019,5.08070857818717,6.6329021125165495,4.376587186879352,5.101028488339814,5.172340739907206,6.14390576571845,5.716911169294785,5.541448704147272,3.966849548152232,4.717440336307166,4.629006766762863,5.180768899298659,4.956310280629843,6.058383334549465,6.782421553347135,4.687251748396714,5.376401790005348,5.587759758470806,5.870950210303815,5.752190184491853,4.498312268548897,5.142604400157817,6.038081564177805,4.4278348822426015,5.255678167142674,5.98323945322177,5.039758399671999,4.040525177657181,5.4754518720162055,4.794348187666005,6.156779199812828,4.865112287243935,5.643071347361779,4.083633239682176,5.367048977493794,4.857008656319013,5.508124390461337,4.988604909988178,5.91098011402158,4.542875466259061,6.396406792131808,6.02731140110592,6.076848319088837,5.050403179102538,4.594871396164898,4.932162911155133,5.161239685878069,4.597868173384826,5.098447503173515,5.833819225506496,5.129731665691869,4.511207753280669,5.380014204646745
0.2868435682700245,11.3979056659058,5.704417363661496,4.259715433539046,6.085545446536366,6.53076940076161,4.783211173550848,5.29524915358338,5.0785656875622225,4.379242662729117,4.7750400254246035,6.141602082711226,5.382135751991773,5.528081190395044,5.40192701938291,6.347027940381016,5.377830288835729,6.374094009745975,5.655418067030206,5.1767378115714004,4.832539094504655,5.797704081701294,5.217807516175744,5.596947378889385,4.37082994502367,5.658442867703601,4.824879308841179,5.11575623946895,4.269088757085039,6.406329053820272,5.593815390301957,6.065541518850567,4.942099573482662,5.482248153004993,4.113410880165335,5.039473512331768,5.571355165107555,5.153400244865665,6.501447206034615,4.3409197782200355,5.030373225738683,5.183412331088784,5.277289651354252,4.436581518134464,5.214082456792552,5.402484405590412,5.458083983100305,6.659904567969396,6.442435464683112,5.110930108585075,6.679530895421489,4.4062831990524565,5.133662531264832,5.202557714580158,6.186680859973671,5.752945297943409,5.567587051049349,3.9962890194190557,4.751141501108131,4.661618173908126,5.220505542390893,4.989933307344779,6.092281422705008,6.825968160465593,4.717897889417274,5.406635872389908,5.62509000691222,5.907959439620125,5.780575261850494,4.532764283910153,5.180203658923304,6.080435922468257,4.456018125073289,5.292382929672738,6.018347876805041,5.072080521729804,4.0730808858965695,5.511222275601032,4.829566065806746,6.19422470611336,4.896956863710211,5.681300249471969,4.114041682913829,5.401182330300902,4.886535469724091,5.547305793503616,5.02177703571171,5.948220499721566,4.572817123287216,6.438298410659967,6.067470206298119,6.116262361475463,5.087734464858329,4.630642464449371,4.9659051220504455,5.1928464901649685,4.634266679481245,5.128833797282643,5.873397313025528,5.161246123558638,4.543264844163449,5.416949792852888
0.2912057951478487,10.2886733917468,5.740082124627269,4.287077725719986,6.118638275789135,6.573556571042577,4.819515764597544,5.329216105797773,5.108701423255011,4.407712313591014,4.808628736043774,6.186022517325779,5.413894496513973,5.563894255177085,5.4423393513144305,6.385952582639962,5.409522737438936,6.416249385743878,5.691868633154404,5.208216163362541,4.868611871197455,5.833284138523815,5.252136980207753,5.637719216239551,4.403627254143002,5.693056451162414,4.860090786421322,5.15099812215889,4.296617530361328,6.44890184334849,5.629819444221275,6.10494269699996,4.972712626929757,5.5203670625435155,4.144594211245343,5.087214395044309,5.606374997299439,5.1922238248895765,6.543942942888269,4.3781246041344275,5.061794072339294,5.214979909446587,5.3128222082520455,4.46955700106313,5.246599054615723,5.434917480205754,5.494389889633476,6.702208877248756,6.485509853156194,5.141151638982973,6.726159678326429,4.435979211225558,5.166296574189845,5.2327746892531115,6.229455954228898,5.7882313089448,5.593725397951426,4.025728490685875,4.784842665909083,4.694229581053382,5.260242185483113,5.023556334059693,6.126179510860555,6.869514767584039,4.748544030437834,5.436869954774452,5.662420255353636,5.94496866893642,5.808960339209128,4.5672162992714025,5.2178029176887835,6.122790280758695,4.484201367903959,5.329087692202812,6.053456300388298,5.104402643787584,4.105636594135953,5.546992679185839,4.864783943947476,6.231670212413886,4.928801440176489,5.719529151582168,4.144450126145471,5.4353156831080085,4.916062283129167,5.586487196545869,5.054949161435237,5.985460885421539,4.602758780315365,6.480190029188117,6.1076290114903,6.152081292037765,5.125065750614107,4.666413532733834,4.999647332945739,5.22445329445184,4.670665185577666,5.159220091391755,5.912975400544544,5.1927605814254,4.575321935046226,5.453885381059031
0.2955680220256734,0.884578203892092,5.775746885593051,4.31444001790094,6.151731105041934,6.616343741323555,4.855820355644264,5.363183058012169,5.138837158947807,4.436181964452933,4.842217446662931,6.2304429519403435,5.445653241036191,5.599707319959127,5.482751683245957,6.424877224898924,5.441215186042145,6.458404761741789,5.728319199278622,5.239694515153675,4.904684647890255,5.868864195346317,5.2864664442397675,5.678491053589713,4.436424563262336,5.727670034621247,4.895302264001467,5.186240004848826,4.324146303637611,6.491474632876719,5.665823498140616,6.144343875149355,5.003325680376846,5.5584859720820585,4.175777542325349,5.129679162310376,5.641394829491318,5.231047404913499,6.586438679741923,4.415329430048843,5.093214918939897,5.2465474878044045,5.348354765149842,4.502532483991792,5.2791156524389,5.4673505548211,5.5306957961666665,6.744513186528128,6.528584241629286,5.1713731693808676,6.772788461231368,4.465675223398655,5.19893061711486,5.262991663926071,6.27223104848413,5.819463468412165,5.619863744853495,4.055167961952683,4.818543830710047,4.726840988198644,5.2999788285753295,5.057179360774626,6.16007759901609,6.913061374702503,4.779190171458397,5.467104037159023,5.699750503795062,5.981977898252727,5.837345416567766,4.601668314632636,5.255402176454262,6.165144639049144,4.5123846107346495,5.365792454732879,6.088564723971568,5.136724765845371,4.138192302375339,5.582763082770651,4.900001822088214,6.269115718714417,4.960646016642763,5.757758053692355,4.174858569377116,5.469449035915115,4.9455890965342535,5.625668599588133,5.088121287158764,6.0227012711215115,4.632700437343535,6.522081647716268,6.147787816682505,6.187900222600082,5.1623970363699,4.702184601018308,5.03338954384104,5.256060098738719,4.707063691674089,5.189606385500881,5.9525534880635655,5.224275039292158,4.607379025929007,5.490820969265175
0.29993024890349806,9.3553770860173,5.811411646558845,4.341802310081881,6.184823934294716,6.659130911604538,4.892124946690974,5.397150010226567,5.168972894640602,4.464651615314829,4.875806157282101,6.274863386554907,5.477411985558397,5.635520384741156,5.514418133426708,6.463801867157875,5.472907634645348,6.500560137739702,5.76476976540284,5.271172866944809,4.940757424583061,5.904444252168843,5.320795908271769,5.719262890939883,4.469221872381666,5.7622836180800805,4.930513741581605,5.221481887538766,4.351675076913902,6.534047422404953,5.701827552059941,6.183745053298743,5.033938733823946,5.596604881620595,4.206960873405365,5.163614758668902,5.6764146616832045,5.26987098493742,6.628934416595586,4.452534255963253,5.124635765540509,5.278115066162206,5.383887322047638,4.535507966920478,5.31163225026207,5.49978362943644,5.567001702699852,6.786817495807503,6.571658630102379,5.201594699778773,6.819417244136306,4.49537123557176,5.231564660039883,5.293208638599016,6.315006142739358,5.850695627879528,5.646002091755571,4.0846074332195,4.852244995511005,4.759452395343907,5.339715471667561,5.090802387489544,6.19397568717164,6.956607981820954,4.80983631247896,5.497338119543578,5.737080752236479,6.018987127569034,5.865730493926386,4.636120329993884,5.293001435219757,6.207498997339594,4.540567853565326,5.402497217262932,6.123673147554838,5.169046887903171,4.170748010614734,5.618533486355485,4.935219700228949,6.306561225014949,4.992490593109037,5.7959869558025545,4.205267012608753,5.503582388722221,4.975115909939332,5.6648500026303905,5.121293412882301,6.059941656821497,4.662642094371688,6.563973266244424,6.187946621874711,6.223719153162398,5.199728322125675,4.737955669302777,5.067131754736341,5.287666903025603,4.7434621977705085,5.219992679609994,5.992131575582586,5.255789497158922,4.639436116811795,5.527756557471326
0.30429247578132274,2.45844893573711,5.847076407524626,4.369164602262827,6.217916763547499,6.701918081885521,4.928429537737669,5.431116962440967,5.199108630333397,4.4931212661767415,4.909394867901269,6.319283821169472,5.5091707300806,5.671333449523204,5.541175501648381,6.502726509416829,5.504600083248566,6.542715513737609,5.801220331527062,5.302651218735943,4.976830201275862,5.940024308991356,5.355125372303785,5.760034728290057,4.502019181500998,5.796897201538907,4.965725219161748,5.256723770228712,4.379203850190188,6.576620211933179,5.737831605979264,6.223146231448139,5.064551787271038,5.634723791159133,4.238144204485367,5.1975503550274205,5.711434493875089,5.308694564961339,6.671430153449246,4.489739081877652,5.156056612141116,5.309682644520019,5.419419878945436,4.568483449849136,5.344148848085246,5.532216704051786,5.603307609233044,6.829121805086874,6.614733018575469,5.2318162301766735,6.866046027041243,4.5250672477448655,5.264198702964889,5.323425613271971,6.357781236994591,5.881927787346889,5.672140438657646,4.11404690448632,4.885946160311967,4.7920638024891655,5.37945211475979,5.124425414204466,6.227873775327181,7.000154588939408,4.840482453499513,5.52757220192813,5.774411000677895,6.055996356885341,5.894115571285032,4.670572345355137,5.33060069398524,6.249853355630036,4.568751096396012,5.43920197979301,6.15878157113811,5.2013690099609615,4.202230640537058,5.654303889940303,4.970437578369696,6.344006731315482,5.024335169575312,5.834215857912745,4.235675455840407,5.537715741529335,5.0046427233444115,5.704031405672656,5.154465538605828,6.09718204252148,4.692583751399843,6.605864884772576,6.228105427066906,6.259538083724705,5.237059607881455,4.773726737587248,5.100873965631648,5.319273707312482,4.779860703866936,5.25037897371912,6.03170966310161,5.287303955025681,4.6714932076945725,5.56469214567746
0.3086547026591474,10.2613955837909,5.882741168490409,4.39652689444377,6.251009592800293,6.744705252166495,4.9647341287843805,5.465083914655367,5.229244366026206,4.521590917038649,4.94298357852043,6.363704255784023,5.540929474602806,5.7071465143052444,5.56793286987006,6.541651151675787,5.536292531851772,6.584870889735517,5.83767089765127,5.334129570527083,5.012902977968668,5.975604365813872,5.3894548363358,5.800806565640219,4.534816490620326,5.831510784997737,5.000936696741893,5.291965652918653,4.40673262346648,6.619193001461396,5.77383565989859,6.2625474095975395,5.09516484071814,5.672842700697664,4.269327535565379,5.23148595138594,5.746454326066976,5.347518144985256,6.713925890302912,4.526943907792069,5.187477458741725,5.341250222877832,5.454952435843228,4.601458932777811,5.37666544590842,5.564649778667139,5.639613515766217,6.871426114366233,6.657807407048558,5.262037760574574,6.910806471564689,4.554763259917971,5.296832745889912,5.353642587944922,6.400556331249808,5.913159946814248,5.698278785559725,4.14348637575314,4.919647325112925,4.824675209634426,5.41918875785201,5.1580484409194005,6.261771863482728,7.043701196057856,4.871128594520078,5.557806284312688,5.811741249119324,6.0930055862016435,5.9225006486436635,4.70502436071638,5.368199952750727,6.292207713920476,4.596934339226688,5.475906742323083,6.193889994721364,5.233691132018746,4.230187598814174,5.6900742935251145,5.00565545651043,6.381452237616019,5.0561797460415905,5.872444760022939,4.266083899072052,5.571849094336447,5.034169536749499,5.74321280871492,5.187637664329361,6.134422428221453,4.7225254084280035,6.647756503300728,6.268264232259102,6.29535701428702,5.274390893637236,4.809497805871707,5.134616176526939,5.35088051159936,4.816259209963357,5.280765267828248,6.071287750620636,5.318818412892439,4.703550298577349,5.601627733883607
0.3130169295369721,3.02618957696566,5.918405929456197,4.423889186624731,6.284102422053072,6.78749242244748,5.0010387198310955,5.4990508668697675,5.259380101719003,4.550060567900559,4.976572289139601,6.408124690398594,5.572688219125011,5.742959579087285,5.594690238091733,6.580575793934736,5.567984980454981,6.627026265733434,5.8741214637754915,5.365607922318217,5.048975754661476,6.011184422636382,5.4237843003678,5.8415784029903906,4.567613799739662,5.866124368456566,5.0361481743220375,5.327207535608597,4.434261396742762,6.661765790989635,5.809839713817923,6.301948587746921,5.125777894165224,5.7109616102362,4.300510866645385,5.265421547744457,5.781474158258859,5.386341725009184,6.756421627156556,4.5641487337064675,5.218898305342332,5.372817801235636,5.490484992741038,4.634434415706482,5.409182043731596,5.597082853282477,5.675919422299395,6.913730423645616,6.700881795521651,5.292259290972477,6.952890616463023,4.584459272091068,5.329466788814924,5.383859562617883,6.443331425505052,5.9443921062816125,5.724417132461803,4.172925847019948,4.953348489913887,4.857286616779685,5.45892540094423,5.191671467634311,6.2956699516382795,7.087247803176326,4.901774735540636,5.588040366697239,5.849071497560734,6.13001481551795,5.950885726002294,4.739476376077626,5.405799211516214,6.334562072210928,4.625117582057362,5.51261150485315,6.228998418304636,5.2660132540765465,4.258144557091298,5.725844697109943,5.040873334651164,6.418897743916543,5.088024322507868,5.910673662133135,4.296492342303693,5.605982447143553,5.0636963501545775,5.782394211757182,5.22080979005289,6.171662813921439,4.752467065456153,6.689648121828878,6.308423037451302,6.331175944849331,5.311722179393025,4.845268874156178,5.168358387422246,5.382487315886233,4.852657716059764,5.311151561937375,6.110865838139647,5.350332870759204,4.735607389460126,5.638563322089755
0.31737915641479675,9.25432572025752,5.95407069042197,4.4512514788056805,6.317195251305873,6.830279592728455,5.037343310877804,5.533017819084158,5.289515837411797,4.578530218762465,5.010160999758766,6.452545125013154,5.604446963647222,5.778772643869321,5.621447606313418,6.619500436193692,5.599677429058191,6.669181641731338,5.910572029899699,5.397086274109356,5.085048531354276,6.046764479458897,5.45811376439982,5.882350240340554,4.600411108858995,5.900737951915396,5.071359651902178,5.3624494182985325,4.461790170019043,6.704338580517857,5.845843767737243,6.3413497658963225,5.156390947612314,5.749080519774737,4.331694197725389,5.299357144102986,5.816493990450742,5.425165305033103,6.798917364010222,4.601353559620877,5.250319151942938,5.404385379593449,5.52601754963883,4.66740989863515,5.441698641554769,5.629515927897831,5.712225328832585,6.956034732924984,6.731075153633555,5.322480821370377,6.994974761361355,4.614155284264175,5.362100831739948,5.41407653729083,6.486106519760278,5.975624265748982,5.750555479363875,4.202365318286767,4.987049654714842,4.889898023924956,5.498662044036458,5.225294494349242,6.329568039793819,7.130794410294774,4.932420876561195,5.618274449081808,5.886401746002155,6.167024044834258,5.979270803360927,4.7739283914388775,5.443398470281691,6.376916430501367,4.653300824888043,5.5493162673832135,6.264106841887901,5.2983353761343315,4.286101515368406,5.761615100694756,5.076091212791899,6.456343250217079,5.119868898974146,5.9489025642433235,4.326900785535345,5.6401157999506495,5.093223163559662,5.821575614799444,5.253981915776414,6.208903199621417,4.782408722484312,6.731539740357027,6.348581842643503,6.366994875411647,5.349053465148804,4.8810399424406405,5.202100598317547,5.414094120173119,4.8890562221562,5.341537856046491,6.150443925658673,5.381847328625967,4.767664480342911,5.675498910295892
0.3217413832926214,10.424428540187,5.989735451387761,4.478613770986619,6.350288080558653,6.873066763009436,5.073647901924517,5.566984771298555,5.319651573104597,4.606999869624373,5.043749710377925,6.49696555962772,5.6362057081694354,5.8145857086513635,5.648204974535087,6.658425078452638,5.631369877661402,6.701845395992648,5.947022596023911,5.428564625900503,5.121121308047075,6.082344536281404,5.49244322843183,5.923122077690724,4.624184081940726,5.935351535374223,5.106571129482323,5.3976913009884715,4.489318943295346,6.746911370046078,5.881847821656579,6.380750944045713,5.187004001059409,5.787199429313276,4.362877528805405,5.333292740461497,5.851513822642619,5.463988885057022,6.8414131008638766,4.638558385535288,5.281739998543548,5.435952957951259,5.561550106536626,4.700385381563829,5.474215239377951,5.661949002513163,5.74853123536577,6.9983390422043525,6.761188473060449,5.352702351768272,7.037058906259673,4.643851296437275,5.39473487466495,5.444293511963788,6.5288816140155035,6.00685642521635,5.776693826265952,4.231804789553586,5.020750819515808,4.922509431070216,5.538398687128681,5.258917521064158,6.363466127949362,7.174341017413231,4.963067017581759,5.6485085314663595,5.9237319944435685,6.204033274150563,6.007655880719557,4.808380406800123,5.48099772904718,6.419270788791821,4.681484067718724,5.586021029913294,6.299215265471164,5.3306574981921235,4.314058473645534,5.7973855042795925,5.111309090932641,6.49378875651761,5.1517134754404195,5.987131466353516,4.3573092287669795,5.674249152757764,5.122749976964745,5.860757017841706,5.287154041499947,6.246143585321395,4.812350379512476,6.773431358885187,6.388740647835705,6.402813805973956,5.386384750904577,4.916811010725111,5.235842809212858,5.445700924459996,4.925454728252618,5.37192415015561,6.1900220131777,5.413361786492734,4.799721571225687,5.712434498502036
0.32610361017044603,9.52556056482093,6.025400212353548,4.505976063167551,6.383380909811441,6.915853933290408,5.109952492971222,5.600951723512964,5.349787308797391,4.6354695204862795,5.077338420997095,6.541385994242281,5.667964452691638,5.850398773433405,5.674962342756766,6.697349720711587,5.663062326264614,6.73126138757438,5.98347316214813,5.460042977691639,5.157194084739884,6.1179245931039175,5.526772692463835,5.9638939150408925,4.644248342242098,5.969965118833048,5.141782607062457,5.432933183678418,4.51684771657163,6.78948415957431,5.91785187557591,6.420152122195107,5.2176170545065075,5.825318338851802,4.394060859885406,5.367228336820019,5.8865336548345,5.502812465080942,6.883908837717537,4.675763211449692,5.313160845144154,5.4675205363090695,5.597082663434425,4.733360864492499,5.506731837201117,5.6943820771285125,5.784837141898953,7.040643351483721,6.791301792487333,5.382923882166178,7.079143051158001,4.673547308610381,5.427368917589972,5.47451048663674,6.571656708270737,6.038088584683709,5.802832173168028,4.261244260820404,5.054451984316766,4.955120838215468,5.578135330220901,5.292540547779079,6.3973642161049,7.217887624531677,4.993713158602316,5.6787426138509165,5.961062242884991,6.241042503466866,6.0360409580782,4.842832422161365,5.518596987812666,6.461625147082261,4.706268728399929,5.6227257924433545,6.334323689054426,5.362979620249914,4.342015431922653,5.833155907864392,5.146526969073382,6.531234262818145,5.183558051906692,6.025360368463709,4.387717671998626,5.708382505564879,5.152276790369826,5.89993842088397,5.320326167223474,6.2833839710213715,4.84229203654063,6.81532297741333,6.428899453027898,6.43863273653626,5.423716036660361,4.952582079009586,5.2695850201081536,5.477307728746878,4.961853234349042,5.402310444264727,6.229600100696718,5.44487624435949,4.831778662108466,5.749370086708189
0.3304658370482707,2.59877676885068,6.061064973319338,4.533338355348507,6.41647373906423,6.958641103571397,5.146257084017936,5.634918675727349,5.379923044490193,4.663939171348189,5.110927131616255,6.585806428856836,5.6997231972138485,5.886211838215437,5.701719710978445,6.736274362970545,5.694754774867814,6.760677379156104,6.019923728272339,5.491521329482772,5.193266861432684,6.15350464992644,5.5611021564958545,6.004665752391059,4.664312602543473,6.004578702291885,5.176994084642604,5.468175066368356,4.5443764898479175,6.832056949102532,5.953855929495232,6.459553300344499,5.248230107953596,5.863437248390343,4.4252441909654205,5.400986981225632,5.921553487026395,5.541636045104848,6.926404574571194,4.712968037364103,5.344581691744772,5.499088114666884,5.632615220332222,4.766336347421171,5.539248435024291,5.726815151743865,5.8211430484321305,7.082947660763097,6.821415111914229,5.413145412564074,7.1212271960563225,4.703243320783484,5.460002960514995,5.504727461309704,6.614431802525958,6.069320744151078,5.828970520070096,4.2906837320872215,5.088153149117728,4.987732245360734,5.617871973313138,5.326163574494007,6.43126230426044,7.261434231650137,5.024359299622875,5.708976696235481,5.998392491326414,6.278051732783174,6.0644260354368305,4.877284437522608,5.556196246578143,6.503979505372713,4.730131434906225,5.659430554973426,6.369432112637696,5.395301742307704,4.36997239019977,5.868926311449223,5.181744847214114,6.568679769118676,5.2154026283729715,6.063589270573903,4.418126115230279,5.74251585837198,5.181803603774908,5.939119823926233,5.3534982929470045,6.320624356721356,4.872233693568786,6.857214595941492,6.469058258220099,6.474451667098579,5.461047322416149,4.988353147294051,5.303327231003455,5.5089145330337566,4.998251740445461,5.432696738373856,6.269178188215745,5.476390702226249,4.863835752991244,5.78630567491433
0.3348280639260954,9.14461461610649,6.09672973428512,4.560700647529451,6.449566568317022,7.00142827385237,5.182561675064632,5.668885627941752,5.410058780182992,4.692408822210097,5.144515842235419,6.630226863471409,5.731481941736063,5.922024902997487,5.72847707920012,6.775199005229502,5.726447223471033,6.790093370737824,6.056374294396551,5.52299968127391,5.2293396381254915,6.189084706748951,5.595431620527866,6.0454375897412325,4.684376862844842,6.03919228575072,5.212205562222748,5.503416949058297,4.571905263124208,6.874629738630758,5.98985998341456,6.498954478493895,5.278843161400688,5.9015561579288764,4.456427522045433,5.430702217651374,5.956573319218278,5.580459625128784,6.968900311424854,4.750172863278513,5.376002538345372,5.530655693024695,5.668147777230013,4.79931183034984,5.571765032847471,5.755344322532873,5.857448954965317,7.12525197004247,6.851528431341114,5.443366942961975,7.163311340954651,4.732939332956585,5.4926370034400085,5.534944435982653,6.65720689678119,6.100552903618441,5.855108866972183,4.320123203354042,5.1218543139186865,5.020343652505989,5.657608616405347,5.359786601208928,6.4651603924159895,7.30498083876859,5.055005440643435,5.739210778620029,6.035722739767833,6.315060962099487,6.092811112795465,4.911736452883856,5.593795505343632,6.546333863663152,4.753994141412504,5.696135317503494,6.404540536220958,5.427623864365507,4.397929348476894,5.904696715034042,5.216962725354855,6.60612527541921,5.247247204839252,6.1018181726840925,4.4485345584619145,5.776649211179085,5.211330417179986,5.978301226968493,5.38667041867054,6.357864742421335,4.902175350596943,6.899106214469647,6.509217063412296,6.51027059766089,5.4983786081719295,5.024124215578518,5.337069441898757,5.540521337320634,5.03465024654188,5.463083032482979,6.308756275734759,5.507905160093012,4.895892843874018,5.823241263120474
0.33919029080392005,1.90241383366617,6.132394495250898,4.588062939710398,6.4826593975698,7.044215444133345,5.218596878231347,5.702852580156151,5.440194515875789,4.7208784730720055,5.1781045528545855,6.674647298085966,5.76324068625827,5.957837967779522,5.755234447421791,6.814123647488451,5.758139672074238,6.8195093623195575,6.092824860520767,5.55447803306505,5.265412414818293,6.2246647635714565,5.6297610845598705,6.086209427091399,4.704441123146219,6.073805869209533,5.247417039802887,5.53865883174824,4.599434036400488,6.91720252815899,6.025864037333887,6.538355656643288,5.309456214847787,5.939675067467412,4.487610853125437,5.460417454077119,5.991593151410163,5.619283205152703,7.011396048278511,4.787377689192915,5.407423384945983,5.5622232713825035,5.703680334127816,4.832287313278508,5.604281630670636,5.781019911700454,5.893754861498509,7.167556279321846,6.881641750768008,5.473588473359874,7.205395485852981,4.762635345129691,5.525271046365025,5.565161410655606,6.699981991036417,6.131785063085801,5.881247213874257,4.34956267462085,5.155555478719643,5.052955059651255,5.697345259497575,5.393409627923854,6.499058480571538,7.348527445887044,5.0856515816639964,5.769444861004588,6.073052988209254,6.3520701914157875,6.1211961901540946,4.946188468245103,5.631394764109127,6.588688221953601,4.777856847918785,5.732840080033562,6.439648959804218,5.45994598642329,4.4258863067540055,5.940467118618862,5.252180603495591,6.643570781719741,5.279091781305521,6.140047074794293,4.478943001693563,5.810782563986192,5.240857230585069,6.0174826300107584,5.4198425443940685,6.395105128121306,4.932117007625104,6.940997832997799,6.549375868604498,6.546089528223203,5.535709893927707,5.0598952838629865,5.370811652794067,5.5721281416075135,5.071048752638303,5.493469326592101,6.348334363253783,5.539419617959777,4.927949934756809,5.860176851326617
0.3435525176817447,8.10183156520624,6.16805925621669,4.615425231891343,6.515752226822596,7.087002614414332,5.2507891236051325,5.736819532370543,5.470330251568578,4.749348123933915,5.211693263473754,6.7190677327005295,5.794999430780474,5.993651032561566,5.781991815643477,6.853048289747416,5.789832120677446,6.84892535390128,6.1292754266449805,5.585956384856184,5.3014851915110945,6.260244820393972,5.66409054859188,6.126981264441564,4.724505383447587,6.108419452668368,5.28262851738303,5.573900714438176,4.6269628096767805,6.9597753176872175,6.061868091253219,6.577756834792681,5.3400692682948785,5.977793977005955,4.518794184205438,5.49013269050286,6.026612983602038,5.658106785176624,7.05389178513217,4.824582515107326,5.438844231546596,5.593790849740318,5.739212891025605,4.86526279620718,5.636798228493816,5.8066955008680425,5.930060768031681,7.209860588601202,6.911755070194884,5.503810003757777,7.247479630751304,4.792331357302792,5.557905089290035,5.595378385328555,6.74275708529165,6.163017222553168,5.907385560776322,4.379002145887677,5.189256643520601,5.08556646679652,5.737081902589802,5.42703265463877,6.532956568727081,7.392074053005502,5.11629772268456,5.799678943389143,6.110383236650665,6.389079420732089,6.14958126751273,4.980640483606349,5.668994022874606,6.6310425802440465,4.801719554425061,5.769544842563624,6.474757383387495,5.492268108481083,4.453843265031133,5.976237522203679,5.287398481636331,6.681016288020271,5.3109363577718,6.1782759769044855,4.509351444925219,5.844915916793299,5.270384043990152,6.056664033053028,5.453014670117601,6.432345513821282,4.962058664653262,6.982889451525946,6.589534673796696,6.5819084587855174,5.57304117968349,5.095666352147463,5.404553863689357,5.603734945894395,5.107447258734725,5.523855620701215,6.387912450772797,5.570934075826533,4.96000702563959,5.897112439532763
0.3479147445595694,10.5846089891025,6.203724017182473,4.642787524072292,6.5488450560753835,7.12978978469531,5.282981368978915,5.77078648458494,5.500465987261383,4.777817774795817,5.245281974092926,6.763488167315087,5.826758175302684,6.029464097343604,5.808749183865148,6.891972932006359,5.821524569280657,6.8783413454830145,6.1657259927691985,5.617434736647318,5.337557968203905,6.295824877216489,5.698420012623891,6.167753101791726,4.744569643748968,6.143033036127203,5.317839994963171,5.60914259712813,4.654491582953071,7.002348107215449,6.097872145172548,6.617158012942079,5.3706823217419695,6.015912886544486,4.5499775152854545,5.51984792692861,6.061632815793926,5.696930365200537,7.096387521985831,4.861787341021735,5.470265078147201,5.625358428098126,5.774745447923405,4.898238279135852,5.669314826316984,5.832371090035622,5.966366674564871,7.252164897880582,6.941868389621778,5.534031534155676,7.289563775649625,4.822027369475893,5.590539132215061,5.625595360001508,6.785532179546874,6.19424938202054,5.933523907678402,4.408441617154491,5.22295780832157,5.118177873941786,5.776818545682026,5.460655681353695,6.566854656882621,7.435620660123962,5.1469438637051255,5.829913025773701,6.14771348509209,6.426088650048396,6.177966344871366,5.015092498967594,5.706598487609674,6.67339693853449,4.82558226093134,5.806249605093689,6.509865806970751,5.524590230538872,4.481800223308249,6.012007925788499,5.322616359777064,6.718461794320803,5.342780934238075,6.216504879014678,4.539759888156853,5.879049269600418,5.299910857395236,6.095845436095288,5.486186795841134,6.469585899521265,4.992000321681419,7.024781070054098,6.629693478988896,6.617727389347827,5.610372465439274,5.131437420431925,5.438296074584665,5.635341750181278,5.1438457648311475,5.55424191481034,6.4274905382918295,5.602448533693298,4.99206411652236,5.934048027738907
0.35227697143739406,7.5201895426705,6.239388778148256,4.670149816253234,6.58193788532817,7.172576954976285,5.315173614352709,5.80475343679934,5.53060172295418,4.806287425657727,5.278870684712085,6.807908601929649,5.858516919824892,6.065277162125652,5.835506552086828,6.9308975742653125,5.853217017883874,6.907757337064742,6.202176558893412,5.648913088438462,5.373630744896697,6.331404934039001,5.732749476655901,6.208524939141896,4.764633904050343,6.177646619586024,5.353051472543319,5.6443844798180605,4.682020356229352,7.044920896743679,6.133876199091868,6.656559191091465,5.401295375189062,6.0540317960830246,4.581160846365461,5.549563163354344,6.096652647985806,5.735753945224458,7.138883258839485,4.898992166936137,5.501685924747819,5.656926006455939,5.810278004821197,4.931213762064519,5.7018314241401615,5.858046679203205,6.00267258109805,7.2944692071599455,6.971981709048661,5.564253064553575,7.331647920547957,4.851723381649,5.623173175140071,5.655812334674471,6.828307273802112,6.225481541487897,5.959662254580481,4.4378810884213085,5.2566589731225255,5.1507892810870395,5.816555188774245,5.494278708068624,6.600752745038164,7.479167267242409,5.177590004725678,5.860147108158252,6.185043733533514,6.4630978793647005,6.206351422229995,5.049544514328839,5.740235527269739,6.715751296824944,4.849444967437621,5.842954367623769,6.544974230554017,5.556912352596672,4.509757181585373,6.047778329373318,5.357834237917801,6.755907300621338,5.374625510704351,6.2547337811248696,4.570168331388498,5.913182622407523,5.329437670800321,6.135026839137552,5.519358921564667,6.506826285221238,5.021941978709576,7.066672688582259,6.669852284181094,6.653546319910143,5.647703751195051,5.167208488716392,5.472038285479965,5.666948554468151,5.180244270927563,5.584628208919463,6.467068625810847,5.633962991560061,5.024121207405145,5.970983615945052
0.35663919831521873,3.51402998730777,6.275053539114042,4.697512108434179,6.615030714580951,7.215364125257274,5.347365859726488,5.838720389013743,5.558037610467791,4.83475707651963,5.312459395331253,6.852329036544209,5.8902756643471,6.101090226907692,5.862263920308505,6.969822216524267,5.884909466487071,6.937173328646472,6.238627125017622,5.680391440229595,5.409703521589507,6.366984990861511,5.767078940687912,6.249296776492068,4.784698164351716,6.21226020304485,5.388262950123459,5.679626362507999,4.709549129505645,7.087493686271899,6.166403987459373,6.695960369240865,5.4319084286361665,6.0921507056215525,4.612344177445465,5.579278399780092,6.131672480177692,5.774577525248382,7.181378995693137,4.936196992850553,5.533106771348425,5.688493584813745,5.845810561719005,4.96418924499319,5.734348021963333,5.883722268370785,6.038978487631231,7.33677351643932,7.00209502847555,5.594474594951465,7.373732065446285,4.881419393822099,5.655807218065088,5.686029309347423,6.871082368057332,6.256713700955263,5.985582654443258,4.467320559688123,5.290360137923484,5.183400688232306,5.85629183186647,5.527901734783546,6.634650833193715,7.522713874360869,5.208236145746246,5.890381190542814,6.222373981974921,6.500107108681005,6.234736499588632,5.083996529690092,5.766286407090614,6.758105655115379,4.873307673943906,5.87965913015383,6.580082654137287,5.589234474654461,4.537714139862492,6.083548732958143,5.393052116058548,6.7933528069218685,5.406470087170625,6.292962683235055,4.6005767746201425,5.947315975214625,5.358964484205396,6.174208242179812,5.552531047288191,6.544066670921229,5.051883635737729,7.10856430711041,6.71001108937329,6.689365250472459,5.685035036950841,5.20297955700086,5.505780496375271,5.698555358755027,5.216642777023987,5.615014503028584,6.506646713329871,5.665477449426817,5.0561782982879215,6.007919204151193
0.3610014251930434,2.55799724370188,6.310718300079822,4.724874400615132,6.64812354383374,7.258151295538252,5.379558105100268,5.872687341228133,5.584233459289019,4.863226727381536,5.346048105950412,6.8967494711587785,5.9220344088693055,6.136903291689732,5.8890212885301825,7.008746858783222,5.916601915090285,6.9665893202282,6.2750776911418376,5.711869792020731,5.445776298282301,6.4025650476840275,5.801408404719926,6.286624909197294,4.804762424653085,6.246873786503686,5.423474427703597,5.714868245197951,4.737077902781939,7.130066475800127,6.198458603117349,6.735361547390252,5.462521482083255,6.130269615160096,4.64352750852548,5.608993636205835,6.1666923123695785,5.813401105272299,7.212927854735545,4.9734018187649545,5.564527617949026,5.72006116317155,5.881343118616801,4.997164727921867,5.766864619786513,5.909397857538371,6.075284394164416,7.3790778257186975,7.03220834790244,5.624696125349374,7.415816210344611,4.911115405995198,5.6884412609901,5.716246284020374,6.910781831817773,6.287945860422626,6.0078116465226294,4.497304688412006,5.324061302724452,5.2160120953775655,5.896028474958705,5.561524761498471,6.668548921349256,7.566260481479323,5.238882286766797,5.920615272927367,6.259704230416352,6.537116337997312,6.2631215769472695,5.118448545051337,5.792337286911488,6.800460013405836,4.89717038045019,5.916363892683904,6.615191077720553,5.621556596712243,4.5656710981396085,6.119319136542961,5.428269994199281,6.830798313222399,5.438314663636906,6.331191585345258,4.630985217851788,5.979472496210513,5.388491297610482,6.213389645222072,5.585703173011723,6.5813070566212,5.081825292765894,7.150455925638563,6.750169894565499,6.725184181034771,5.7223663227066215,5.238750625285339,5.539522707270574,5.730162163041906,5.253041283120416,5.6454007971377,6.546224800848897,5.696991907293582,5.0882353891707055,6.044854792357339
0.3653636520708681,8.36195417355929,6.346383061045609,4.752236692796069,6.681216373086526,7.300938465819225,5.411750350474053,5.906654293442531,5.610429308110248,4.891696378243453,5.379636816569575,6.937458555255233,5.953793153391515,6.172716356471766,5.915778656751853,7.0476715010421715,5.94829436369349,6.996005311809929,6.311528257266044,5.743348143811863,5.481849074975113,6.43764928108317,5.835737868751938,6.323495699062221,4.824826684954459,6.281487369962517,5.45868590528374,5.750110127887879,4.764606676058224,7.172639265328354,6.230513218775329,6.774762725539655,5.49313453553035,6.168388524698629,4.674710839605484,5.638708872631578,6.201712144561462,5.852224685296225,7.244052081201192,5.010606644679364,5.595948464549636,5.751628741529367,5.916875675514591,5.030140210850541,5.799381217609683,5.935073446705954,6.111590300697598,7.421382134998066,7.062321667329324,5.6549176557472665,7.457900355242939,4.940811418168307,5.721075303915122,5.746463258693325,6.942280530088841,6.319178019889988,6.030040638601995,4.528067319885954,5.357762467525397,5.2486235025228245,5.935765118050928,5.595147788213399,6.702447009504808,7.609807088597772,5.269528427787356,5.950849355311925,6.297034478857765,6.574125567313615,6.291506654305904,5.152900560412583,5.818388166732357,6.842814371696285,4.921033086956464,5.953068655213967,6.650299501303815,5.654558843945942,4.593628056416727,6.155089540127776,5.463487872340013,6.868243819522935,5.470159240103184,6.369420487455449,4.661393661083436,6.007366225248696,5.418018111015564,6.252571048264343,5.618875298735252,6.618547442321178,5.111766949794051,7.192347544166713,6.7903286997576915,6.761003111597081,5.759697608462403,5.274521693569803,5.573264918165871,5.761768967328788,5.289439789216831,5.675787091246823,6.585802888367911,5.728506365160339,5.120292480053482,6.081790380563482
0.36972587894869274,8.50453141501402,6.382047822011395,4.779598984977026,6.714309202339318,7.343725636100208,5.443942595847837,5.940621245656931,5.636625156931489,4.920166029105355,5.413225527188745,6.970729638273784,5.985551897913733,6.2085294212538065,5.94253602497353,7.086596143301126,5.979986812296698,7.023816617194086,6.347978823390267,5.774826495603007,5.514955958044411,6.469410521999623,5.870067332783944,6.360366488927147,4.844890945255829,6.3161009534213415,5.49389738286388,5.785352010577824,4.79213544933451,7.215212054856581,6.262567834433306,6.814163903689045,5.523747588977447,6.206507434237161,4.705894170685494,5.668424109057318,6.236731976753348,5.891048265320146,7.275176307666849,5.047811470593773,5.6273693111502485,5.783196319887175,5.9524082324123935,5.0631156937792134,5.831897815432858,5.9607490358735395,6.14789620723079,7.462392862490194,7.092434986756218,5.685139186145175,7.499984500141269,4.970507430341408,5.753709346840138,5.776680233366278,6.97377922835991,6.3504101793573495,6.052269630681372,4.558829951359904,5.391463632326362,5.281234909668084,5.975501761143157,5.628770814928325,6.736345097660343,7.653353695716231,5.300174568807919,5.981083437696485,6.334364727299183,6.611143952216219,6.319891731664541,5.1873525757738275,5.844439046553235,6.876695330162581,4.944895793462751,5.989773417744041,6.685407924887089,5.699195259352643,4.621585014693849,6.1908599437126,5.49870575048076,6.905689325823468,5.502003816569454,6.407649389565638,4.691802104315081,6.035259954286881,5.447544924420648,6.291752451306598,5.652047424458784,6.655787828021163,5.141708606822202,7.234239162694873,6.8304875049498905,6.7968220421593974,5.793777096089216,5.310292761854269,5.60700712906118,5.793375771615674,5.325838295313252,5.706173385355945,6.625380975886931,5.760020823027104,5.152349570936261,6.118725968769623
0.3740881058265174,9.80344224486166,6.417712582977177,4.806961277157973,6.747402031592106,7.386512806381185,5.476134841221627,5.974588197871331,5.662821005752708,4.948635679967265,5.446814237807907,7.004000721292351,6.017310642435938,6.244342486035849,5.9692933931952075,7.125520785560081,6.0116792608999114,7.049445943898235,6.384429389514479,5.806304847394145,5.547225920420051,6.501171762916081,5.90439679681596,6.3972372787920735,4.864955205557203,6.350714536880174,5.529108860444028,5.820593893267771,4.819664222610799,7.257784844384813,6.294622450091284,6.853565081838434,5.554360642424537,6.2446263437757,4.7370775017655,5.698139345483065,6.2717518089452255,5.929871845344068,7.3063005341324825,5.0850162965081855,5.658790157750856,5.814763898244994,5.9879407893101835,5.096091176707882,5.86441441325604,5.9864246250411215,6.1842021137639716,7.498614219346371,7.122548306183102,5.715360716543068,7.542068645039591,5.000203442514513,5.783584554744696,5.806897208039233,7.005277926630976,6.381642338824718,6.074498622760744,4.589592582833837,5.4251647971273265,5.313846316813342,6.015238404235377,5.66239384164324,6.770243185815894,7.692621932031117,5.330820709828481,6.01131752008104,6.371694975740607,6.648167747824813,6.348276809023171,5.221804591135071,5.870489926374106,6.907975698297058,4.968758499969028,6.026478180274106,6.720516348470353,5.743831674759332,4.649541972970967,6.226630347297423,5.533923628621495,6.943134832124003,5.5338483930357345,6.445878291675832,4.7222105475467275,6.063153683325053,5.477071737825728,6.330933854348862,5.685219550182317,6.693028213721148,5.171650263850366,7.276130781223028,6.870646310142086,6.832640972721699,5.82430054058445,5.344155037112168,5.640749339956475,5.824982575902551,5.362236801409673,5.736559679465067,6.664959063405955,5.79153528089386,5.1844066618190405,6.155661556975773
0.3784503327043421,9.40356166764125,6.453377343942969,4.83432356933891,6.780494860844892,7.429299976662163,5.508327086595405,6.008555150085726,5.68901685457395,4.97481303160865,5.480402948427085,7.037271804310909,6.049069386958142,6.280155550817888,5.996050761416891,7.165526988036103,6.043371709503128,7.075075270602384,6.4208799556386875,5.837783199185278,5.579495882795692,6.532933003832539,5.938726260847965,6.4341080686569905,4.885019465858582,6.385328120339006,5.564320338024169,5.855835775957706,4.847192995887086,7.300357633913038,6.326677065749254,6.892966259987833,5.584973695871624,6.282745253314247,4.768260832845506,5.727854581908804,6.306771641137112,5.968695425367984,7.3374247605981315,5.122221122422586,5.690211004351472,5.846331476602798,6.023473346207983,5.12906665963655,5.896931011079207,6.0121002142087,6.2205080202971565,7.534835576202542,7.152661625609991,5.745582246940968,7.584152789937915,5.029899454687617,5.810189962678855,5.837114182712182,7.036776624902057,6.412874498292079,6.096727614840107,4.620355214307793,5.458865961928282,5.346457723958612,6.054975047327599,5.696016868358166,6.804141273971437,7.730122030036486,5.361466850849046,6.041551602465596,6.409025224182026,6.68519154343341,6.376661886381806,5.2562566064963185,5.896540806194979,6.937939240494026,4.992621206475312,6.063182942804177,6.755624772053615,5.788468090166032,4.677498931248091,6.262400750882237,5.569141506762231,6.980580338424536,5.5656929695020025,6.484107193786033,4.752618990778371,6.091047412363243,5.506598551230812,6.37011525739113,5.7183916759058455,6.730268599421115,5.201591920878527,7.318022399751177,6.910805115334289,6.868459903284017,5.851793887983082,5.374641801150783,5.67449155085178,5.8565893801894235,5.398635307506097,5.7669459735741935,6.7045371509249785,5.823049738760623,5.21646375270182,6.192597145181915
0.3828125595821667,0.831929832261765,6.489042104908751,4.861685861519858,6.813587690097672,7.472087146943144,5.540519331969189,6.042522102300128,5.7152127033951805,4.999575816694229,5.513991659046243,7.070542887329459,6.080828131480352,6.315968615599924,6.022808129638557,7.2059069334091115,6.075064158106327,7.100704597306541,6.457330521762909,5.869448007249233,5.61176584517133,6.564694244748991,5.973055724879983,6.470978858521914,4.905083726159953,6.419941703797832,5.599531815604309,5.891077658647644,4.874721769163373,7.342930423441266,6.358731681407232,6.932367438137221,5.615586749318723,6.320864162852764,4.7994441639255205,5.7575698183345425,6.341791473328998,6.005245939653448,7.368548987063782,5.159425948336991,5.721631850952073,5.877899054960612,6.059005903105786,5.162042142565222,5.9294476089023815,6.037775803376289,6.256813926830336,7.571056933058727,7.182774945036875,5.775803777338873,7.62623693483624,5.05959546686072,5.836795370613024,5.867331157385143,7.068275323173116,6.444106657759446,6.118956606919475,4.651117845781741,5.492567126729238,5.37906913110387,6.087611258015673,5.729639895073088,6.838039362126983,7.767622128041864,5.392112991869598,6.069325725538395,6.446355472623443,6.719199462217425,6.405046963740438,5.290567548139396,5.922591686015849,6.965524047695286,5.016483912981596,6.099887705334244,6.7907331956368715,5.833104505572719,4.705455889525207,6.2981711544670596,5.604359384902968,7.018025844725059,5.597537545968286,6.522336095896226,4.783027434010016,6.118941141401424,5.5361253646358906,6.409296660433383,5.751563801629374,6.767508985121097,5.231533577906678,7.359914018279327,6.95096392052648,6.903393937341145,5.879287235381715,5.395928275347502,5.708233761747081,5.888196184476307,5.435033813602516,5.797332267683314,6.739013694942256,5.8545641966273845,5.248520843584597,6.229532733388058
0.3871747864599914,7.13965965970201,6.524706865874537,4.889048153700805,6.846680519350468,7.514874317224124,5.572711577342978,6.076489054514519,5.741408552216406,5.024338601779807,5.547580369665406,7.103813970348022,6.112586876002558,6.351781680381973,6.0495654978602404,7.246286878782127,6.106756606709544,7.126333924010687,6.493781087887124,5.901176680769022,5.644035807546973,6.596455485665449,6.0073851889119885,6.507849648386843,4.925147986461328,6.454555287256664,5.634743293184449,5.92631954133759,4.902250542439668,7.38550321296949,6.390786297065209,6.971768616286616,5.646199802765819,6.358983072391303,4.83062749500553,5.787285054760288,6.376811305520883,6.040405341286134,7.399673213529428,5.196630774251398,5.7530526975526755,5.909466633318427,6.0945384600035775,5.195017625493896,5.961964206725558,6.063451392543874,6.293119833363516,7.6072782899149045,7.212888264463766,5.806025307736772,7.668321079734576,5.08929147903382,5.8634007785471844,5.897548132058098,7.099774021444185,6.475338817226811,6.141185598998855,4.68188047725568,5.526268291530213,5.411680538249132,6.116668130206127,5.763262921788016,6.871937450282528,7.805122226047231,5.422759132890166,6.0958934884184695,6.4836857210648615,6.752550569551072,6.433432041099079,5.319159581885642,5.948642565836726,6.993108854896547,5.040346619487878,6.136592467864316,6.825841619220149,5.877740920979416,4.733412847802333,6.33394155805188,5.6395772630437015,7.055471351025595,5.62938212243456,6.560564998006419,4.813435877241664,6.146834870439613,5.565652178040966,6.448478063475653,5.7847359273529095,6.804749370821076,5.261475234934829,7.401805636807482,6.991122725718693,6.933344337858965,5.906780582780348,5.417214749544222,5.741975972642386,5.919802988763179,5.471432319698941,5.827718561792435,6.7726747923737145,5.886078654494149,5.28057793446738,6.262848297042268
0.3915370133378161,8.10322594378768,6.560371626840321,4.916410445881748,6.879773348603248,7.557661487505107,5.60490382271676,6.110456006728922,5.767604401037636,5.04910138686539,5.581169080284569,7.137085053366581,6.144345620524772,6.38759474516401,6.076322866081922,7.286666824155131,6.138449055312753,7.151963250714831,6.530231654011345,5.9329053542888035,5.676305769922604,6.628216726581907,6.041714652944,6.544720438251761,4.945212246762699,6.48916887071549,5.669954770764588,5.961561424027531,4.92977931571596,7.4280760024977175,6.422840912723184,7.011169794436017,5.676812856212912,6.397101981929834,4.861810826085538,5.81700029118603,6.411831137712755,6.075564742918821,7.430797439995074,5.233835600165812,5.784473544153293,5.94103421167623,6.13007101690138,5.227993108422559,5.994480804548728,6.089126981711455,6.3294257398967035,7.643499646771075,7.2430015838906545,5.836246838134678,7.710405224632898,5.1189874912069255,5.890006186481347,5.92776510673105,7.131272719715257,6.5065709766941735,6.163414591078218,4.7126431087296305,5.559969456331161,5.444174976447912,6.145725002396585,5.796885948502932,6.905835538438072,7.8426327361257195,5.453405273910724,6.12246125129855,6.521015969506281,6.785901676884723,6.461817118457711,5.347751615631883,5.9746934456575955,7.020693662097812,5.064209325994154,6.173297230394375,6.860950042803408,5.922377336386112,4.761369806079447,6.369711961636693,5.674795141184438,7.092916857326129,5.661226698900834,6.598793900116611,4.843844320473301,6.174728599477788,5.59517899144605,6.4876594665179095,5.817908053076442,6.8419897565210555,5.291416891962987,7.443697255335637,7.029679417854334,6.9632947383767965,5.934273930178977,5.438501223740934,5.775718183537691,5.9514097930500665,5.5078308257953665,5.858104855901553,6.806335889805174,5.917593112360909,5.312635025350157,6.2961459529959365
0.39589924021564116,3.16369429969002,6.59603638780611,4.943772738062697,6.912866177856044,7.600448657786086,5.637096068090555,6.144422958943327,5.793800249858871,5.0738641719509685,5.614757790903736,7.17035613638514,6.176104365046986,6.423407809946053,6.103080234303599,7.3270467695281525,6.170141503915961,7.177592577418985,6.5666822201355535,5.964634027808594,5.708575732298245,6.659977967498369,6.070674682451757,6.581591228116696,4.965276507064071,6.523782454174332,5.705166248344735,5.996803306717477,4.957308088992246,7.470648792025954,6.454895528381162,7.050570972585413,5.707425909660006,6.435220891468377,4.890265273809177,5.846715527611776,6.4468509699046495,6.110724144551502,7.461921666460726,5.266932895052062,5.8158943907539005,5.972601790034043,6.165603573799172,5.260968591351238,6.026997402371901,6.114802570879044,6.365731646429888,7.6797210036272565,7.273114903317547,5.866468368532574,7.752489369531223,5.1486835033800284,5.916611594415513,5.957982081404011,7.162771417986327,6.537803136161541,6.1856435831575975,4.743405740203579,5.593670621132126,5.471058339044797,6.174781874587054,5.830508975217854,6.9397336265936165,7.880146596816378,5.484051414931286,6.1490290141786295,6.558346217947701,6.819252784218386,6.490202195816342,5.376343649378128,6.000744325478478,7.0482784692990705,5.088072032500451,6.2100019929244565,6.896058466386682,5.9670137517928135,4.7893267643565745,6.405482365221519,5.710013019325185,7.130362363626662,5.693071275367117,6.63702280222681,4.874252763704954,6.202622328515963,5.624705804851141,6.526840869560181,5.851080178799971,6.879230142221042,5.321358548991154,7.485588873863798,7.066263634652905,6.99324513889464,5.961767277577609,5.459787697937648,5.809460394432995,5.983016597336947,5.54422933189179,5.888491150010675,6.83999698723664,5.94910757022768,5.344692116232936,6.329443608949605
0.40026146709346544,8.48093308376629,6.6317011487718895,4.97113503024364,6.945959007108821,7.64323582806706,5.669288313464334,6.178389911157713,5.819996098680096,5.098626957036541,5.6483465015228935,7.199519725799207,6.20786310956919,6.459220874728092,6.129837602525265,7.367426714901154,6.201833952519177,7.203221904123132,6.603132786259765,5.996362701328372,5.740845694673881,6.691739208414822,6.099281385412106,6.618462017981614,4.985340767365448,6.5583960376331465,5.740377725924875,6.032045189407415,4.984836862268532,7.513221581554174,6.4869501440391355,7.089972150734798,5.738038963107097,6.473339801006905,4.9179011277499045,5.876430764037519,6.481870802096531,6.145883546184186,7.493045892926365,5.295152862826593,5.847315237354508,6.004169368391857,6.201136130696968,5.293944074279905,6.057181145944312,6.140478160046624,6.4020375529630735,7.71594236048344,7.3032282227444325,5.89668989893047,7.794573514429554,5.178379515553128,5.943217002349673,5.988199056076954,7.194270116257396,6.569035295628901,6.207872575236961,4.774168371677519,5.627371785933085,5.497941701641667,6.203838746777499,5.864132001932781,6.973631714749158,7.917660457507023,5.514697555951844,6.175596777058707,6.59567646638912,6.852603891552037,6.518587273174978,5.404935683124365,6.026795205299343,7.075863276500325,5.111934739006716,6.24670675545452,6.931166889969946,6.011650167199499,4.817283722633684,6.4412527688063355,5.745230897465918,7.167807869927192,5.72491585183339,6.675251704336997,4.904661206936596,6.230516057554143,5.654232618256216,6.566022272602441,5.884252304523496,6.91647052792101,5.351300206019309,7.527480492391944,7.1028478514514655,7.023195539412457,5.989260624976239,5.481074172134362,5.843202605328291,6.014623401623825,5.580627837988208,5.9188774441198015,6.873658084668092,5.980622028094433,5.3767492071157115,6.362741264903277
0.4046236939712901,8.52650452574933,6.667365909737673,4.9984973224245905,6.9790518363616165,7.686022998348043,5.701480558838122,6.212356863372118,5.846191947501323,5.123389742122119,5.681935212142069,7.227144792241569,6.2396218540913955,6.49503393951013,6.156594970746951,7.407806660274168,6.23352640112237,7.228851230827279,6.639583352383981,6.028091374848169,5.773115657049526,6.723500449331276,6.127888088372463,6.655332807846536,5.005405027666823,6.593009621091977,5.775589203505018,6.067287072097356,5.0123656355448265,7.555794371082407,6.5190047596971095,7.129373328884195,5.768652016554194,6.511458710545453,4.945536981690641,5.90614600046326,6.516890634288411,6.181042947816874,7.524170119392019,5.323657159317233,5.878736083955117,6.03573694674967,6.236668687594764,5.326919557208576,6.086193465217804,6.166153749214203,6.4383434594962505,7.7521637173396085,7.333341542171318,5.9269114293283724,7.8366576593278685,5.208075527726231,5.969822410283832,6.018416030749911,7.225768814528463,6.600267455096272,6.230101567316335,4.804931003151463,5.661072950734045,5.524825064238551,6.232895618967972,5.897755028647699,7.007529802904703,7.955174318197684,5.545343696972409,6.202164539938786,6.633006714830533,6.8859549988857,6.546972350533613,5.433527716870609,6.0528460851202155,7.103448083701586,5.135797445513003,6.283411517984588,6.966275313553203,6.056286582606198,4.846705320927506,6.477023172391152,5.779059887631702,7.205253376227729,5.756760428299665,6.713480606447196,4.935069650168246,6.256257330090938,5.6837594316612945,6.605203675644704,5.9174244302470305,6.953710913620983,5.381241863047462,7.5693721109200895,7.139432068250028,7.053145939930287,6.016753972374873,5.502360646331084,5.876944816223596,6.0462302059107005,5.617026344084632,5.9492637382289235,6.90731918209955,6.0121364859611965,5.408806297998496,6.396038920856943
0.4089859208491148,10.3361870687628,6.70303067070346,5.025859614605529,7.012144665614405,7.7288101686290185,5.733672804211903,6.246323815586508,5.87238779632256,5.148152527207702,5.715523922761237,7.254769858683936,6.271380598613603,6.530847004292173,6.1833523389686205,7.44818660564718,6.265218849725589,7.2544805575314335,6.676033918508199,6.059820048367949,5.805385619425167,6.755261690247742,6.156494791332813,6.692203597711462,5.025469287968194,6.627623204550808,5.810800681085161,6.102528954787298,5.039894408821107,7.598367160610626,6.5510593753550825,7.168774507033588,5.799265070001285,6.549577620083981,4.973172835631383,5.935861236889002,6.551910466480304,6.216202349449558,7.5552943458576705,5.352161455807877,5.910156930555727,6.0673045251074775,6.272201244492564,5.359895040137251,6.115205784491295,6.191829338381792,6.474649366029431,7.787148512083893,7.363454861598207,5.9571329597262705,7.878741804226199,5.237771539899336,5.996427818217995,6.048633005422866,7.257267512799534,6.631499614563637,6.252330559395705,4.8356936346254145,5.694774115535005,5.5517084268354235,6.2619524911584215,5.931378055362626,7.041427891060244,7.992688178888339,5.575989837992964,6.22873230281887,6.670336963271956,6.91930610621936,6.575357427892239,5.462119750616847,6.0788969649410864,7.131032890902849,5.15966015201928,6.320116280514655,7.001383737136473,6.100922998012897,4.876276981870356,6.512793575975977,5.810821686936737,7.242698882528254,5.788605004765944,6.751709508557386,4.96547809339988,6.280686706514224,5.713286245066379,6.6443850786869625,5.950596555970556,6.99095129932097,5.411183520075625,7.611263729448242,7.176016285048605,7.083096340448123,6.044247319773511,5.523647120527797,5.9106870271189,6.077837010197584,5.653424850181051,5.979650032338044,6.940980279530999,6.0436509438279495,5.440863388881278,6.429336576810606
0.41334814772693945,4.45537991692589,6.738695431669238,5.05322190678648,7.045237494867193,7.771597338909996,5.765865049585683,6.280290767800902,5.89858364514379,5.1729153122932745,5.749112633380396,7.28239492512631,6.303139343135816,6.566660069074218,6.210109707190299,7.4885665510201855,6.2969112983288,7.280109884235586,6.712484484632408,6.091548721887734,5.837655581800812,6.787022931164196,6.185101494293165,6.729074387576385,5.045533548269568,6.662236788009641,5.846012158665301,6.137770837477238,5.067423182097393,7.640939950138855,6.583113991013061,7.208175685182983,5.8298781234483785,6.587696529622511,5.000808689572118,5.965576473314746,6.586930298672179,6.251361751082244,7.586418572323317,5.38066575229852,5.941577777156328,6.098872103465288,6.307733801390358,5.392170986522568,6.144218103764782,6.217504927549379,6.510955272562619,7.819952470484766,7.393568181025097,5.987354490124174,7.9208259491245245,5.267467552072437,6.023033226152162,6.078849980095821,7.2887662110706,6.6627317740309975,6.2745595514750745,4.866456266099358,5.728475280335973,5.5785917894323065,6.291009363348882,5.965001082077556,7.075325979215792,8.03020203957899,5.606635979013525,6.255300065698943,6.707667211713373,6.952657213553011,6.603742505250878,5.490711784363085,6.104947844761958,7.158617698104109,5.183522858525557,6.3568210430447225,7.03649216071974,6.145559413419587,4.905848642813203,6.548563979560793,5.842583486241777,7.280144388828796,5.82044958123222,6.789938410667579,4.995576212284769,6.305116082937511,5.742813058471469,6.68356648172923,5.98376868169409,7.028191685020947,5.441125177103777,7.653155347976402,7.212600501847157,7.113046740965953,6.0717406671721355,5.544933594724513,5.9444292380142025,6.109443814484465,5.689823356277472,6.010036326447164,6.97464137696246,6.075165401694715,5.472920479764053,6.462634232764273
0.4177103746047641,5.66742205501407,6.774360192635036,5.080584198967423,7.078330324119979,7.814384509190975,5.79805729495947,6.31425772001531,5.924779493965025,5.197678097378857,5.782701343999565,7.3100199915686765,6.334898087658019,6.602473133856252,6.236867075411974,7.528946496393194,6.328603746932004,7.305739210939737,6.747457557079061,6.123277395407522,5.869925544176448,6.818784172080652,6.213708197253526,6.765945177441321,5.065597808570936,6.696850371468466,5.881223636245446,6.17301272016718,5.094951955373688,7.683512739667079,6.615168606671048,7.2475768633323785,5.860491176895476,6.62581543916106,5.0284445435128555,5.995291709740488,6.621950130864069,6.284390753913643,7.617542798788958,5.40917004878917,5.9729986237569435,6.1304396818231055,6.343266358288158,5.419716871889817,6.173230423038279,6.243180516716961,6.547261179095804,7.852756428885633,7.423681500451988,6.017576020522072,7.962910094022853,5.297163564245545,6.049638634086331,6.109066954768768,7.320264909341668,6.693963933498359,6.296788543554445,4.8972188975733015,5.762176445136926,5.605475152029188,6.32006623553934,5.998624108792472,7.1092240673713345,8.067715900269649,5.637282120034083,6.281867828579018,6.744997460154794,6.986008320886661,6.632127582609516,5.519303818109324,6.130998724582832,7.186202505305365,5.207385565031845,6.393525805574797,7.071600584303003,6.190195828826284,4.935420303756056,6.584334383145614,5.8743452855467995,7.317589895129327,5.852294157698493,6.828167312777774,5.0226133249759,6.329545459360803,5.772339871876545,6.722747884771489,6.016940807417619,7.065432070720932,5.471066834131941,7.695046966504559,7.249184718645724,7.14299714148378,6.099234014570769,5.56622006892123,5.978171448909502,6.141050618771341,5.726221862373894,6.040422620556287,7.003980040048494,6.106679859561476,5.504977570646836,6.495931888717948
0.4220726014825888,3.94763648613489,6.810024953600812,5.107946491148375,7.11142315337277,7.857171679471954,5.830249540333261,6.348224672229712,5.950975342786258,5.2224408824644355,5.816290054618735,7.337645058011045,6.36665683218023,6.638286198638291,6.263624443633652,7.569326441766212,6.360296195535215,7.331368537643879,6.780559924326786,6.155006068927303,5.902195506552088,6.850545412997113,6.242314900213868,6.802815967306231,5.08566206887231,6.731463954927301,5.916435113825591,6.208254602857121,5.122480728649972,7.726085529195314,6.647223222329018,7.2869780414817695,5.891104230342567,6.663934348699589,5.056080397453588,6.025006946166235,6.656969963055949,6.309814540632116,7.648667025254608,5.4374038765773305,6.004419470357553,6.162007260180908,6.378798915185956,5.447262757257066,6.202242742311771,6.26885610588454,6.581534688101478,7.885560387286509,7.453794819878869,6.047797550919973,8.004994238921185,5.3268595764186495,6.07624404202049,6.139283929441725,7.351763607612741,6.725196092965726,6.319017535633819,4.927981529047243,5.795877609937884,5.63235851462607,6.349123107729792,6.032247135507399,7.143122155526885,8.105229760960302,5.667928261054648,6.3084355914591,6.782327708596217,7.019359428220323,6.660512659968151,5.547895851855568,6.15704960440371,7.2142699339560945,5.231248271538117,6.430230568104857,7.1067090078862725,6.234832244232975,4.964991964698905,6.620104786730432,5.9061070848518415,7.355035401429859,5.884138734164763,6.866396214887966,5.049650437667022,6.353974835784087,5.801866685281625,6.761929287813757,6.050112933141146,7.102672456420904,5.501008491160097,7.73693858503271,7.2857689354442865,7.172947542001606,6.126727361969396,5.587506543117945,6.0119136598048035,6.172657423058222,5.762620368470311,6.070808914665407,7.027882630577347,6.138194317428238,5.537034661529615,6.52922954467161
0.42643482836041346,5.57078937122342,6.845689714566606,5.135308783329321,7.144515982625557,7.899958849752934,5.862441785707035,6.382191624444099,5.977171191607484,5.247203667550014,5.849878765237898,7.3669324765124315,6.398415576702431,6.674099263420335,6.290381811855332,7.6097063871392185,6.391988644138431,7.356997864348035,6.813662291574513,6.186734742447095,5.9344654689277245,6.882306653913563,6.270921603174233,6.839686757171158,5.105726329173691,6.766077538386123,5.951646591405724,6.2434964855470545,5.150009501926262,7.768658318723536,6.6808191456663755,7.3263792196311615,5.921717283789656,6.699200129129061,5.083716251394326,6.054722182591976,6.691989795247831,6.335238327350586,7.6797912517202525,5.462607282725436,6.0358403169581605,6.193574838538724,6.414331472083746,5.474808642624305,6.231255061585266,6.294531695052123,6.614521405677265,7.91836434568737,7.48390813930576,6.078019081317872,8.047078383819505,5.356555588591746,6.102849449954655,6.16950090411468,7.3832623058838065,6.756428252433088,6.34124652771319,4.958744160521191,5.829578774738855,5.659241877222946,6.378179979920254,6.065870162222315,7.177020243682424,8.142743621650952,5.698574402075203,6.335003354339185,6.8196579570376334,7.052710535553977,6.688897737326781,5.576487885601809,6.1831004842245765,7.252396850284457,5.255110978044409,6.466935330634927,7.14181743146954,6.279468659639674,4.994563625641745,6.655875190315251,5.937868884156871,7.392480907730394,5.91598331063105,6.904625116998155,5.076687550358146,6.378404212207378,5.831393498686713,6.80111069085602,6.083285058864677,7.1399128421208795,5.53095014818825,7.774594235799753,7.322353152242849,7.20289794251945,6.1542207093680235,5.608793017314664,6.045655870700104,6.204264227345099,5.799018874566738,6.10119520877453,7.051785221106197,6.169708775294997,5.569091752412392,6.562527200625278
0.43079705523823814,4.25173018192807,6.881354475532386,5.162671075510268,7.177608811878338,7.9427460200339075,5.894634031080826,6.416158576658498,6.003367040428715,5.27196645263559,5.8834674758570635,7.396269556782949,6.430174321224638,6.709912328202368,6.317139180077006,7.650086332512225,6.423681092741631,7.382627191052183,6.846764658822248,6.218463415966878,5.9667354313033645,6.914067894830023,6.299528306134596,6.876557547036082,5.12579058947506,6.8009376871642715,5.986858068985872,6.278738368237003,5.17753827520255,7.811231108251762,6.714586974601721,7.365780397780557,5.952330337236755,6.734025530873523,5.11135210533506,6.084437419017718,6.727009627439715,6.360662114069061,7.710915478185906,5.487810688873536,6.067261163558771,6.225142416896535,6.449864028981547,5.502354527991553,6.260267380858752,6.320207284219707,6.647508123253056,7.951168304088246,7.514021458732651,6.108240611715774,8.09003343712446,5.386251600764852,6.129454857888816,6.1997178787876415,7.414761004154878,6.787660411900461,6.36347551979256,4.989506791995138,5.8632799395398,5.686125239819826,6.407236852110708,6.09949318893725,7.210918331837963,8.18025748234161,5.729220543095769,6.361571117219258,6.8569882054790545,7.086061642887629,6.717282814685413,5.605079919348047,6.209151364045455,7.290523766612801,5.2789843858336845,6.503640093164997,7.1769258550528,6.324105075046374,5.024135286584592,6.691645593900075,5.969630683461906,7.42992641403092,5.947827887097317,6.94285401910835,5.103724663049269,6.402833588630674,5.860920312091787,6.840292093898279,6.116457184588208,7.177153227820861,5.560891805216413,7.811187708512548,7.358937369041421,7.232848343037274,6.181714056766659,5.630079491511375,6.079398081595409,6.235871031631983,5.835417380663163,6.131581502883647,7.0756878116350475,6.20122323316176,5.601148843295171,6.595824856578949
0.43515928211606275,4.37492675491956,6.917019236498166,5.190033367691209,7.210701641131125,7.9855331903148885,5.926826276454603,6.450125528872899,6.0295628892499495,5.296729237721166,5.917056186476218,7.425606637053467,6.461933065746858,6.745725392984416,6.343896548298688,7.690466277885235,6.455373541344844,7.4082565177563335,6.879867026069983,6.250192089486666,5.999005393679003,6.945829135746479,6.328135009094945,6.913428336901005,5.1458548497764305,6.8372923918030555,6.022069546566009,6.313579635011743,5.205067048478832,7.853803897779996,6.748354803537071,7.405181575929951,5.982943390683845,6.7688509326179815,5.138987959275796,6.1141526554434575,6.762029459631601,6.386085900787537,7.742039704651549,5.513014095021638,6.09868201015938,6.256709995254343,6.485396585879349,5.529900413358805,6.2892797001322425,6.345882873387293,6.680494840828847,7.983972262489117,7.544134778159539,6.138462142113673,8.133853238183177,5.415947612937955,6.156060265822983,6.229934853460587,7.446259702425943,6.819156860405397,6.3857045118719284,5.020269423469081,5.896981104340767,5.713008602416709,6.436293724301172,6.133116215652171,7.24481641999351,8.21777134303227,5.760610782285908,6.388138880099336,6.894318453920476,7.119412750221291,6.7456678920440485,5.633671953094283,6.234701604396623,7.3286506829411655,5.302859594909319,6.540344855695068,7.2120342786360645,6.368741490453067,5.053706947527431,6.727415997484894,6.001392482766948,7.467371920331451,5.979672463563604,6.981082921218543,5.130761775740395,6.427262965053954,5.890447125496877,6.879473496940539,6.149629310311738,7.214393613520841,5.590833462244566,7.847781181225337,7.395521585839982,7.262798743555102,6.2092074041653,5.651365965708088,6.113140292490714,6.267477835918856,5.871815886759574,6.1619677969927675,7.099590402163902,6.2327376910285235,5.633205934177944,6.629122512532608
0.43952150899388737,4.67448065446105,6.95268399746395,5.217395659872155,7.243794470383914,8.02832036059587,5.959018521828389,6.4840924810872975,6.05575873807118,5.3214920228067495,5.950644897095384,7.4549437173239905,6.49369181026906,6.781538457766448,6.3706539165203635,7.730846223258246,6.4870659899480545,7.4338858444604785,6.912969393317704,6.281920763006452,6.031275356054642,6.977590376662935,6.356741712055295,6.950299126765934,5.165919110077805,6.8736470964418475,6.0572810241461505,6.345619053914262,5.232595821755124,7.896376687308213,6.782122632472415,7.444582754079343,6.013556444130936,6.803676334362433,5.166623813216524,6.143867891869202,6.797049291823485,6.411509687506011,7.773163931117204,5.538217501169743,6.130102856759987,6.288277573612153,6.520929142777141,5.557446298726044,6.318292019405735,6.371558462554881,6.713481558404639,8.01677622088998,7.574248097586419,6.168683672511574,8.177673039241887,5.445643625111066,6.182665673757139,6.260151828133548,7.477758400697016,6.8508740308780425,6.407933503951299,5.0510320549430245,5.9306822691417205,5.739891965013586,6.465350596491631,6.166739242367089,7.27871450814906,8.255285203722918,5.793008550392845,6.4147066429794135,6.9316487023618905,7.152763857554944,6.774052969402683,5.662263986840524,6.257549013015752,7.366777599269508,5.326734803984961,6.577049618225135,7.247142702219334,6.4133779058597575,5.083278608470283,6.7631864010697065,6.033154282071978,7.504817426631985,6.011517040029872,7.019311823328737,5.157798888431523,6.451692341477249,5.919973938901949,6.918654899982802,6.182801436035268,7.251633999220823,5.620775119272722,7.884374653938136,7.432105802638545,7.292749144072932,6.236700751563921,5.672652439904808,6.146882503386011,6.299084640205739,5.908214392855995,6.192354091101889,7.1234929926927535,6.2642521488952845,5.665263025060732,6.662420168486281
0.44388373587171204,9.70171969477502,6.988348758429736,5.244757952053108,7.276887299636698,8.071107530876848,5.991210767202176,6.518059433301697,6.081954586892407,5.34625480789233,5.984233607714556,7.4842807975945105,6.525450554791264,6.817351522548492,6.397411284742039,7.77122616863126,6.518758438551262,7.459515171164638,6.94607176056543,6.313649436526232,6.06354531843028,7.009351617579392,6.385348415015645,6.987169916630851,5.185983370379178,6.910001801080633,6.092492501726292,6.37765847281678,5.260124595031405,7.938949476836442,6.815890461407768,7.483983932228738,6.044169497578037,6.838501736106897,5.194259667157266,6.173583128294943,6.832069124015365,6.436933474224486,7.804288157582842,5.563420907317849,6.161523703360601,6.319845151969964,6.5564616996749345,5.584992184093287,6.347304338679224,6.397234051722451,6.746468275980422,8.049580179290853,7.6043614170133145,6.198905202909472,8.221492840300598,5.475339637284161,6.209271081691297,6.290368802806498,7.509257098968081,6.882591201350687,6.430162496030674,5.081794686416972,5.964383433942688,5.7667753276104605,6.494407468682086,6.200362269082011,7.312612596304603,8.292799064413568,5.825406318499792,6.441274405859496,6.96897895080331,7.186114964888604,6.802438046761314,5.690856020586767,6.277300010200426,7.404904515597864,5.350610013060597,6.613754380755204,7.282251125802598,6.458014321266458,5.112850269413132,6.798956804654537,6.064916081377019,7.542262932932519,6.043361616496148,7.05754072543893,5.184836001122647,6.476121717900537,5.949500752307041,6.9578363030250685,6.215973561758805,7.288874384920803,5.650716776300885,7.920968126650933,7.4686900194371075,7.322699544590764,6.264194098962556,5.693938914101519,6.180624714281314,6.330691444492621,5.944612898952425,6.222740385211013,7.1473955832216,6.2957666067620455,5.697320115943513,6.69571782443995
0.4482459627495367,9.14253488552059,7.024013519395518,5.272120244234049,7.309980128889492,8.113894701157827,6.023403012575964,6.552026385516092,6.10815043571364,5.371017592977905,6.017822318333718,7.513617877865035,6.557209299313473,6.853164587330533,6.424168652963711,7.811606114004264,6.550450887154474,7.4851444978687836,6.979174127813161,6.345378110046022,6.095815280805926,7.04111285849585,6.4139551179760055,7.024040706495774,5.206047630680556,6.946356505719423,6.125810734208253,6.409697891719288,5.287653368307705,7.981522266364672,6.849658290343116,7.523385110378135,6.074782551025133,6.873327137851346,5.221895521098001,6.203298364720681,6.867088956207251,6.4623572609429525,7.8354123840484915,5.588624313465952,6.1929445499612035,6.351412730327779,6.5919942565727325,5.61253806946054,6.376316657952716,6.422909640890043,6.779454993556215,8.082384137691717,7.634474736440203,6.229126733307369,8.265312641359305,5.505035649457268,6.235876489625465,6.320585777479452,7.540755797239149,6.914308371823326,6.452391488110049,5.11255731789092,5.9980845987436435,5.793658690207342,6.523464340872545,6.233985295796934,7.34651068446015,8.330312925104222,5.857804086606733,6.467842168739571,7.00630919924473,7.219466072222253,6.830823124119953,5.719448054333011,6.295070358444549,7.443031431926218,5.374485222136243,6.650459143285274,7.317359549385868,6.5026507366731465,5.142421930355979,6.834727208239354,6.096677880682047,7.575707808477952,6.075206192962426,7.095769627549125,5.2118731138137715,6.500551094323828,5.979027565712111,6.997017706067331,6.249145687482331,7.326114770620783,5.680658433329038,7.957561599363729,7.505274236235677,7.352649945108593,6.29168744636119,5.715225388298237,6.214366925176615,6.3622982487795,5.981011405048846,6.253126679320137,7.171298173750449,6.327281064628809,5.729377206826294,6.729015480393614
0.4526081896273614,5.52623945420708,7.0596782803613065,5.299482536414992,7.34307295814228,8.15668187143881,6.055595257949747,6.585993337730486,6.134346284534875,5.395780378063486,6.051411028952883,7.542954958135556,6.588968043835681,6.888977652112572,6.450926021185395,7.851986059377279,6.582143335757683,7.51077382457293,7.012276495060891,6.377106783565812,6.128085243181558,7.072874099412307,6.4425618209363575,7.059892446694885,5.226111890981928,6.982711210358203,6.156006715593828,6.441737310621813,5.315182141583987,8.015954353484899,6.883426119278463,7.562786288527522,6.105395604472221,6.908152539595814,5.24953137503874,6.233013601146428,6.902108788399133,6.487781047661436,7.86653661051414,5.613827719614059,6.2243653965618115,6.382980308685584,6.627526813470535,5.64008395482778,6.405328977226205,6.448585230057634,6.812441711132004,8.11518809609259,7.664588055867083,6.259348263705278,8.309132442418022,5.534731661630371,6.262481897559629,6.350802752152406,7.572254495510216,6.946025542295971,6.474620480189414,5.143319949364855,6.031822405563078,5.820542052804222,6.551251030806283,6.267608322511855,7.380408772615685,8.367826785794879,5.89020185471368,6.494409931619656,7.043639447686147,7.252817179555908,6.8592082014785865,5.748040088079252,6.312840706688676,7.481158348254573,5.398360431211883,6.687163905815341,7.352467972969128,6.54728715207985,5.171993591298821,6.870497611824166,6.128439679987091,7.608117160169406,6.1070507694287,7.133998529659322,5.238910226504891,6.5249804707471215,6.008554379117205,7.036199109109597,6.2823178132058555,7.3633551563207575,5.710600090357201,7.994155072076524,7.541858453034233,7.382600345626428,6.319180793759818,5.736511862494956,6.248109136071916,6.393905053066373,6.017409911145263,6.2828838422643996,7.195200764279304,6.358795522495567,5.761434297709065,6.762313136347285
0.45697041650518605,9.21114883087004,7.095343041327088,5.326844828595942,7.376165787395067,8.199469041719793,6.087787503323525,6.6193182160638955,6.160542133356101,5.42054316314907,6.08499973957205,7.572292038406068,6.612308766911036,6.924790716894618,6.475030888545881,7.892366004750293,6.613835784360889,7.536403151277082,7.045378862308622,6.40753043911349,6.160355205557206,7.104635340328762,6.471168523896708,7.0877889905394555,5.246176151283296,7.019065914996989,6.1862026969793895,6.473776729524325,5.342710914860278,8.049484258245945,6.9171939482138125,7.602187466676917,6.136008657919315,6.942977941340268,5.277167228979475,6.26272883757217,6.93068215745334,6.51320483437991,7.897660836979788,5.63903112576216,6.255786243162424,6.414547887043399,6.6630593703683285,5.667629840195024,6.426431928941226,6.474260819225217,6.846280607939381,8.14799205449346,7.69470137529398,6.28956979410317,8.352952243476732,5.564427673803468,6.288453558853268,6.381019726825358,7.603753193781288,6.977742712768616,6.496849472268782,5.17408258083881,6.066065864867978,5.847425415401105,6.575347144287611,6.301231349226783,7.414306860771237,8.40534064648554,5.919612889365745,6.520977694499725,7.080969696127564,7.286168286889566,6.887593278837219,5.776632121825488,6.330611054932799,7.519285264582924,5.422235640287519,6.724013722568357,7.387576396552392,6.591923567486535,5.201565252241671,6.906268015408997,6.160201479292115,7.640526511860844,6.138895345894977,7.1722274317695085,5.265947339196022,6.549409847170402,6.036739239951532,7.075380512151854,6.315489938929395,7.397147153770618,5.740541747385358,8.03074854478932,7.570680411478279,7.412550746144253,6.346674141158449,5.757798336691672,6.280339530548524,6.425511857353254,6.053808417241691,6.31018948172786,7.2191033548081505,6.390309980362329,5.793491388591848,6.795610792300951
0.4613326433830107,4.47264931615407,7.131007802292869,5.3542071207768815,7.409258616647854,8.242256212000767,6.119979748697309,6.650233929624515,6.186737982177334,5.445305948234639,6.118588450191219,7.601629118676597,6.63510830302992,6.96060378167665,6.49871774032335,7.932745950123299,6.6455282329641046,7.562032477981233,7.078481229556345,6.436201517072005,6.192625167932842,7.136396581245218,6.499775226857061,7.115685534384033,5.2662404115846755,7.055420619635773,6.216398678364964,6.505816148426842,5.3702396881365635,8.083014163006998,6.950961777149161,7.641588644826309,6.166621711366412,6.977803343084729,5.305316388565764,6.2924440739979195,6.956761601799023,6.5386286210983835,7.928785063445427,5.662574470354744,6.287207089763034,6.44562315053242,6.698591927266123,5.695175725562277,6.44648989543728,6.499936408392788,6.881079359533876,8.180796012894332,7.724814694720863,6.319791324501071,8.396772044535448,5.594123685976574,6.312007807982758,6.411236701498313,7.635251892052357,7.009459883241263,6.519078464348149,5.204845212312752,6.100309324172871,5.874308777997978,6.599443257768943,6.334854375941707,7.44820494892678,8.442854507176186,5.948936936104832,6.547545457379806,7.1182999445689825,7.319519394223226,6.915978356195852,5.8052241555717385,6.34838140317692,7.5574121809112755,5.446110849363163,6.761269846977101,7.42268482013566,6.636559982893229,5.2311369131845105,6.94203841899381,6.191963278597154,7.672935863552294,6.170739922361252,7.210456333879703,5.292984451887147,6.573839223593694,6.061352299262696,7.114561915194118,6.348662064652921,7.429453533288122,5.770563888376047,8.063877687259943,7.598311679808453,7.442501146662087,6.374167488557083,5.779084810888388,6.310982606168511,6.457118661640139,6.083397235911448,6.337495121191316,7.243005945337007,6.421824438229091,5.825548479474626,6.828908448254618
0.4656948702608354,8.58693111820915,7.166672563258663,5.381569412957832,7.442351445900642,8.285043382281746,6.152171994071104,6.681149643185137,6.212933830998563,5.470068733320223,6.152177160810382,7.630966198947115,6.657907839148806,6.993985137592568,6.522404592100816,7.973125895496316,6.677220681567304,7.587661804685376,7.111583596804076,6.464872595030516,6.224895130308477,7.168157822161673,6.528381929817419,7.143582078228613,5.286304671886044,7.091775324274566,6.246594659750533,6.537855567329356,5.397768461412854,8.116544067768043,6.984729606084504,7.68098982297571,6.197234764813506,7.012628744829186,5.3335073156294674,6.322159310423662,6.982841046144697,6.56405240781686,7.959909289911079,5.682907885990092,6.318627936363638,6.474169892777296,6.734124484163923,5.72272161092952,6.466547861933331,6.52561199756038,6.9158781111283725,8.2135999712952,7.754928014147754,6.350012854898968,8.440591845594156,5.623819698149676,6.335562057112267,6.441453676171269,7.666750590323425,7.041177053713903,6.541307456427527,5.2356078437866955,6.134552783477774,5.901192140594863,6.62353937125027,6.368477402656629,7.482103037082324,8.480368367866843,5.978260982843944,6.574113220259889,7.155630193010402,7.352870501556877,6.944363433554491,5.8338161893179725,6.3661517514210475,7.595539097239633,5.4699860584388,6.79852597138584,7.457793243718928,6.681196398299933,5.260708574127364,6.977808822578632,6.22372507790219,7.705345215243736,6.202584498827531,7.248685235989892,5.3200215645782665,6.598268600016984,6.085965358573866,7.153743318236386,6.38183419037645,7.461759912805632,5.801068970904282,8.091643508694625,7.62594294813863,7.472451547179921,6.401660835955715,5.800371285085102,6.341625681788497,6.488725465927014,6.110936457814523,6.364800760654778,7.26690853586586,6.453338896095852,5.857605570357409,6.862206104208283
0.47005709713866006,5.32315357488673,7.202337324224441,5.4089317051387775,7.4754442751534285,8.327830552562721,6.178181388679021,6.712065356745755,6.2391296798197935,5.494831518405798,6.184928609338369,7.660303279217632,6.680707375267699,7.026787540983022,6.546091443878289,8.013505840869323,6.708913130170522,7.613291131389533,7.144685964051808,6.493543672989026,6.248671665217535,7.199919063078129,6.556988632777775,7.171478622073196,5.306368932187419,7.12845934010736,6.276790641136103,6.569894986231872,5.425297234689147,8.150073972529093,7.018497435019856,7.7203910011251,6.2278478182605985,7.047454146573642,5.36169824269317,6.3518745468494,7.008920490490374,6.5894761945353295,7.991033516376729,5.7032413016254475,6.350048782964248,6.5027166350221615,6.766355312958397,5.750267496296767,6.486605828429378,6.55128758672796,6.947062833891972,8.246403929696065,7.785041333574635,6.380234385296869,8.484411646652864,5.653515710322777,6.359116306241771,6.471670650844223,7.698249288594494,7.072894224186548,6.563536448506899,5.266370475260648,6.168796242782671,5.928075503191734,6.647635484731599,6.402100429371552,7.516001125237868,8.517882228557498,6.007585029583034,6.600680983139968,7.192960441451825,7.386221608890531,6.97274851091312,5.86240822306422,6.383922099665173,7.63366601356799,5.493861267514441,6.835782095794575,7.492901667302198,6.725832813706622,5.290280235070214,7.013579226163448,6.255486877207228,7.737754566935174,6.234429075293805,7.286914138100091,5.3470586772693975,6.6226979764402705,6.110578417885039,7.192924721278643,6.415006316099987,7.494066292323134,5.831574053432508,8.119409330129306,7.653574216468809,7.502401947697744,6.429154183354342,5.821657759281818,6.372268757408491,6.520332270213895,6.138475679717592,6.392106400118237,7.29081112639471,6.484853353962615,5.889662661240186,6.895503760161949
0.47441932401648473,5.48013319443749,7.2380020851902325,5.436293997319722,7.508537104406211,8.370617722843708,6.201684600028018,6.74298107030637,6.2653255286410205,5.519594303491378,6.2098778943971205,7.689640359488156,6.703506911386582,7.058325499385223,6.569778295655753,8.053885786242335,6.740605578773728,7.63892045809368,7.177788331299538,6.522214750947538,6.272231150810821,7.229632162129763,6.585595335738134,7.199375165917764,5.326433192488792,7.165393375028355,6.3069866225216735,6.601934405134388,5.452826007965431,8.183603877290142,7.0522652639552,7.759792179274492,6.258460871707694,7.082279548318108,5.389889169756872,6.381589783275144,7.033317359611411,6.612691545545446,8.02215774284237,5.723574717260788,6.381469629564859,6.53126337726702,6.793225573405059,5.777813381664014,6.506663794925438,6.576963175895541,6.973196390802709,8.279207888096941,7.8151546530015255,6.410455915694777,8.528231447711576,5.683211722495879,6.382670555371269,6.501887625517175,7.729747986865568,7.104611394659188,6.585765440586265,5.297133106734587,6.203039702087566,5.9549588657886225,6.671731598212924,6.4357234560864764,7.549899213393419,8.555396089248152,6.03690907632214,6.6272487460200455,7.230290689893244,7.4195727162241925,7.001133588271757,5.891000256810453,6.401692447909297,7.671792929896344,5.517736476590085,6.87073279769318,7.528010090885455,6.770469229113313,5.3198518960130565,7.0493496297482725,6.287248676512264,7.770163918626625,6.266273651760083,7.325143040210287,5.37409578996052,6.647127352863558,6.1351914771962095,7.232106124320909,6.44817844182351,7.526372671840638,5.862079135960734,8.147175151563989,7.681205484798981,7.532352348215578,6.456647530752977,5.8429442334785335,6.402911833028477,6.551939074500771,6.166014901620663,6.419412039581699,7.314707054761643,6.516367811829374,5.921719752122967,6.928801416115619
0.4787815508943094,5.78970726775521,7.273666846156009,5.463656289500669,7.541629933659009,8.413404893124683,6.225187811377001,6.773896783866998,6.291521377462256,5.544357088576959,6.2348271794558725,7.718977439758677,6.726306447505472,7.08639683935813,6.593465147433223,8.094265731615346,6.772298027376939,7.66454978479783,7.21089069854726,6.550885828906055,6.2957906364041065,7.256655083873524,6.6142020386984814,7.227271709762348,5.346497452790161,7.20232740994935,6.337182603907235,6.633973824036902,5.480354781241723,8.217133782051189,7.0860330928905535,7.799193357423886,6.28907392515478,7.117104950062565,5.418370426439652,6.411305019700886,7.056448665770388,6.633375529031736,8.053281969308022,5.743908132896137,6.412890476165468,6.559810119511887,6.820095833851731,5.805359267031256,6.526721761421493,6.602638765063132,6.9993299477134405,8.31201184649781,7.842706123989015,6.440677446092672,8.56911370870174,5.71290773466899,6.406224804500768,6.532104600190132,7.761246685136633,7.136328565131836,6.607994432665642,5.327895738208537,6.237283161392462,5.981842228385494,6.695827711694255,6.469346482801397,7.583797301548956,8.592909949938804,6.066233123061232,6.653816508900117,7.267620938334662,7.452923823557845,7.029518665630391,5.919592290556694,6.419462796153422,7.709919846224694,5.54190958594839,6.905035032098788,7.56311851446872,6.815105644520015,5.349423556955895,7.085120033333092,6.319010475817298,7.802573270318065,6.298118228226359,7.363371942320476,5.401132902651642,6.6715567292868485,6.159804536507375,7.271287527363172,6.481350567547041,7.558679051358141,5.892584218488965,8.174940972998668,7.708836753129156,7.562302748733409,6.484140878151613,5.86423070767525,6.433554908648461,6.583545878787648,6.189856263641291,6.446717679045158,7.335676983683374,6.547882269696134,5.953776843005739,6.962099072069284
0.4831437777721341,8.10494694510102,7.309331607121797,5.491018581681615,7.574722762911793,8.45619206340566,6.248691022725984,6.804812497427615,6.317717226283485,5.569119873662539,6.259776464514621,7.7483145200291945,6.7491059836243545,7.114468179331062,6.617151999210696,8.13464567698836,6.8039904759801475,7.690179111501982,7.243993065794993,6.579556906864566,6.319350121997384,7.283678005617284,6.642808741658835,7.255168253606926,5.366561713091544,7.23926144487034,6.367378585292809,6.666013242939421,5.507883554518012,8.250663686812237,7.119800921825905,7.834170369429976,6.31968697860188,7.151930351807023,5.448418373896827,6.441020256126628,7.079579971929357,6.654059512518027,8.084406195773667,5.764241548531482,6.4443113227660795,6.588356861756749,6.8469660942983985,5.827205859384384,6.546779727917547,6.628314354230712,7.025463504624171,8.344815804898678,7.8698902357897635,6.470898976490575,8.608230498436562,5.742603746842082,6.429779053630273,6.562321574863086,7.792745383407703,7.1680457356044815,6.630223424745012,5.35865836968248,6.269196981634136,6.008725590982377,6.719923825175578,6.50296950951632,7.617695389704502,8.630423810629457,6.095557169800342,6.680384271780197,7.304951186776077,7.4862749308915015,7.057903742989024,5.9481843243029315,6.437233144397544,7.748046762553053,5.566383304786916,6.939337266504399,7.598226938051986,6.859742059926709,5.378995217898748,7.120890436917907,6.350772275122327,7.834982622009508,6.329962804692641,7.398192626727462,5.4281700153427686,6.695986105710135,6.184417595818541,7.310468930405438,6.5145226932705755,7.590985430875652,5.9230893010172005,8.202706794433348,7.73646802145933,7.592253149251239,6.511634225550233,5.885517181871967,6.4641979842684485,6.615152683074533,6.2126854994696865,6.474023318508618,7.356646912605102,6.5793967275629015,5.9858339338885225,6.9953967280229525
0.48750600464995875,5.4190970139636,7.344996368087579,5.518380873862564,7.607815592164575,8.498979233686637,6.272194234074969,6.8357282109882345,6.343913075104717,5.593882658748116,6.2847257495733695,7.777651600299721,6.771905519743242,7.142539519303977,6.640838850988164,8.17502562236136,6.835682924583357,7.715808438206127,7.277095433042721,6.6082279848230705,6.342909607590669,7.310700927361043,6.671415444619193,7.283064797451501,5.386625973392916,7.276195479791337,6.397574566678383,6.69805266184194,5.535412327794304,8.28832876098774,7.153568750761254,7.868897773388812,6.350300032048971,7.17939899177063,5.478466321353994,6.470735492552372,7.102711278088335,6.67474349600432,8.11553042223932,5.78457496416683,6.475732169366685,6.616903604001624,6.8738363547450625,5.8463024337338805,6.5668376944136,6.653989943398297,7.051597061534906,8.377619763299547,7.897074347590531,6.501120506888469,8.647347288171394,5.772299759015196,6.453333302759778,6.590835201017592,7.824244081678768,7.199762906077123,6.652452416824385,5.389421001156426,6.300539898674464,6.03560895357926,6.744019938656912,6.536592536231238,7.651593477860046,8.667937671320107,6.124881216539433,6.706952034660282,7.3422814352175,7.519626038225158,7.086288820347658,5.976776358049179,6.455003492641665,7.786173678881403,5.590857023625449,6.980012910623628,7.633335361635258,6.904378475333403,5.408566878841599,7.156660840502724,6.382534074427367,7.862255442985041,6.361807381158915,7.427992903688598,5.455207128033893,6.720415482133427,6.209030655129714,7.349650333447697,6.547694818994104,7.623291810393156,5.953594383545429,8.230472615868031,7.7640992897895105,7.6222035497690745,6.539127572948869,5.9068036560686865,6.494841059888435,6.646759487361415,6.235514735298085,6.501328957972078,7.37761684152683,6.6109111854296625,6.017891024771305,7.028694383976626
0.4918682315277834,8.77632926546567,7.378312904175801,5.5457431660435095,7.640908421417364,8.541766403967612,6.295697445423956,6.866643924548856,6.370108923925947,5.61864544383369,6.30775838921868,7.806988680570236,6.794705055862123,7.1706108592769,6.66452570276563,8.215405567734377,6.867375373186567,7.7414377649102795,7.3101978002904495,6.636899062781577,6.366469093183953,7.337723849104805,6.700022147579545,7.31096134129608,5.406690233694287,7.3131295147123305,6.427770548063951,6.730092080744452,5.562941101070584,8.330934066297147,7.187336579696599,7.903625177347643,6.37745243437848,7.205835856576529,5.5085142688111715,6.500450728978113,7.125842584247314,6.6954274794906175,8.146654648704965,5.804908379802179,6.507153015967296,6.645450346246481,6.900706615191733,5.8653990080833776,6.586895660909653,6.67966553256588,7.077730618445645,8.41042372170042,7.924258459391283,6.531342037286375,8.686464077906212,5.801995771188295,6.476887551889277,6.618183324762998,7.855742779949838,7.231480076549762,6.6746814089037505,5.420183632630372,6.331882815714795,6.062492316176135,6.768116052138239,6.570215562946169,7.685491566015588,8.705451532010764,6.154205263278537,6.71630162159066,7.379611683658926,7.552977145558809,7.114673897706298,6.0053683917954155,6.472773840885794,7.824300595209757,5.615330742463969,7.023411807903326,7.6723115329077585,6.949014890740095,5.4341687621588735,7.192431244087551,6.414295873732402,7.886296124586059,6.393651957625193,7.457793180649739,5.4822442407250165,6.744844858556716,6.2336437144408805,7.388831736489955,6.580866944717638,7.65559818991066,5.9840994660736495,8.25823843730271,7.791730558119686,7.6521539502869045,6.566620920347499,5.928090130265396,6.525484135508425,6.67836629164829,6.2583439711264885,6.528634597435534,7.39858677044856,6.6424256432964155,6.049948115654077,7.0619920399302885
0.4962304584056081,5.47985471920271,7.411128620388444,5.57310545822445,7.674001250670158,8.584553574248599,6.319200656772943,6.8975596381094775,6.396304772747176,5.643408228919269,6.329862473066153,7.836325760840764,6.817504591981014,7.19868219924982,6.688212554543092,8.255785513107384,6.8990678217897745,7.767067091614428,7.343300167538172,6.665570140740091,6.39002857877724,7.3647467708485665,6.728628850539899,7.338857885140657,5.426754493995656,7.350063549633326,6.457966529449517,6.762131499646963,5.590469874346867,8.371428925918943,7.221104408631945,7.938352581306483,6.403483768358509,7.2322727213824285,5.538562216268351,6.5301659654038575,7.1489738904062925,6.716111462976915,8.177778875170612,5.825241795437526,6.538573862567901,6.673997088491349,6.927576875638395,5.884495582432872,6.60695362740571,6.705341121733459,7.103864175356372,8.443227680101286,7.9514425711920405,6.561563567684271,8.725580867641037,5.831691783361401,6.5004418010187734,6.645531448508422,7.88724147822091,7.263197247022418,6.696910400983127,5.45094626410432,6.363225732755119,6.089375678773017,6.792212165619571,6.603838589661091,7.719389654171134,8.742965392701421,6.18352931001763,6.704031575959509,7.416941932100338,7.5863282528924705,7.1430589750649265,6.033960425541658,6.490544189129917,7.864209599056642,5.639804461302496,7.066810705183005,7.716407435853816,6.993651306146794,5.455456320209509,7.228201647672369,6.446057673037438,7.910336806187083,6.425496534091459,7.4875934576108785,5.509281353416147,6.769274234980006,6.25825677375205,7.428013139532222,6.614039070441166,7.687904569428173,6.014604548601875,8.286004258737389,7.819361826449865,7.682104350804736,6.5941142677461295,5.949376604462115,6.556127211128413,6.7099730959351715,6.281173206954888,6.555940236898994,7.419556699370294,6.6739401011631845,6.0773191443085235,7.095289695883959
0.5005926852834328,7.54319256821183,7.443944336601081,5.600467750405395,7.707094079922945,8.62734074452958,6.34270386812193,6.928475351670091,6.422500621568409,5.668171014004849,6.351966556913622,7.865662841111287,6.840304128099898,7.226753539222743,6.71189940632056,8.296165458480393,6.930760270392985,7.792696418318575,7.376402534785905,6.694241218698608,6.41358806437052,7.39176969259233,6.757235553500255,7.366754428985239,5.446818754297038,7.386997584554315,6.488162510835083,6.794170918549479,5.617998647623157,8.411212434320609,7.254872237567299,7.973079985265325,6.429515102338541,7.2587095861883295,5.568610163725518,6.5598812018296,7.172105196565269,6.736795446463206,8.20890310163626,5.845575211072872,6.569994709168514,6.702543830736214,6.954447136085065,5.903592156782375,6.627011593901762,6.7310167109010495,7.1299977322671015,8.476031638502153,7.978626682992805,6.591785098082173,8.764697657375864,5.860402974402918,6.523996050148279,6.672879572253836,7.918740176491975,7.294914417495056,6.719139393062486,5.481708895578262,6.394568649795454,6.116259041369898,6.816308279100897,6.637461616376015,7.753287742326681,8.780479253392073,6.212853356756733,6.69176153032836,7.455927809720006,7.61967936022612,7.171444052423565,6.062552459287902,6.508314537374044,7.904212748438163,5.66427818014102,7.110209602462706,7.760503338799876,7.038287721553487,5.4767438782601525,7.261091319391229,6.477819472342473,7.934377487788104,6.457341110557737,7.517393734572022,5.536318466107263,6.7937036114033,6.282869833063224,7.467194542574485,6.647211196164697,7.720210948945673,6.045109631130109,8.313770080172073,7.846993094780038,7.712054751322561,6.621607615144765,5.970663078658832,6.586770286748407,6.741579900222049,6.304002442783287,6.583245876362455,7.440526628292023,6.705454559029945,6.101158659308384,7.128587351837629
0.5049549121612574,5.14289944701608,7.476760052813719,5.627830042586347,7.740186909175729,8.670127914810559,6.366207079470915,6.95939106523072,6.448696470389642,5.69293379909043,6.374070640761094,7.894999921381804,6.863103664218781,7.254824879195664,6.735586258098034,8.33654540385341,6.9624527189961976,7.818325745022725,7.4095049020336345,6.722912296657119,6.437147549963799,7.418792614336087,6.785842256460612,7.394650972829813,5.466883014598402,7.423931619475316,6.518358492220647,6.826210337452,5.645527420899449,8.450995942722278,7.28864006650264,8.007807389224155,6.453834112930784,7.285146450994222,5.5986581111826865,6.589596438255343,7.195236502724243,6.7574794299495,8.239833214336514,5.865908626708221,6.601415555769122,6.731090572981081,6.981317396531736,5.922688731131871,6.647069560397814,6.756692300068636,7.156131289177841,8.508835596903026,8.005810794793573,6.622006628480072,8.803814447110689,5.885619357056734,6.547550299277775,6.7002276959992475,7.950238874763046,7.326631587967696,6.7413683851418655,5.51247152705221,6.423791655474344,6.143142403966776,6.840404392582225,6.671084643090944,7.7871858304822235,8.817993114082723,6.2421774034958295,6.679491484697217,7.495139567254898,7.653030467559781,7.199829129782193,6.091144493034138,6.526084885618164,7.944215897819688,5.688751898979543,7.153608499742394,7.804599241745934,7.082924136960186,5.498031436310789,7.292365464097509,6.509581271647507,7.958418169389126,6.489185687024018,7.547194011533162,5.563355578798391,6.818132987826587,6.307482892374392,7.507082004785405,6.680203125815761,7.752517328463175,6.0756147136583385,8.341535901606749,7.8746243631102155,7.7420051518403925,6.649100962543395,5.9919495528555435,6.617413362368391,6.7731867045089285,6.326831678611688,6.610551515825919,7.461496557213752,6.736969016896706,6.124998174308248,7.161885007791293
0.5093171390390822,6.44535792194364,7.505530794591205,5.655192334767286,7.773279738428513,8.712915085091536,6.389710290819906,6.990306778791341,6.474892319210874,5.717696584176008,6.3961747246085645,7.924337001652325,6.8859032003376655,7.2828962191685855,6.759273109875501,8.376925349226417,6.994145167599403,7.843955071726881,7.442607269281363,6.751583374615628,6.460707035557087,7.44581553607985,6.814448959420965,7.422547516674389,5.486947274899781,7.460865654396308,6.548554473606214,6.858249756354517,5.673056194175735,8.49077945112395,7.322407895437994,8.04253479318299,6.477096055948372,7.311583315800123,5.628706058639859,6.619311674681088,7.218367808883221,6.778163413435797,8.26500184874355,5.886242042343568,6.632136215476093,6.759637315225951,7.008187656978394,5.941785305481369,6.667127526893869,6.782367889236213,7.182264846088574,8.541639555303895,8.032994906594324,6.650821436518073,8.81141662495728,5.892727318943023,6.571104548407286,6.727575819744664,7.981737573034116,7.35834875844035,6.763597377221235,5.54323415852615,6.450684023467694,6.170025766563658,6.8645005060635516,6.70470766980587,7.821083918637771,8.85550697477338,6.271129185636319,6.667221439066062,7.534245103326037,7.66434182812942,7.226300719229704,6.119736526780378,6.5438552338622875,7.983937413233817,5.713225617818067,7.197007397022084,7.848695144691987,7.127560552366878,5.519318994361426,7.3236396088037985,6.541343070952542,7.982458850990146,6.521030263490294,7.576994288494293,5.590392691489516,6.842562364249879,6.332095951685562,7.548151467495539,6.673371836319611,7.784823707980682,6.1061197961865705,8.369301723041428,7.8987425261037165,7.771955552358222,6.67659430994203,6.013236027052258,6.648056437988383,6.804793508795812,6.349660914440092,6.637857155289374,7.4824664861354835,6.768483474763462,6.148837689308116,7.195182663744959
0.5136793659169068,5.06068302128936,7.533917731358902,5.682554626948237,7.806372567681303,8.755702255372517,6.413213502168892,7.0178519216175985,6.493557361719382,5.7424593692615895,6.418278808456034,7.953674081922844,6.908702736456557,7.310775333582941,6.782959961652969,8.41730529459943,7.0258376162026135,7.869584398431031,7.47570963652909,6.780254452574142,6.484266521150369,7.472838457823611,6.843055662381311,7.450444060518968,5.507011535201156,7.4977996893173,6.578750454991788,6.890289175257033,5.700584967452028,8.53056295952561,7.3561757243733386,8.077262197141835,6.500357998965962,7.338020180606026,5.648727218366402,6.649026911106826,7.2414991150422,6.78210874116249,8.288948333525349,5.906575457978911,6.643826762539297,6.788184057470807,7.035057917425066,5.925642791672458,6.687185493389922,6.808043478403795,7.2083984029993085,8.574443513704766,8.060179018395086,6.670333730592118,8.812122413879328,5.879574932350647,6.594658797536781,6.754923943490084,8.013236271305187,7.3900659289129855,6.785826369300601,5.573996790000102,6.477576391461056,6.195647623606482,6.888596619544885,6.738330696520787,7.854982006793306,8.893020835464034,6.296056111578406,6.654951393434914,7.570725096641243,7.659311753250683,7.25027539049063,6.148328560526618,6.56162558210642,8.019544223051879,5.737699336656596,7.240406294301775,7.892791047638043,7.172196967773571,5.540606552412068,7.328570905640422,6.573104870257576,8.006499532591173,6.55287483995657,7.606794565455439,5.6174298041806425,6.866991740673165,6.356709010996734,7.589220930205664,6.6653663581330544,7.817130087498186,6.1366248787148026,8.397067544476108,7.8880513157493946,7.8019059528760595,6.704087657340664,6.034522501248978,6.67869951360836,6.8364003130826925,6.372490150268491,6.665162794752832,7.503436415057213,6.799997932630234,6.172677204307983,7.228480319698631
0.5180415927947314,7.29313948819183,7.5623046681265995,5.709916919129182,7.839465396934087,8.79807477811969,6.4367167135178756,7.044382469077105,6.48154044095862,5.767222154347162,6.4403828923035045,7.983011162193365,6.931502272575445,7.302539189379428,6.806646813430436,8.457685239972436,7.0575300648058255,7.895213725135174,7.504356786470713,6.808925530532653,6.507826006743644,7.499861379567371,6.8716623653416695,7.478340604363546,5.5270757955025305,7.525230994250644,6.60894643637736,6.922328594159543,5.728113740728312,8.570346467927282,7.389943553308682,8.111989601100667,6.493115966797008,7.364457045411926,5.640554355486717,6.678742147532572,7.264630421201176,6.76455033732709,8.312894818307155,5.926908873614264,6.63426753210631,6.816730799715674,7.061928177871733,5.906437847933189,6.707243459885974,6.83371906757138,7.234531959910042,8.607247472105628,8.087363130195845,6.689846024666171,8.812828202801384,5.866422545758277,6.618213046666288,6.7822157245763455,8.044734969576254,7.421783099385634,6.808055361379974,5.604759421474042,6.504468759454412,6.219812663230461,6.912692733026215,6.7453763626255805,7.888880094948859,8.930534696154691,6.320983037520506,6.6426813478037605,7.6072050899564525,7.654281678371949,7.2759551389742345,6.170937084235988,6.57939593035054,8.055151032869931,5.76217305549512,7.283805191581468,7.909572449353765,7.21683338318027,5.561894110462709,7.321571903058346,6.604866669562611,8.030540214192191,6.5847194164228435,7.636594842416582,5.644466916871765,6.891421117096446,6.373771131538443,7.630290392915794,6.657360879946508,7.849436467015688,6.1671299612430275,8.424833365910793,7.877360105395069,7.8318563533938805,6.731581004739292,6.055808975445696,6.709342589228352,6.868007117369574,6.395319386096893,6.689222591900243,7.524406343978941,6.805637017208263,6.175451671915387,7.261777975652297
0.522403819672556,6.41067616421053,7.590691604894304,5.737279211310129,7.872558226186876,8.80279628213585,6.460219924866866,7.036834974752961,6.469523520197844,5.7919849394327425,6.462486976150982,8.012348242463885,6.95430180869433,7.284553402954811,6.830333665207907,8.498065185345446,7.0668462736835975,7.9208430518393245,7.499380257296097,6.837596608491163,6.531385492336933,7.507735411303174,6.901352012220715,7.506237148208119,5.547140055803901,7.524069637527721,6.63914241776293,6.954368013062062,5.7556425140046015,8.610129976328947,7.4237113822440355,8.110165523949178,6.4782142710563795,7.390893910217826,5.632381492607033,6.686235527034591,7.2877617273601585,6.746991933491685,8.33684130308896,5.947242289249612,6.624708301673327,6.845277541960539,7.088798438318394,5.8872329041939135,6.727301426382033,6.859394656738965,7.260665516820774,8.61507300128679,8.114547241996602,6.692808248934221,8.81353399172344,5.853270159165902,6.6417672957957885,6.771499356361883,8.076233667847319,7.453500269858274,6.83028435345935,5.6355220529479855,6.53136112744777,6.243977702854448,6.936788846507537,6.740848463344734,7.922778183104399,8.968048556845348,6.345909963462603,6.630411302172611,7.6436850832716585,7.648354519970165,7.3018265811880525,6.161445223356877,6.5971662785946625,8.090757842687996,5.786646774333651,7.312700399629139,7.9155150380743455,7.261469798586968,5.58318166851335,7.314572900476272,6.636628468867647,8.054580895793212,6.616563992889118,7.651542249525229,5.671504029562888,6.912908863436054,6.360295173417116,7.67135985562592,6.641771485291622,7.881742846533199,6.194329254235714,8.452599187345463,7.866668895040749,7.859074352564353,6.75907435213792,6.0770954496424086,6.7399856648483425,6.897239956823185,6.387840605241856,6.710943016400236,7.545376272900673,6.799002824134709,6.161158144452697,7.294075625500337
0.5267660465503807,5.37275178690253,7.619078541662007,5.758211992641383,7.905651055439663,8.80268538996023,6.4488884776313204,7.025314249014188,6.457506599437082,5.816747724518323,6.484591059998453,8.041685322734407,6.977101344813216,7.266567616530193,6.854020516985374,8.538445130718458,7.060525836692788,7.946472378543471,7.494403728121477,6.862763499381184,6.554944977930215,7.496756067539466,6.913901606277735,7.508922009715696,5.566736357817569,7.521534415906722,6.669338399148493,6.986407431964577,5.783171287280891,8.635926278268391,7.45747921117938,8.106833564612593,6.46331257531575,7.417330775023721,5.624208629727354,6.67793838556445,7.310893033519131,6.729433529656282,8.34137992470458,5.967575704884961,6.615149071240344,6.873824284205404,7.105571708744165,5.867517155048148,6.747359392878078,6.885070245906547,7.286799073731503,8.609855521496595,8.141731353797363,6.674326839577034,8.81423978064549,5.840117772573519,6.665321544925286,6.760782988147418,8.10773236611839,7.460722910502271,6.852513345538718,5.666284684421933,6.558253495441123,6.26814274247843,6.9540184448713145,6.736320564063887,7.956676271259943,9.005562417535996,6.370836889404693,6.61814125654146,7.680165076586873,7.635550225882098,7.327698023401858,6.151953362477761,6.614936626838788,8.126364652506055,5.783910820794293,7.31811234191456,7.921457626794941,7.305548401923986,5.604469226563989,7.307573897894196,6.645870220867086,8.078621577394232,6.608896077115664,7.6433544195838445,5.698541142254015,6.899389519517432,6.346819215295778,7.712088119621739,6.625935950554837,7.914049226050699,6.186884409444322,8.48036500878015,7.855977684686427,7.851076726292633,6.786567699536554,6.098381923839125,6.770628740468335,6.911640231803541,6.372630914964988,6.7326634409002235,7.5285065313391994,6.792368631061151,6.146864616990003,7.3165067305615885
0.5311282734282053,7.34530186491082,7.647465478429706,5.734713780371483,7.9387438846924505,8.799664465485586,6.434462999159512,7.013793523275414,6.44548967867631,5.841510509603902,6.506695143845919,8.071022403004928,6.999900880932104,7.2485818301055795,6.877707368762842,8.578825076091466,7.054205399701977,7.972101705247623,7.489427198946861,6.887157918322645,6.578504463523499,7.485776723775756,6.906536178395692,7.498921793180691,5.548986512473475,7.5161141514649215,6.699534380534061,7.018446850867095,5.810700060557177,8.63785042256967,7.488081010904565,8.10350160527601,6.44841087957512,7.443767639829621,5.616035766847671,6.669641244094303,7.33365477856238,6.711875125820879,8.32744896504646,5.967088733481037,6.6055898408073555,6.902371026450272,7.094595604212567,5.845667925365434,6.767417359374138,6.910244985224675,7.289102346599904,8.604638041706396,8.167667460484864,6.655845430219851,8.814945569567541,5.826965385981141,6.681350210867421,6.750066619932949,8.13923106438946,7.453976927187793,6.874742337618085,5.697047315895877,6.585145863434474,6.292307782102417,6.940279002846719,6.731792664783039,7.984235901401797,9.042418183329138,6.395763815346784,6.605871210910305,7.716645069902074,7.622745931794031,7.353569465615672,6.142461501598654,6.63270697508291,8.161971462324113,5.770481139842502,7.323524284199983,7.927400215515527,7.312370410104436,5.625756784614625,7.300574895312123,6.6397442124716495,8.097858621874423,6.595058096171385,7.635166589642458,5.725578254945138,6.885870175598809,6.3333432571744455,7.745452346305465,6.610100415818056,7.932670504868461,6.179439564652923,8.508130830214832,7.8452864743321,7.843079100020904,6.814061046935186,6.119668398035842,6.801271816088318,6.902703805704076,6.357421224688127,6.750571530993281,7.5115378246513,6.7857344379876,6.1325710895273176,7.307678254501422
0.5354905003060301,7.95978897362895,7.675852415197407,5.711041125236166,7.971836713945241,8.796643541010935,6.420564110386024,7.002272797536639,6.4334727579155455,5.86627329468948,6.528799227693394,8.100359483275447,7.02270041705099,7.2305960436809595,6.90139422054031,8.61431166623969,7.047884962711166,7.997731031951777,7.484450669772248,6.899421178042402,6.602063949116782,7.474797380012058,6.899170750513642,7.488921576645679,5.53123666712938,7.510693887023122,6.730119726204967,7.05048626976961,5.838228833833471,8.63977456687095,7.517610316857989,8.10016964593943,6.433509183834491,7.470204504635521,5.607862903967988,6.661344102624163,7.325625772888384,6.694316721985474,8.31351800538835,5.9496666486878045,6.5960306103743775,6.910180568238184,7.0836194996809665,5.823818695682714,6.787475325870189,6.933298172490583,7.277470273811623,8.5994205619162,8.190628899525201,6.637364020862661,8.815651358489594,5.813812999388774,6.667193836296308,6.739350251718483,8.170729762660528,7.440155900972304,6.862669863430934,5.727809947369827,6.599705637460755,6.3164728217264035,6.9265395608221265,6.7272647655022,8.010442781444715,9.042244687587761,6.386286919156181,6.593601165279162,7.740063283253936,7.609162866341658,7.343693770671455,6.132969640719539,6.650970725384895,8.172980194153622,5.757051458890713,7.328936226485399,7.9333428042361165,7.319192418284889,5.647044342665268,7.2935758927300505,6.633618204076217,8.084197894834883,6.581220115227107,7.626978759701077,5.752615367636263,6.8723508316801825,6.31986729905311,7.778816572989192,6.594264881081273,7.9272454417903715,6.168708796610051,8.535896651649505,7.834595263977783,7.835081473749175,6.841554394333818,6.140954872232556,6.831914891708307,6.893767379604608,6.342211534411257,6.734593905154572,7.494569117963402,6.779100244914042,6.118277562064628,7.298849778441258
0.5398527271838547,6.64828747806453,7.671779554003627,5.687368470100839,8.004929543198028,8.79362261653629,6.406820576600701,6.9907520717978695,6.421455837154778,5.891036079775055,6.55090331154086,8.105260748181319,7.045499953169884,7.212610257256346,6.911935690321468,8.617118027711639,7.041564525720343,8.012541649658722,7.479474140597627,6.886217282788242,6.619214281183404,7.463818036248347,6.891880251246866,7.478921360110671,5.51348682178529,7.503105483170233,6.7598960513233655,7.082525688672126,5.856627913487091,8.641698711172237,7.5471396228114225,8.096837686602841,6.418607488093855,7.490635132478741,5.599690041088307,6.653046961154018,7.306892931357848,6.676758318150074,8.299587045730235,5.932244563894566,6.586471379941388,6.901099672600844,7.072643395149368,5.801969466,6.807533292366241,6.9563513597564866,7.265838201023343,8.594203082125999,8.211370935814365,6.61888261150548,8.816357147411646,5.80066061279639,6.65303746172519,6.72863388350402,8.202228460931599,7.4263348747568205,6.847225180984377,5.758572578843772,6.588999003886877,6.338974326792162,6.9128001187975325,6.722736866221354,8.027980416437742,9.04207119184638,6.373539824028659,6.581331119648007,7.734756853420348,7.592174354832516,7.331886644970213,6.123477779840427,6.6706481610795905,8.170946239737674,5.743621777938931,7.334348168770825,7.939285392956704,7.32601442646534,5.6683319007159,7.286576890147974,6.6274921956807775,8.070537167795344,6.567382134282829,7.6187909297596965,5.779652480327387,6.85883148776156,6.306391340931774,7.8121807996729205,6.578429346344484,7.9218203787123,6.157059185524382,8.563662473084193,7.823904053623454,7.827083847477449,6.8690477417324445,6.125224022454761,6.862557967328293,6.884830953505139,6.327001844134396,6.71861627931587,7.477600411275508,6.7724660518404844,6.103984034601931,7.2900213023811
0.5442149540616794,6.93620855940438,7.662627084811931,5.663695814965511,8.038022372450818,8.790601692061646,6.393077042815381,6.979231346059094,6.40943891639401,5.887212643939904,6.557986908056187,8.097085911881479,7.06829948928876,7.194624470831726,6.898149432098357,8.619924389183586,7.0352440887295336,8.00070588171519,7.474497611423013,6.873013387534082,6.605323880059997,7.452838692484642,6.892626594988667,7.468921143575669,5.495736976441199,7.490152005393857,6.783910854250713,7.114565107574643,5.84669741465047,8.643622855473515,7.563921696875899,8.093505727266258,6.403705792353228,7.479623501282963,5.591517178208621,6.644749819683873,7.288160089827308,6.659199914314676,8.285656086072118,5.914822479101331,6.576912149508408,6.892018776963503,7.06166729061777,5.7801202363172814,6.802162874488616,6.9612646785236105,7.254206128235059,8.588985602335802,8.196896958654603,6.600401202148293,8.817062936333695,5.787508226204014,6.638881087154073,6.71791751528955,8.233727159202662,7.412513848541336,6.831780498537828,5.766383792984183,6.578292370312995,6.325705871577005,6.899060676772945,6.718208966940508,8.016729612238802,9.041897696104996,6.360792728901141,6.56906107401686,7.729450423586743,7.575185843323374,7.320079519268969,6.1139859189613155,6.690325596774284,8.168912285321719,5.730192096987144,7.3397601110562505,7.945227981677291,7.3328364346458,5.689619458766544,7.279577887565899,6.621366187285345,8.056876440755811,6.553544153338548,7.610603099818317,5.806689593018511,6.845312143842935,6.29291538281044,7.820804971537238,6.562593811607706,7.916395315634218,6.145409574438706,8.59142829451887,7.809844762512003,7.819086221205722,6.89654108913108,6.10895551054649,6.893201042948281,6.875894527405677,6.3117921538575334,6.7026386534771705,7.460631704587606,6.765831858766932,6.089690507139243,7.281192826320933
0.548577180939504,8.47986312398319,7.653474615620239,5.64002315983019,8.071295440222137,8.787580767587,6.379333509030063,6.967710620320319,6.397421995633244,5.874578205329924,6.542740764555956,8.08891107558164,7.091099025407645,7.176638684407111,6.884363173875254,8.622730750655538,7.028923651738717,7.988870113771653,7.4695210822483915,6.859809492279931,6.591433478936584,7.441859348720937,6.89337293873046,7.458920927040663,5.477987131097103,7.477198527617468,6.774892108196889,7.11801764067867,5.83676691581385,8.645546999774794,7.5561086708760525,8.090173767929677,6.388804096612603,7.468611870087201,5.5833443153289455,6.636452678213738,7.269427248296775,6.641641510479266,8.271725126414001,5.897400394308095,6.567701660784223,6.882937881326169,7.050691186086168,5.758271006634574,6.784834538749733,6.946956813659283,7.242574055446788,8.583768122545605,8.182422981494845,6.581919792791107,8.817768725255752,5.774355839611639,6.6247247125829585,6.707201147075088,8.265225857473737,7.39869282232584,6.816335816091275,5.75720487933602,6.567585736739124,6.312437416361841,6.885321234748353,6.713681067659662,8.00724348757373,9.04172420036362,6.348045633773633,6.556791028385711,7.724143993753155,7.558197331814232,7.308272393567725,6.1044940580822065,6.710003032468986,8.166878330905774,5.716762416035359,7.34517205334167,7.95117057039788,7.339658442826242,5.681828980867426,7.270842371192883,6.615240178889902,8.04321571371627,6.539706172394271,7.602415269876933,5.798033537878405,6.831792799924308,6.2794394246891025,7.816785278074879,6.546758276870928,7.910970252556141,6.133759963353038,8.61919411595355,7.795015937151088,7.8110885949339925,6.924034436529713,6.0926869986382135,6.9238441185682715,6.866958101306212,6.296582463580663,6.686661027638472,7.443662997899709,6.759197665693378,6.075396979676548,7.2723643502607676
0.5529394078173288,8.42054748161467,7.644322146428546,5.616350504694862,8.06791336917374,8.784559843112353,6.365589975244748,6.956189894581545,6.385405074872478,5.861943766719944,6.5274946210557125,8.080736239281793,7.098129754900291,7.158652897982491,6.87057691565215,8.625537112127484,7.022603214747903,7.977034345828119,7.4645445530737735,6.846605597025774,6.57754307781317,7.4308800049572366,6.894119282472255,7.44892071050566,5.460237285753009,7.464245049841088,6.765873362143052,7.105363765698292,5.826836416977221,8.647471144076079,7.548295644876206,8.08684180859309,6.373902400871967,7.457600238891424,5.575171452449259,6.628155536743582,7.250694406766235,6.62408310664387,8.257794166755891,5.879978309514861,6.560052671514482,6.8738569856888265,7.039715081554568,5.736421776951854,6.767506203010845,6.932648948794961,7.230941982658508,8.57855064275541,8.167949004335084,6.563438383433921,8.818474514177804,5.761203453019264,6.610568338011841,6.69648477886062,8.288512719000801,7.3848717961103585,6.800891133644722,5.748025965687863,6.556879103165236,6.299168961146681,6.871581792723764,6.7074964452284345,7.997902404734584,9.04155070462224,6.335298538646109,6.544520982754559,7.718837563919558,7.541208820305093,7.2964652678664805,6.095002197203094,6.710002890702261,8.164844376489826,5.703332735083573,7.35058399562709,7.957113159118465,7.346480451006701,5.665847198328236,7.261294828933148,6.609114170494466,8.02955498667673,6.525868191449989,7.594227439935545,5.7877782780324685,6.818273456005691,6.265963466567769,7.812765584612516,6.530922742134142,7.905545189478063,6.122110352267368,8.646959937388234,7.780187111790165,7.803090968662267,6.951527783928345,6.076418486729946,6.954487194188259,6.858021675206748,6.281372773303804,6.670683401799771,7.4266942912118115,6.752563472619827,6.060914140141289,7.263535874200605
0.5573016346951534,8.54219679806615,7.635169677236855,5.5926778495595375,8.064531298125337,8.781538918637708,6.35184644145943,6.9446691688427755,6.373388154111712,5.849309328109967,6.512248477555475,8.070048248700598,7.0838369709779885,7.140667111557875,6.856790657429041,8.628343473599427,7.016282777757088,7.965198577884592,7.4595680238991555,6.833401701771621,6.563652676689761,7.419900661193529,6.894865626214054,7.438920493970653,5.442487440408922,7.4512915720647035,6.756854616089226,7.092709890717916,5.8169059181406,8.649395288377358,7.540482618876362,8.083509849256508,6.359000705131332,7.446588607695657,5.566998589569576,6.619858395273443,7.231961565235696,6.606524702808466,8.243863207097776,5.862556224721625,6.55240368224475,6.8647760900514925,7.028738977022973,5.714572547269135,6.750177867271969,6.918341083930638,7.219309909870231,8.573333162965213,8.153475027175329,6.54495697407674,8.819180303099857,5.748051066426885,6.596411963440722,6.685768410646154,8.282945774928816,7.3710507698948735,6.785446451198173,5.7388470520396995,6.5461724695913555,6.285900505931527,6.857842350699168,6.698910183908117,7.988561321895443,9.041377208880858,6.322551443518595,6.532250937123407,7.713531134085966,7.524220308795949,7.284658142165231,6.085510336323985,6.69257423066882,8.162810422073877,5.689903054131782,7.355995937912515,7.963055747839058,7.3533024591871525,5.649865415789044,7.251747286673418,6.6029881620990345,8.015894259637196,6.512030210505706,7.586039609994164,5.777523018186523,6.804754112087064,6.252487508446432,7.808745891150152,6.5115844571296435,7.900120126399979,6.110460741181693,8.6456450893476,7.765358286429248,7.799842785265876,6.9790211313269745,6.060149974821672,6.964313725703414,6.846168340152695,6.266163083026941,6.654705775961069,7.409725584523911,6.745929279546263,6.044104505144973,7.2547073981404395
0.5616638615729781,8.71974060963108,7.626017208045163,5.569005194424215,8.061149227076935,8.778517994163066,6.338102907674113,6.933148443104,6.3613712333509405,5.836674889499986,6.497002334055238,8.059358815360271,7.069544187055684,7.122681325133254,6.843004399205935,8.631149835071382,7.0099623407662754,7.950346815927918,7.454591494724538,6.820197806517462,6.549762275566348,7.408921317429825,6.89561196995585,7.428920277435643,5.424977855063112,7.438338094288315,6.747835870035397,7.080056015737547,5.806975419303979,8.651319432678642,7.532669592876515,8.080177889919927,6.344099009390702,7.4355769764998785,5.558825726689895,6.611561253803295,7.213228723705159,6.588966298973056,8.229932247439661,5.845134139928382,6.544754692975008,6.8556951944141575,7.017762872491372,5.6927233175864265,6.7328495315330885,6.904033219066312,7.207677837081947,8.56811568317502,8.139001050015574,6.526475564719544,8.819886092021909,5.734898679834509,6.582255588869608,6.67505204243169,8.277378830856838,7.357229743679386,6.770001768751617,5.729668138391534,6.535465836017479,6.272632050716361,6.8441029086745795,6.690323922587802,7.979220239056294,9.041203713139478,6.3098043483910775,6.516166916891263,7.708224704252367,7.507231797286809,7.272851016463991,6.076018475444868,6.6751455706353635,8.160776467657922,5.676473373179994,7.361407880197934,7.968998336559642,7.360124467367604,5.633883633249855,7.242199744413683,6.596862153703594,8.002233532597657,6.498192229561427,7.57785178005278,5.767267758340585,6.791234768168442,6.2390115503250945,7.804726197687786,6.490550065116039,7.894695063321904,6.098811130096023,8.636402440605657,7.750529461068333,7.799727747495923,6.980637590024047,6.0438814629134,6.957977603851214,6.829928703076422,6.250953392750076,6.632263605139591,7.392756877836015,6.739295086472712,6.027294870148655,7.245878922080271
0.5660260884508027,6.8783237993733,7.616864738853473,5.54533253928889,8.057767156028534,8.775497069688418,6.3243593738887975,6.921627717365233,6.3493543125901715,5.824040450890001,6.481756190554997,8.048669382019964,7.055251403133379,7.1046955387086435,6.829218140982829,8.633956196543323,7.003641903775459,7.934505474892865,7.449614965549921,6.806993911263305,6.535871874442936,7.397941973666113,6.8963583136976405,7.418920060900643,5.40913892863207,7.425384616511934,6.738817123981563,7.067402140757171,5.79704492046736,8.65324357697992,7.524856566876665,8.076845930583342,6.329197313650069,7.424565345304107,5.550652863810213,6.603264112333153,7.194495882174619,6.571407895137656,8.21600128778155,5.827712055135145,6.5371057037052696,6.846614298776814,7.006786767959771,5.67087408790371,6.715521195794211,6.889725354201989,7.196045764293671,8.562898203384815,8.12452707285581,6.507994155362362,8.820591880943962,5.7217462932421315,6.568099214298488,6.664335674217221,8.27181188678486,7.343408717463899,6.754557086305068,5.7204892247433765,6.524759202443598,6.259363595501204,6.83036346664999,6.681737661267477,7.969879156217149,9.041030217398095,6.297057253263566,6.4998850643744435,7.702918274418772,7.490243285777667,7.261043890762745,6.066526614565756,6.660345701000522,8.158742513241975,5.663043692228215,7.3668198224833565,7.974940925280236,7.366946475548061,5.617901850710661,7.232652202153959,6.5907361453081625,7.988572805558113,6.484354248617149,7.5696639501114005,5.757012498494647,6.777715424249817,6.2255355922037685,7.800706504225423,6.469515673102428,7.889270000243827,6.087161519010354,8.627159791863711,7.735700635707411,7.799612709725971,6.971265032287459,6.027612951005125,6.950958730578391,6.813689066000155,6.235743702473213,6.609011936574915,7.375788171148119,6.73266089339916,6.010485235152338,7.237050446020112
0.5703883153286274,8.0409479123075,7.607712269661776,5.521659884153559,8.054385084980131,8.772476145213776,6.310615840103479,6.910106991626459,6.337337391829404,5.811406012280028,6.466510047054759,8.037979948679645,7.040958619211068,7.088087324485754,6.8154318827597224,8.63676255801527,6.997321466784645,7.918664133857802,7.444638436375302,6.793790016009149,6.521981473319525,7.386962629902408,6.897104657439438,7.408919844365636,5.393300002201032,7.412431138735546,6.729798377927741,7.054748265776796,5.787114421630739,8.655167721281202,7.517043540876826,8.073513971246763,6.31429561790944,7.413553714108336,5.54248000093053,6.5949669708630125,7.175763040644085,6.553849491302259,8.202070328123433,5.810289970341915,6.529456714435534,6.837533403139481,6.995810663428177,5.649024858220993,6.698192860055328,6.8754174893376625,7.18441369150539,8.55768072359462,8.110053095696054,6.48951274600518,8.821297669866013,5.708593906649755,6.553942839727369,6.653619306002757,8.26624494271288,7.329587691248413,6.739112403858515,5.711310311095214,6.514052568869718,6.24609514028604,6.8166240246253915,6.673151399947152,7.960538073378001,9.040856721656711,6.284310158136049,6.48360321185762,7.697611844585178,7.473254774268525,7.249236765061501,6.057034753686648,6.650654411453498,8.156708558826024,5.649614011276429,7.3722317647687765,7.98088351400082,7.37376848372851,5.601920068171469,7.223104659894227,6.584610136912724,7.974912078518581,6.470516267672869,7.561476120170018,5.746757238648705,6.764196080331193,6.212059634082433,7.796686810763057,6.448481281088813,7.883844937165747,6.07551190792468,8.617917143121767,7.720871810346492,7.799497671956018,6.961892474550872,6.011344439096858,6.942161069051326,6.797449428923882,6.22053401219635,6.585760268010242,7.358819464460221,6.726026700325603,5.993675600156021,7.228221969959943
0.574750542206452,6.1874100175669,7.598559800470087,5.497987229018239,8.051003013931728,8.769455220739122,6.29687230631816,6.898586265887685,6.325320471068634,5.798771573670048,6.45126390355452,8.027290515339322,7.026665835288765,7.072012039171683,6.801645624536615,8.639568919487228,6.991001029793834,7.902822792822749,7.439661907200686,6.780586120754989,6.5080910721961125,7.375983286138706,6.897851001181234,7.398919627830626,5.3774610757699906,7.39947766095917,6.720779631873909,7.042094390796417,5.777183922794113,8.657091865582483,7.509230514876978,8.070182011910179,6.299393922168813,7.402542082912563,5.534307138050853,6.586669829392861,7.157030199113548,6.536291087466853,8.188139368465317,5.7928678855486755,6.521807725165793,6.828452507502135,6.98483455889658,5.627175628538279,6.6808645243164495,6.86110962447334,7.172781618717116,8.552463243804421,8.095579118536294,6.471031336647994,8.822003458788068,5.695605136040959,6.539786465156255,6.6429029377882935,8.2606779986409,7.315766665032925,6.723667721411968,5.702131397447057,6.50334593529584,6.232826685070881,6.802884582600804,6.664565138626831,7.951196990538855,9.04068322591533,6.271563063008529,6.467321359340798,7.692305414751586,7.4562662627593825,7.237429639360257,6.047542892807533,6.640963121906473,8.154674604410072,5.63618433032464,7.3776437070542045,7.986826102721412,7.380590491908959,5.585938285632282,7.213557117634495,6.578484128517287,7.9612513514790395,6.456678286728588,7.553288290228632,5.736501978802763,6.750676736412567,6.198583675961093,7.792667117300696,6.427446889075207,7.8784198740876645,6.06386229683901,8.608674494379828,7.706042984985573,7.799382634186062,6.952519916814279,5.995075927188582,6.933363407524265,6.781209791847611,6.205324321919484,6.56250859944556,7.341850757772323,6.718720834811479,5.976865965159708,7.219393493899779
0.5791127690842768,6.61015615671703,7.589407331278394,5.474314573882918,8.047620942883327,8.766434296264475,6.283128772532839,6.887065540148914,6.313303550307874,5.7861371350600646,6.436017760054282,8.016601081999008,7.012373051366458,7.055936753857613,6.78785936631351,8.64237528095917,6.984680592803013,7.8869814517876895,7.434685378026073,6.767382225500835,6.494200671072703,7.365003942374998,6.89859734492303,7.388919411295623,5.361622149338955,7.386524183182788,6.711760885820082,7.029440515816043,5.767253423957492,8.659016009883763,7.501417488877132,8.066850052573594,6.2844922264281795,7.3915304517167915,5.526134275171164,6.5783726879227205,7.138297357583006,6.5187326836314465,8.174208408807205,5.775445800755441,6.514158735896056,6.819371611864801,6.973858454364979,5.605326398855562,6.663536188577564,6.846801759609017,7.161149545928836,8.54356225009596,8.081105141376534,6.452549927290805,8.822709247710117,5.683169494914137,6.52563009058514,6.632186569573828,8.25511105456892,7.301945638817434,6.708223038965412,5.692952483798897,6.492639301721957,6.2195582298557195,6.789145140576203,6.655978877306509,7.941855907699712,9.040509730173952,6.258815967881014,6.4510395068239745,7.686998984917994,7.43927775125024,7.225622513659012,6.038051031928423,6.631271832359444,8.152640649994122,5.622754649372859,7.383055649339619,7.992768691441998,7.387412500089414,5.569956503093091,7.20400957537476,6.572358120121853,7.947590624439504,6.442840305784311,7.545100460287251,5.726246718956825,6.7371573924939465,6.18510771783976,7.788647423838333,6.406412497061598,7.8719539487667225,6.05221268575334,8.59943184563788,7.691214159624653,7.799267596416109,6.943147359077689,5.978807415280307,6.924565745997199,6.764970154771344,6.190114631642621,6.539256930880887,7.324882051084426,6.705022191664275,5.960056330163389,7.210565017839619
0.5834749959621014,5.30567315535891,7.579338874927992,5.450641918747589,8.044061956084185,8.761842054846497,6.267072155990448,6.874390288010435,6.297832111770618,5.773502696450085,6.420771616554042,8.003677781554611,6.998080267444155,7.039861468543544,6.774073108090407,8.645181642431119,6.978023840003575,7.871140110752633,7.42671970501298,6.754178330246682,6.480310269949291,7.354024598611287,6.899343688664823,7.37891919476062,5.345616076482394,7.372665380325277,6.702685471358061,7.016786640835668,5.757322925120873,8.66094015418504,7.492771933815809,8.06176598695593,6.267191377686336,7.3805188205210195,5.517961412291483,6.570075546452572,7.11956451605247,6.501123424749667,8.160277449149088,5.757806491025707,6.506509746626323,6.810290716227464,6.962717717996847,5.583477169172843,6.646207852838688,6.832493894744693,7.149517473140557,8.531310847074801,8.065207643783655,6.432970945765865,8.82331475837392,5.670733853787317,6.509629509746391,6.621470201359356,8.24788486499122,7.288124612601954,6.692778356518862,5.683773570150734,6.481932668148081,6.2053298946378845,6.775857239046342,6.646865030660099,7.932514824860571,9.039551424093302,6.2460688727535,6.434757654307157,7.681692555084399,7.422289239741102,7.213815387957765,6.027487604298668,6.621580542812419,8.150606695578176,5.608136221144713,7.386575743188501,7.998217431649409,7.394234508269869,5.553974720553901,7.1922012043893675,6.567251945565806,7.933929897399962,6.429002324840036,7.536912630345866,5.715991459110887,6.722968884727847,6.171631759718427,7.784627730375967,6.385378105047987,7.864120461911898,6.040563074667665,8.590189196895938,7.676385334263734,7.799152558646154,6.933130649369352,5.962538903372035,6.913892783752559,6.748730517695069,6.17490494136575,6.516005262316215,7.3079133443965265,6.691323548517075,5.942309984216164,7.2000809731378705
0.5878372228399261,6.36695449190421,7.535212461973624,5.392580034505352,8.005723319429984,8.723831784225464,6.218321849746621,6.827890011330269,6.250781618533301,5.727714406676238,6.37326735900906,7.957983436385523,6.950639897563561,6.9905613853082045,6.726214240299497,8.61340125763556,6.938617183162608,7.8213931023572725,7.386720527685729,6.708073743410435,6.431524054668019,7.30857108507486,6.869311341084288,7.3341466849602295,5.29482081421042,7.324738209431907,6.658712987894831,6.969227921559178,5.7140559813288725,8.628763930716707,7.449986926043096,8.02344043344396,6.21728088795985,7.336715084171426,5.476892237794172,6.527993409377225,7.067420689498734,6.448611420239516,8.113859454940469,5.705426892609334,6.464457239245867,6.7673151702444265,6.916785336765188,5.529655670960626,6.595381793632683,6.785956565415349,7.104349870889999,8.48526666235414,8.015747793626192,6.379511324175491,8.789065784165938,5.6267341967719915,6.460477377099575,6.5772268742749285,8.207326508644888,7.241040034039677,6.64369391002008,5.647440370425208,6.438235018848013,6.157086463838257,6.731996586724657,6.603313957262568,7.889572338420048,9.004407068429286,6.199818905146097,6.386079924722007,7.641856784412197,7.3704469596502955,7.167406708466006,5.983018142459078,6.577643265368553,8.115034296015939,5.559726184913347,7.356990808088505,7.969196001581094,7.367754212223564,5.504802736945431,7.147648117011738,6.530189092854674,7.8894438027835525,6.380623968045357,7.496505173249047,5.671104037253473,6.674481399833443,6.126690161502309,7.747849222222302,6.33007822354035,7.823821643877044,5.997344768457971,8.548133564768666,7.626890314630988,7.764594417569081,6.890648316906565,5.913647904339168,6.870098633610009,6.699539888148382,6.1265936435974195,6.461984310567957,7.25634566578364,6.6428356235105,5.8905259182840215,7.156261171199303
0.5921994497177507,7.79597069188134,7.491086049019267,5.33396791937707,7.967384682775774,8.68582151360442,6.169571543502802,6.781389734650105,6.203731125295998,5.680168918366175,6.323130778469471,7.912289091216457,6.9010559872731765,6.939573418144307,6.67749580145744,8.580865778727292,6.899210526321641,7.770623419413709,7.346721350358478,6.659964623028684,6.382682549564615,7.262650328688992,6.835201316517723,7.28919820327928,5.2440255519384475,7.276811038538537,6.6147405044316105,6.921622735070779,5.66921023231228,8.595755256157283,7.407201918270388,7.98511487993198,6.167370398233365,7.290800726423042,5.433814250566772,6.484770700993862,7.013770883163074,6.396099415729369,8.065032789279925,5.653047294192964,6.421868461498398,6.723306186040049,6.870852955533532,5.472922584437764,6.543134497964043,6.736758922977545,7.05779796860533,8.438089513362893,7.966287943468731,6.326051702585119,8.75481680995796,5.57942409879373,6.411325244452765,6.531590873692484,8.166768152298552,7.1923054344474595,6.5933270007044245,5.610826653053983,6.392621081911012,6.10884303303862,6.685279697202833,6.557280770708561,7.845309910976334,8.969262712765273,6.152152731656453,6.334904464247765,7.601607673728581,7.318508310455229,7.1206552420050535,5.938548680619483,6.533015808904629,8.078080445041474,5.511316148681986,7.327405872988509,7.936920190280433,7.3396617555796535,5.453909068457878,7.103095029634116,6.484173662725732,7.840925632092531,6.331843052592151,7.453427792175389,5.625903733099243,6.625993914939045,6.07834201197072,7.708927568253885,6.274107216256869,7.78109295052566,5.950820592768691,8.503987709053108,7.577115662724702,7.729538681326187,6.8482156164304895,5.8624805691171655,6.826304483467466,6.648393868575687,6.076474105544997,6.40387649044643,7.204432677682373,6.594188324762475,5.838741852351875,7.112441369260739
0.5965616765955755,8.37718622024421,7.45220253116763,5.2753558042487905,7.929046046121566,8.647811242983384,6.120821237258972,6.734889457969935,6.156680632058679,5.632623430056113,6.2729941979298784,7.866594746047373,6.849502164571984,6.8885854509804245,6.6287773626153745,8.546377876352832,6.85980386948067,7.719853736470145,7.305331709905976,6.611855502646924,6.333841044461207,7.2167295723031195,6.8010912919511615,7.24424972159834,5.193230289666473,7.228883867645163,6.571610086890356,6.87401754858237,5.624364483295693,8.562746581597866,7.364416910497681,7.940864605285268,6.117459908506883,7.244886368674652,5.390736263339372,6.441547992610492,6.960121076827404,6.343587411219213,8.016206123619385,5.600667695776598,6.379279683750926,6.67929720183567,6.82492057430187,5.416189497914906,6.4908872022953945,6.687561280539748,7.011246066320661,8.390912364371642,7.916828093311264,6.272592080994742,8.72056783574998,5.532114000815461,6.36217311180595,6.485954873110041,8.126002726778239,7.143570834855238,6.542960091388777,5.574212935682762,6.347007144974015,6.06059960223899,6.6385628076810175,6.506860063246244,7.8010474835326304,8.93411835710126,6.107731977670811,6.283729003773518,7.56135856304497,7.266569661260159,7.073903775544098,5.897324487194421,6.488388352440692,8.041126594067006,5.462906112450621,7.29782093788851,7.904099104580339,7.311569298935747,5.403015399970317,7.058541942256495,6.438158232596781,7.792407461401502,6.283062137138956,7.410350411101731,5.577603132866966,6.577506430044639,6.029993862439133,7.669793508682505,6.218136208973393,7.7383642571742834,5.904296417079417,8.459841853337549,7.527341010818398,7.69448294508329,6.8057829159544125,5.811313233895164,6.78251033332492,6.597247849002993,6.02635456749257,6.345768670324905,7.152519689581107,6.545541026014455,5.786957786419729,7.064020153353078
0.6009239034734001,4.31404572083466,7.415417405144187,5.2167436891205154,7.890707409467367,8.60980097236235,6.072070931015146,6.688389181289774,6.109630138821363,5.585077941746056,6.222857617390277,7.820900400878304,6.797948341870793,6.837597483816535,6.580058923773312,8.51188997397837,6.820397212639703,7.669084053526583,7.261574518325753,6.56374638226517,6.284999539357799,7.17080881591725,6.766981267384599,7.199301239917393,5.142435027394495,7.180956696751796,6.529541481429738,6.826412362093962,5.5795187342791035,8.529737907038438,7.321631902724971,7.895694477206464,6.067549418780395,7.198972010926271,5.347658276111973,6.39832528422712,6.906471270491739,6.291075406709062,7.967379457958841,5.548288097360232,6.336690906003455,6.63528821763129,6.778988193070207,5.359456411392042,6.43863990662675,6.638363638101957,6.9646941640359925,8.343735215380397,7.867368243153796,6.219132459404371,8.686318861541999,5.4848039028371876,6.313020979159136,6.440318872527602,8.083112751817167,7.094836235263023,6.4925931820731275,5.53759921831154,6.301393208037022,6.012356171439353,6.591845918159205,6.456439355783931,7.756785056088922,8.898974001437233,6.067391740772357,6.232553543299275,7.521109452361359,7.214631012065096,7.0271523090831405,5.860180960784921,6.4437608959767605,8.004172743092537,5.414496076219256,7.268236002788514,7.87127801888025,7.2834768422918374,5.352121731482759,7.01398885487887,6.3921428024678395,7.743889290710478,6.234281221685746,7.366973428924968,5.528632242924281,6.5290189451502325,5.981645712907545,7.627122502122739,6.162165201689918,7.6956355638229015,5.857772241390139,8.415695997621988,7.477566358912099,7.65942720884039,6.763350215478337,5.761023204142835,6.738716183182383,6.546101829430296,5.976235029440149,6.287660850203378,7.100606701479828,6.496893727266438,5.735173720487585,7.013365453287939
0.6052861303512248,6.58117956692879,7.378632279120741,5.15813157399224,7.852368772813157,8.571790701741309,6.023320624771316,6.6418889046096075,6.062579645584054,5.537532453435995,6.172721036850691,7.775206055709224,6.746394519169596,6.7866095166526526,6.531340484931254,8.477402071603908,6.780990555798734,7.618314370583019,7.217817326745535,6.515637261883416,6.236158034254395,7.124888059531385,6.732871242818034,7.154352758236444,5.091639765122525,7.133029525858423,6.487472875969108,6.7788071756055555,5.534672985262501,8.496729232479018,7.278846894952262,7.850524349127663,6.0176389290539065,7.1530576531778784,5.304580288884566,6.355102575843757,6.852821464156069,6.238563402198908,7.918552792298297,5.495908498943855,6.294102128255983,6.591279233426905,6.733055811838545,5.302723324869179,6.3863926109581035,6.589165995664153,6.918142261751328,8.296558066389146,7.817908392996331,6.1656728378139976,8.652069887334024,5.437493804858929,6.2638688465123185,6.39468287194515,8.038840704048534,7.046101635670804,6.4422262727574795,5.500985500940312,6.255779271100022,5.964112740639718,6.545129028637386,6.406018648321615,7.712522628645211,8.86382964577322,6.027051503873906,6.181378082825032,7.480860341677743,7.162692362870024,6.980400842622188,5.820762509410239,6.3991334395128305,7.96721889211807,5.366086039987893,7.238651067688519,7.838456933180152,7.255384385647929,5.301228062995197,6.9694357675012455,6.346127372338887,7.695371120019458,6.185500306232544,7.320173424729589,5.479661352981605,6.480531460255834,5.933297563375954,7.584451495562962,6.106194194406439,7.652906870471525,5.81124806570086,8.371550141906427,7.427791707005806,7.6243714725975,6.720917515002255,5.711758099184408,6.69492203303984,6.4949558098576,5.92611549138773,6.229553030081848,7.0486937133785625,6.448246428518413,5.68338965455544,6.96271075322281
0.6096483572290494,5.58276421721299,7.341847153097301,5.099519458863961,7.814030136158951,8.533780431120276,5.974570318527496,6.59538862792944,6.015529152346741,5.489986965125929,6.122584456311097,7.729511710540149,6.694840696468398,6.735621549488763,6.482622046089189,8.442914169229448,6.741583898957765,7.567544687639457,7.174060135165319,6.467528141501659,6.18731652915099,7.078967303145512,6.697770615997331,7.109404276555502,5.040844502850551,7.085102354965053,6.445404270508497,6.731201989117151,5.489827236245914,8.463720557919594,7.236061887179552,7.805354221048858,5.967728439327424,7.107143295429496,5.2615023016571705,6.311879867460392,6.799171657820413,6.186051397688759,7.869726126637761,5.443528900527488,6.25151335050851,6.54727024922253,6.687123430606888,5.24599023834632,6.33414531528946,6.539968353226359,6.8715903594666585,8.2493809173979,7.768448542838866,6.112213216223628,8.617820913126046,5.3901837068806575,6.214716713865505,6.349499021876694,7.992247236364968,6.997396055399273,6.3918593634418315,5.464371783569092,6.210165334163026,5.915869309840086,6.498412139115569,6.3555979408593055,7.668260201201508,8.82675093668347,5.9867112669754565,6.130202622350787,7.440611230994134,7.110753713674957,6.933649376161235,5.7768993687832575,6.354505983048895,7.9302650411436035,5.317676003756528,7.209066132588526,7.805635847480063,7.227291929004012,5.25033439450764,6.924882680123625,6.3001119422099405,7.646852949328427,6.136719390779339,7.273373420534209,5.430690463038925,6.432043975361428,5.883257923155174,7.541780489003195,6.05022318712296,7.610178177120143,5.764723890011591,8.32740428619087,7.378017055099511,7.589315736354602,6.678484814526183,5.662492994225969,6.6511278828972955,6.443809790284903,5.875995953335304,6.171445209960317,6.996780725277297,6.399599129770392,5.6316055886232945,6.91205605315768
0.6140105841068741,8.3504339856346,7.305062027073856,5.041263648462612,7.775691499504744,8.49577016049924,5.925820012283668,6.548888351249279,5.9684786591094285,5.442441476815863,6.072447875771501,7.683817365371076,6.643286873767205,6.68463358232488,6.433903607247126,8.40842626685499,6.702177242116797,7.51677500469589,7.1303029435851,6.4194190211199045,6.138475024047579,7.033046546759641,6.661373566780738,7.0644557948745526,4.990049240578577,7.037175184071682,6.403335665047869,6.683596802628745,5.444981487229331,8.430711883360171,7.193276879406837,7.760184092970051,5.91781794960094,7.061228937681109,5.218424314429767,6.269070252250024,6.745521851484743,6.133539393178606,7.820899460977217,5.391149302111119,6.208924572761036,6.503261265018144,6.641191049375231,5.189257151823459,6.281898019620815,6.4907707107885555,6.825038457181999,8.202203768406653,7.718988692681397,6.058753594633256,8.583571938918064,5.342873608902388,6.165564581218689,6.304596264980011,7.945653768681399,6.955798129075342,6.341492454126179,5.427758066197866,6.164551397226032,5.867625879040453,6.451695249593745,6.305177233396991,7.6239977737577975,8.789312780741128,5.946371030077005,6.079027161876537,7.400362120310519,7.058815064479894,6.886897909700274,5.7333092621917245,6.309878526584967,7.893311190169132,5.269265967525159,7.1794811974885295,7.7728147617799594,7.199199472360105,5.19944072602008,6.880329592746008,6.254096512080999,7.598334778637404,6.085977106989999,7.226573416338825,5.381719573096241,6.383556490467024,5.8326177169696765,7.49910948244342,5.994252179839479,7.567449483768772,5.7181997143223136,8.283258430475309,7.32824240319321,7.554260000111705,6.636052114050101,5.613227889267542,6.6073337327547526,6.392663770712211,5.825876415282883,6.113337389838795,6.944867737176031,6.350951831022367,5.579821522691152,6.861401353092542
0.6183728109846988,6.90980057646115,7.268276901050417,4.984547253320453,7.737352862850538,8.457759889878204,5.877069706039842,6.502388074569115,5.921428165872119,5.394895988505803,6.02231129523191,7.638123020201996,6.589434216632591,6.63364561516099,6.385185168405068,8.373938364480525,6.662770585275831,7.466005321752328,7.086545752004879,6.371309900738145,6.089633518944171,6.987125790373777,6.624976517564153,7.017381995647522,4.939253978306599,6.9892480131783135,6.361267059587253,6.63599161614034,5.400135738212735,8.397703208800749,7.150491871634128,7.7150139648912495,5.8679074598744565,7.015314579932725,5.175346327202367,6.232933864861824,6.691872045149079,6.081027388668451,7.772072795316668,5.338769703694757,6.166335795013562,6.459252280813768,6.595258668143571,5.132524065300595,6.229650723952173,6.441573068350767,6.778486554897325,8.155026619415406,7.669528842523932,6.005293973042877,8.549322964710088,5.295563510924129,6.1164124485718725,6.259693508083318,7.8990603009978235,6.914200202751406,6.291125544810534,5.391144348826645,6.11893746028903,5.819382448240818,6.404978360071934,6.253413864461524,7.579735346314091,8.751874624798779,5.906030793178553,6.027851701402298,7.360113009626902,7.006876415284828,6.840146443239326,5.691341744304832,6.265251070121036,7.856357339194667,5.220855931293794,7.1498962623885305,7.739993676079874,7.171107015716198,5.148547057532523,6.8357765053683845,6.20808108195205,7.5498157462336435,6.033541465207284,7.179773412143442,5.332748683153562,6.336642547531563,5.781977510784177,7.456438475883653,5.938281172556001,7.52472079041739,5.671675538633041,8.239112574759755,7.278467751286917,7.519204263868809,6.592426632565856,5.563962784309115,6.563539582612211,6.341517751139516,5.775756877230461,6.055229569717265,6.8929547490747645,6.302304532274349,5.528037456759008,6.810746653027409
0.6227350378625235,4.4811777885899,7.231491775026977,4.927830858178292,7.6990142261963355,8.419749619257162,5.828319399796019,6.455887797888947,5.8743776726348065,5.347350500195738,5.972174714692312,7.5924286750329175,6.534249192932212,6.582657647997095,6.336466729563005,8.33945046210607,6.623363928434864,7.415235638808766,7.0427885604246585,6.323200780356384,6.040274172071985,6.941205033987909,6.588579468347565,6.968803543513865,4.888458716034627,6.941320842284938,6.319198454126625,6.588386429651935,5.355289989196145,8.364694534241327,7.10770686386142,7.669843836812446,5.817996970147966,6.969400222184338,5.1322683399749645,6.196797477473627,6.6382222388134124,6.028515384158303,7.72324612965613,5.286390105278383,6.123747017266095,6.4152432966093835,6.549326286911906,5.075790978777738,6.177403428283526,6.392375425912963,6.731934652612664,8.107849470424158,7.620068992366467,5.951834351452506,8.515073990502108,5.2482534129458625,6.067260315925057,6.21479075118663,7.85246683331425,6.872602276427477,6.240758635494877,5.354530631455424,6.073323523352034,5.771139017441183,6.358261470550113,6.200736014902279,7.535472918870378,8.714436468856437,5.865690556280106,5.9766762409280485,7.319863898943294,6.95493776608976,6.79339497677837,5.649374226417944,6.220623613657106,7.819403488220197,5.172445895062431,7.120311327288535,7.70717259037978,7.143014559072288,5.094131106861681,6.791223417990763,6.1620656518231,7.499049930486069,5.98110582342456,7.132973407948059,5.283777793210878,6.290049983728009,5.731337304598692,7.413767469323881,5.8823101652725205,7.481992097066009,5.625151362943761,8.194966719044194,7.228693099380613,7.484148527625911,6.543424160207585,5.514697679350688,6.519745432469665,6.2903717315668235,5.724649481202612,5.997121749595734,6.841041760973492,6.251723254145491,5.476253390826861,6.760091952962276
0.6270972647403481,7.32648030309772,7.194706649003537,4.871114463036132,7.660675589542135,8.38066035477952,5.779569093552189,6.409387521208782,5.827327179397497,5.299805011885675,5.922038134152726,7.546734329863846,6.479064169231835,6.531669680833212,6.287748290720939,8.304962559731605,6.583957271593894,7.3644659558652,6.999031368844441,6.275091659974631,5.987839577874947,6.895284277602041,6.552182419130982,6.920225091380207,4.837663453762652,6.893393671391572,6.27712984866601,6.538594413669352,5.310444240179554,8.331685859681906,7.064921856088712,7.624673708733641,5.768086480421483,6.923485864435952,5.0891903527475595,6.160661090085429,6.584572432477745,5.97600337964815,7.674419463995586,5.234010506862015,6.081158239518626,6.371234312405008,6.503393905680249,5.019057892254875,6.125156132614877,6.343177783475169,6.685382750327997,8.060672321432907,7.570609142209006,5.898374729862136,8.48082501629413,5.200943314967599,6.018108183278245,6.169887994289944,7.8068353175863185,6.831004350103548,6.19039172617923,5.317916914084196,6.027709586415043,5.7228955866415525,6.311544581028301,6.14805816534303,7.491210491426673,8.673612337567567,5.825350319381655,5.925500780453805,7.279614788259683,6.902999116894689,6.746643510317416,5.607406708531057,6.175996157193176,7.782449637245732,5.12403585883107,7.090726392188536,7.674351504679687,7.114922102428383,5.039623192431476,6.746670330613135,6.116050221694153,7.448284114738498,5.928670181641837,7.086173403752681,5.2348069032682,6.243457419924453,5.680697098413194,7.371096462764111,5.826339157989046,7.439263403714633,5.5786271872544875,8.150820863328633,7.178918447474322,7.449092791383017,6.494421687849314,5.46543257439225,6.475951282327125,6.23922571199413,5.67229115805214,5.939013929474209,6.789128772872222,6.200830520868966,5.4244693248947184,6.70943725289714
0.6314594916181727,4.63075968086638,7.157921522980093,4.814398067893971,7.622336952887927,8.340426287602323,5.73081878730836,6.3628872445286175,5.78027668616018,5.252259523575617,5.871901553613123,7.501039984694773,6.423879145531457,6.480681713669326,6.239029851878873,8.27047465735715,6.544550614752927,7.313696272921639,6.955274177264224,6.226982539592876,5.935404983677908,6.849363521216168,6.515785369914396,6.871646639246546,4.786868191490672,6.845466500498201,6.235061243205388,6.487409592598703,5.265598491162966,8.298677185122484,7.022136848316003,7.579503580654841,5.718175990695004,6.877571506687568,5.0458258521830635,6.124524702697229,6.5309226261420825,5.9234913751379965,7.625592798335043,5.181630908445648,6.038569461771146,6.32722532820063,6.457461524448593,4.962324805732017,6.072908836946239,6.293980141037372,6.638830848043328,8.013495172441665,7.521149292051541,5.844915108271759,8.44657604208615,5.153633216989329,5.968956050631426,6.1249852373932585,7.762131202447953,6.789406423779618,6.1400248168635825,5.281303196712973,5.9820956494780395,5.674652155841919,6.264827691506482,6.095380315783787,7.446948063982967,8.6296805553069,5.785010082483208,5.874325319979563,7.239365677576066,6.851060467699619,6.699892043856458,5.565439190644168,6.131368700729245,7.745495786271271,5.0756258225997035,7.061141457088543,7.641530418979591,7.086829645784474,4.9851152780012695,6.70211724323552,6.070034791565209,7.39740748389044,5.8762345398591185,7.039373399557304,5.186038372445978,6.196864856120897,5.630056892227689,7.328425456204343,5.770368150705563,7.396534710363256,5.532103011565209,8.106675007613076,7.129143795568027,7.414037055140123,6.445419215491046,5.416167469433823,6.432157132184579,6.188079692421433,5.619932834901666,5.880906109352681,6.737215784770961,6.149937787592447,5.372685258962572,6.658782552832011
0.6358217184959974,4.01336480260962,7.121136396956657,4.7576816727518105,7.583998316233719,8.30019222042513,5.6820684810645385,6.31638696784845,5.733226192922871,5.204714035265554,5.821764973073532,7.455345639525694,6.3686941218310835,6.4296937465054365,6.190311413036813,8.235986754982687,6.50514395791196,7.262926589978077,6.911516985684002,6.175028353288857,5.882970389480864,6.803442764830299,6.47938832069781,6.823068187112887,4.736072929218701,6.797539329604831,6.192992637744763,6.436224771528053,5.220752742146373,8.265668510563062,6.97935184054329,7.534333452576036,5.6683691637599685,6.831657148939182,4.999206283515052,6.08838831530903,6.477272819806413,5.8709793706278415,7.576766132674501,5.129251310029276,5.9959806840236745,6.283216343996245,6.411529143216929,4.905591719209151,6.020661541277587,6.244782498599578,6.59227894575866,7.966318023450415,7.47240861577981,5.791455486681383,8.412327067878172,5.106323119011058,5.919803917984615,6.080082480496569,7.717427087309582,6.747808497455691,6.089657907547933,5.244689479341741,5.936481712541045,5.62640872504228,6.218110801984665,6.042702466224532,7.402685636539256,8.585748773046227,5.7446698455847525,5.823149859505318,7.199116566892451,6.799121818504554,6.653140577395504,5.523471672757275,6.086741244265314,7.708541935296794,5.027215786368337,7.031556521988544,7.608709333279498,7.058737189140561,4.930607363571065,6.657564155857895,6.024019361436261,7.342069521065506,5.823798898076396,6.992573395361921,5.137807892617764,6.150272292317348,5.5794166860422,7.285754449644569,5.714397143422086,7.353806017011875,5.485578835875938,8.062529151897518,7.079369143661727,7.378981318897229,6.396416743132769,5.366902364475399,6.388362982042042,6.136933672848737,5.567574511751193,5.822798289231151,6.685302796669687,6.099045054315919,5.320901193030422,6.608127852766874
0.6401839453738221,5.37389366909609,7.084351270933214,4.700965277609652,7.545659679579511,8.259958153247938,5.633318174820709,6.269886691168285,5.686175699685555,5.15716854695549,5.771628392533943,7.409651294356622,6.313509098130707,6.37870577934155,6.14159297419475,8.20149885260823,6.465737301070994,7.2121569070345135,6.867759794103783,6.120511559815195,5.830535795283827,6.75752200844443,6.44299127148122,6.774489734979228,4.685277666946728,6.749612158711458,6.1509240322841485,6.3850399504574025,5.175906993129786,8.23265983600364,6.9365668327705805,7.489163324497233,5.620341475970496,6.785742791190792,4.952586714847039,6.052251927920833,6.4236230134707535,5.818467366117692,7.5279394670139625,5.076871711612907,5.953391906276204,6.2392073597918705,6.365596761985267,4.848858632686287,5.968414245608945,6.195584856161782,6.545727043473998,7.919140874459168,7.424832476268914,5.737995865091015,8.37807809367019,5.059013021032793,5.8706517853378015,6.035179723599876,7.672722972171212,6.706210571131757,6.039290998232282,5.208075761970524,5.890867775604047,5.5781652942426545,6.171393912462847,5.990024616665287,7.358423209095552,8.54181699078556,5.7043296086863045,5.7719743990310715,7.15886745620884,6.747183169309486,6.6063891109345505,5.48150415487039,6.042113787801388,7.671588084322329,4.97880575013698,7.001971586888549,7.575888247579409,7.030644732496654,4.876099449140862,6.613011068480275,5.978003931307312,7.2867315582405725,5.771363256293672,6.945773391166535,5.089577412789556,6.10367972851379,5.528776479856704,7.243083443084805,5.6584261361386075,7.3110773236604985,5.43905466018666,8.018383296181955,7.029594491755433,7.3439255826543315,6.3474142707744985,5.3176372595169665,6.344568831899492,6.085787653276042,5.51521618860072,5.764690469109621,6.633389808568424,6.048152321039401,5.269117127098282,6.557473152701743
0.6445461722516468,6.22028196034695,7.047566144909774,4.644248882467489,7.507321042925304,8.219724086070741,5.584567868576883,6.223386414488119,5.639125206448248,5.109623058645428,5.7214918119943485,7.3639569491875445,6.258324074430326,6.327717812177662,6.092874535352696,8.165632284875864,6.426330644230022,7.161387224090946,6.824002602523564,6.06599476634153,5.778101201086785,6.711601252058561,6.406594222264631,6.725911282845567,4.63448240467475,6.701684987818092,6.1088554268235296,6.333855129386748,5.131061244113188,8.199651161444214,6.893781824997874,7.443993196418425,5.572313788181013,6.739828433442405,4.905967146179028,6.0161155405326365,6.369973207135091,5.765955361607539,7.479112801353417,5.024492113196537,5.910803128528734,6.1938835011787425,6.3196643807536095,4.792125546163428,5.916166949940301,6.1463872137239814,6.499175141189327,7.871963725467919,7.377256336758007,5.684536243500639,8.343829119462214,5.009567141923446,5.821499652690981,5.990276966703191,7.62801885703285,6.664612644807824,5.988924088916637,5.171462044599298,5.845253838667047,5.5299218634430165,6.1246770229410314,5.93734676710604,7.314160781651844,8.497885208524892,5.663989371787853,5.7207989385568245,7.118618345525231,6.695244520114419,6.559637644473593,5.439536636983502,5.997486331337455,7.634634233347865,4.930395713905613,6.972386651788551,7.538733577449173,7.0025522758527385,4.821591534710659,6.568457981102647,5.931988501178368,7.23139359541563,5.718927614510953,6.898973386971154,5.04134693296134,6.05708716471024,5.478136273671208,7.200412436525033,5.602455128855128,7.268348630309115,5.392530484497389,7.975971503035578,6.979819839849137,7.308869846411439,6.298411798416221,5.268372154558533,6.300774681756953,6.0346416337033455,5.462857865450244,5.706582648988096,6.58147682046715,5.997259587762876,5.217333061166137,6.506818452636607
0.6489083991294714,5.32677265810882,7.010781018886334,4.587532487325328,7.468552518525393,8.179490018893551,5.535817562333053,6.1768861378079505,5.592074713210935,5.062077570335369,5.6713552314547515,7.318262604018464,6.203139050729946,6.276729845013774,6.04415609651063,8.127667645218398,6.3869239873890535,7.110617541147382,6.780245410943346,6.0114779728678664,5.725666606889752,6.66568049567269,6.370197173048047,6.677332830711904,4.583687142402781,6.653757816924717,6.0667868213629035,6.282670308316107,5.0862154950966,8.166642486884797,6.850996817225165,7.398823068339624,5.524286100391536,6.693914075694026,4.859347577511018,5.979979153144438,6.316323400799425,5.71344335709739,7.430286135692877,4.972112514780171,5.868214350781259,6.146398213620778,6.273731999521946,4.735392459640564,5.863919654271659,6.0971895712861865,6.452623238904669,7.824786576476671,7.3296801972471135,5.631076621910269,8.309580145254237,4.960086466282191,5.772347520044167,5.945374209806501,7.583314741894475,6.623014718483885,5.938557179600988,5.134848327228081,5.802714417076882,5.481678432643387,6.077960133419213,5.8851175933214614,7.269898354208137,8.453953426264222,5.6236491348894075,5.669623478082583,7.078369234841613,6.643305870919349,6.512886178012642,5.3975691190966115,5.95285887487352,7.5976803823733965,4.881985677674249,6.942801716688552,7.499588245814214,6.9744598192088345,4.767083620280452,6.5239048937250255,5.8859730710494205,7.176055632590697,5.666491972728235,6.852173382775774,4.993116453133128,6.010494600906689,5.427496067485714,7.157741429965258,5.546484121571657,7.225619936957738,5.346006308808113,7.933705217556363,6.93004518794284,7.273814110168541,6.249409326057953,5.219107049600103,6.256980531614406,5.983495614130654,5.4104995422997755,5.648474828866571,6.529563832365883,5.946366854486355,5.165548995233992,6.4561637525714755
0.6532706260072961,7.2698829224399,6.973995892862885,4.530816092183169,7.423958392636834,8.13925595171636,5.487067256089235,6.13038586112779,5.545024219973622,5.014532082025306,5.621218650915161,7.272568258849393,6.147954027029565,6.225741877849886,5.993723811658715,8.089703005560922,6.3475173305480865,7.059847858203822,6.7364882193631255,5.956961179394199,5.673232012692709,6.619759739286827,6.33380012383146,6.62875437857824,4.532891880130801,6.6058306460313485,6.024718215902284,6.231485487245459,5.041369746080003,8.133633812325371,6.80821180945245,7.353652940260825,5.4762584126020615,6.647999717945633,4.81272800884301,5.943842765756242,6.262673594463755,5.660931352587239,7.3814594700323335,4.919732916363789,5.825625573033788,6.098912926062821,6.229586789869501,4.678659373117705,5.811672358603005,6.047991928848386,6.406071336619996,7.777609427485422,7.282104057736213,5.577617000319891,8.275331171046261,4.910605790640931,5.723195387397355,5.901021656906581,7.538610626756108,6.581416792159958,5.888190270285333,5.098234609856856,5.763806552148329,5.433435001843752,6.031243243897396,5.834314287153617,7.225635926764426,8.410021644003548,5.583308897990954,5.61844801760834,7.038120124158004,6.591367221724289,6.466134711551685,5.355601601209724,5.908231418409591,7.560726531398932,4.8335756414428825,6.913216781588562,7.460442914179241,6.94636736256492,4.712575705850245,6.473399735902429,5.839957640920471,7.120717669765758,5.614056330945511,6.805373378580396,4.944885973304916,5.963902037103131,5.376855861300217,7.115070423405491,5.490513114288171,7.182891243606364,5.299482133118837,7.891438932077148,6.880270536036548,7.238758373925643,6.200406853699678,5.169841944641673,6.213186381471866,5.9323495945579605,5.3581412191493,5.590367008745038,6.477650844264615,5.89547412120983,5.113764929301844,6.405509052506344
0.6576328528851207,6.15003586969661,6.937210766839448,4.4740996970410105,7.379364266748287,8.099021884539162,5.438316949845409,6.08388558444762,5.497973726736309,4.966986593715246,5.5710820703755735,7.226873913680316,6.092769003329187,6.174753910685999,5.941573051345297,8.051738365903452,6.307822276923731,7.009078175260255,6.692731027782907,5.902444385920539,5.620797418495669,6.573838982900951,6.29740307461488,6.580175926444587,4.48209661785883,6.557903475137979,5.982649610441658,6.180300666174805,4.996523997063417,8.100625137765949,6.765426801679746,7.308482812182019,5.4282307248125825,6.602085360197256,4.766108440175001,5.90770637836804,6.209023788128091,5.608419348077085,7.332632804371794,4.867353317947428,5.783036795286314,6.051427638504862,6.1903046100740395,4.621926286594843,5.759425062934369,5.998794286410591,6.359519434335331,7.730432278494175,7.234527918225312,5.524157378729525,8.24108219683828,4.861125114999685,5.674043254750537,5.854304364667684,7.493906511617738,6.539818865836027,5.837823360969687,5.061620892485626,5.72489868721978,5.385191571044115,5.984526354375578,5.78351098098578,7.1813734993207134,8.366089861742884,5.542968661092507,5.56727255713409,6.997871013474396,6.53942857252922,6.419383245090726,5.313634083322833,5.863603961945666,7.523772680424462,4.785165605211516,6.883631846488562,7.421297582544278,6.918274905921012,4.658067791420043,6.422596055979801,5.793942210791531,7.06675981911003,5.561620689162794,6.75857337438501,4.896655493476699,5.917309473299576,5.326215655114721,7.07239941684572,5.4345421070046935,7.140162550254985,5.252957957429557,7.849172646597936,6.8304958841302446,7.203702637682748,6.151404381341405,5.1205768396832445,6.16939223132932,5.881203574985266,5.30578289599883,5.532259188623512,6.4257378561633445,5.844581387933316,5.0619808633696985,6.354854352441211
0.6619950797629455,4.67629893923612,6.898457314935101,4.417383301898844,7.334770140859731,8.05878781736197,5.389566643601579,6.037385307767453,5.450923233498998,4.919441105405179,5.5209454898359684,7.181179568511242,6.037583979628807,6.123765943522107,5.889422291031881,8.013773726245981,6.262244057889336,6.958308492316696,6.648973836202688,5.847927592446876,5.568362824298621,6.527918226515084,6.260219430909284,6.531597474310922,4.431301355586856,6.509976304244606,5.94058100498104,6.129115845104159,4.951678248046825,8.067616463206527,6.722641793907033,7.263312684103214,5.380203037023106,6.556171002448855,4.719488871506986,5.871569990979841,6.155373981792425,5.555907343566934,7.2838061387112525,4.814973719531059,5.740448017538844,6.003942350946907,6.15102243027858,4.565193200071982,5.70717776726572,5.949596643972791,6.312967532050659,7.683255129502929,7.186951778714414,5.470697757139146,8.2068332226303,4.811644439358433,5.624891122103723,5.805079117446548,7.449202396479371,6.498220939512093,5.78745645165404,5.025007175114408,5.68599082229123,5.336948140244485,5.9378094648537605,5.732707674817941,7.1371110718770066,8.322158079482213,5.502628424194049,5.516097096659846,6.957621902790779,6.48748992333415,6.372631778629772,5.2716665654359485,5.818976505481734,7.486818829449999,4.736755568980149,6.854046911388568,7.382152250909307,6.890182449277104,4.60355987698984,6.371792376057176,5.74792678066258,7.013291706381584,5.509185047380072,6.711773370189627,4.848425013648488,5.870716909496026,5.275575448929224,7.029728410285948,5.378571099721214,7.0974338569036055,5.20643378174028,7.806906361118718,6.780721232223949,7.168646901439852,6.10240190898313,5.071311734724811,6.12559808118678,5.8300575554125675,5.253424572848348,5.474151368501985,6.373824868062078,5.793688654656791,5.010196797437562,6.304199652376075
0.6663573066407701,5.56714576584307,6.855530224530731,4.360666906756689,7.290176014971178,8.018553750184774,5.34081633735775,5.990885031087295,5.403872740261685,4.871895617095121,5.470808909296384,7.135485223342168,5.982398955928424,6.072777976358224,5.83727153071847,7.97580908658851,6.216665838854943,6.907538809373135,6.60521664462247,5.793410798973214,5.515928230101586,6.481997470129219,6.217688204382394,6.483019022177266,4.380506093314882,6.462049133351236,5.898512399520421,6.077931024033512,4.906832499030238,8.034607788647108,6.6798567861343265,7.218142556024412,5.332175349233632,6.510256644700478,4.6728693028389765,5.835433603591645,6.101724175456763,5.503395339056785,7.234979473050709,4.762594121114691,5.697859239791372,5.956457063388948,6.111740250483122,4.508460113549126,5.655980785859624,5.900399001534992,6.266415629765994,7.636077980511682,7.139375639203513,5.417238135548774,8.17258424842232,4.762163763717184,5.575738989456907,5.755853870225413,7.4044982813410005,6.456623013188162,5.737089542338388,4.988393457743183,5.647082957362677,5.288704709444852,5.89109257533195,5.6819043686500965,7.092848644433299,8.278226297221547,5.462288187295604,5.464921636185606,6.917372792107168,6.435551274139089,6.32588031216882,5.229699047549054,5.774349049017802,7.449864978475535,4.688345532748792,6.824461976288567,7.343006919274345,6.862089992633199,4.549051962559638,6.320988696134551,5.701911350533637,6.959823593653142,5.456749405597349,6.664973365994252,4.8001945338202745,5.824124345692474,5.224935242743729,6.987057403726178,5.3226000924377335,7.054705163552224,5.159909606051005,7.764640075639503,6.730946580317653,7.133591165196954,6.05339943662486,5.022046629766386,6.081803931044237,5.778911535839875,5.2010662496978854,5.416043548380458,6.321911879960807,5.742795921380265,4.95944873362801,6.253544952310941
0.6707195335185948,6.06815846059156,6.812603134126362,4.3039505116145245,7.245581889082625,7.978319683007581,5.292066031113924,5.944384754407126,5.356822247024371,4.824350128785053,5.420672328756785,7.0897908781730905,5.927213932228053,6.0217900091943415,5.785120770405048,7.9378444469310425,6.171087619820553,6.856769126429573,6.561459453042249,5.738894005499555,5.463493635904543,6.436076713743351,6.175156977855511,6.434440570043608,4.329710831042901,6.414121962457871,5.856443794059797,6.026746202962859,4.8619867500136404,8.00159911408768,6.637071778361615,7.172972427945612,5.284147661444157,6.464342286952091,4.626249734170966,5.799297216203444,6.048074369121097,5.450883334546627,7.186152807390166,4.710214522698318,5.655270462043899,5.908971775830986,6.072630889985754,4.451727027026254,5.605596222369381,5.851201359097199,6.219863727481329,7.588900831520427,7.091799499692612,5.363778513958404,8.138335274214338,4.712683088075926,5.526586856810093,5.706628623004285,7.35979416620263,6.415025086864229,5.686722633022742,4.951779740371959,5.608175092434128,5.240461278645216,5.8443756858101334,5.631101062482256,7.048586216989591,8.234294514960874,5.421947950397152,5.413746175711361,6.8771236814235515,6.383612624944016,6.279128845707866,5.187731529662168,5.729721592553872,7.4129111275010615,4.639935496517427,6.794048562150939,7.3038615876393695,6.83399753598929,4.494544048129429,6.270185016211921,5.655895920404687,6.906355480924696,5.404313763814629,6.618173361798869,4.751964053992067,5.777531781888914,5.174295036558229,6.944386397166407,5.266629085154262,7.011976470200846,5.113385430361729,7.722373790160288,6.6811719284113575,7.098535428954062,6.004396964266586,4.972781524807951,6.038009780901694,5.727765516267176,5.14870792654741,5.357935728258931,6.269998891859539,5.691903188103745,4.90952737411436,6.2028902522458065
0.6750817603964194,8.21383229815729,6.769676043721992,4.247234116472366,7.200987763194076,7.938085615830388,5.243315724870102,5.897884477726959,5.309771753787063,4.776804640474994,5.3705357482171925,7.0440965330040175,5.872028908527675,5.970802042030449,5.732970010091635,7.899879807273574,6.125509400786155,6.805999443486004,6.517702261462029,5.684377212025889,5.411059041707507,6.390155957357482,6.132625751328622,6.3858621179099435,4.278915568770932,6.366194791564498,5.814375188599172,5.975561381892213,4.817141000997051,7.968590439528259,6.594286770588908,7.127802299866803,5.236119973654677,6.418427929203708,4.5796301655029525,5.76316082881525,5.994424562785433,5.398371330036474,7.1373261417296225,4.657834924281948,5.612681684296426,5.861486488273034,6.034094995114307,4.394993940503404,5.555211658879128,5.802003716659401,6.173311825196667,7.541723682529187,7.04422336018171,5.310318892368028,8.104086300006363,4.663202412434679,5.477434724163276,5.657403375783153,7.315090051064265,6.373427160540296,5.636355723707085,4.915166023000736,5.5692672275055735,5.192217847845587,5.797658796288307,5.580297756314424,7.004323789545886,8.190362732700203,5.381607713498699,5.362570715237117,6.836874570739939,6.331673975748948,6.232377379246911,5.145764011775284,5.685094136089941,7.375957276526593,4.591525460286063,6.761126821531167,7.264716256004404,6.805905079345373,4.440036133699226,6.219381336289299,5.6098804902757395,6.852887368196256,5.3518781220319065,6.571373357603485,4.703733574163855,5.730939218085364,5.123654830372736,6.901715390606635,5.210658077870781,6.9692477768494685,5.064905222875197,7.680107504681071,6.631397276505064,7.063479692711164,5.955394491908318,4.923516419849523,5.994215630759145,5.676619496694485,5.0963496033969315,5.2998279081374,6.218085903758272,5.6410104548272235,4.859606014600696,6.152235552180672
0.6794439872742442,6.98114766816816,6.726748953317618,4.190517721330207,7.156393637305517,7.897851548653196,5.194565418626274,5.849466789788422,5.262721260549747,4.729259152164935,5.320399167677599,6.998402187834939,5.816843884827297,5.919814074866568,5.680819249778221,7.861915167616099,6.079931181751766,6.75522976054244,6.473945069881809,5.629860418552226,5.358624447510468,6.344235200971611,6.090094524801736,6.3372836657762806,4.228120306498955,6.318267620671124,5.772306583138552,5.924376560821563,4.772295251980461,7.935581764968833,6.551501762816197,7.082632171788,5.188092285865204,6.372513571455324,4.533010596834944,5.727024441427051,5.940774756449762,5.345859325526325,7.088499476069079,4.6054553258655755,5.570092906548955,5.8140012007150785,5.995559100242858,4.338260853980538,5.50482709538889,5.752806074221604,6.1267599229120036,7.494546533537936,6.9966472206708135,5.256859270777654,8.068972942610133,4.6137217367934165,5.428282591516462,5.608178128562018,7.270385935925899,6.331829234216364,5.58598881439144,4.878552305629509,5.530359362577027,5.143974417045945,5.7507195506243995,5.529494450146576,6.960061362102174,8.146430950439536,5.3412674766002555,5.311395254762868,6.796625460056328,6.27973532655388,6.185625912785958,5.103796493888387,5.6404666796260114,7.339003425552129,4.543294418251331,6.728205080911391,7.225570924369438,6.777812622701468,4.385528219269023,6.169895018501959,5.563865060146794,6.79941925546781,5.29944248024919,6.524573353408103,4.655503094335639,5.684346654281811,5.073014624187239,6.859044384046865,5.154687070587303,6.926519083498088,5.016310114348443,7.637841219201856,6.581622624598765,7.028423956468266,5.906392019550041,4.874251314891093,5.950421480616602,5.625473477121789,5.043991280246462,5.241720088015871,6.166172915657006,5.590117721550697,4.809684655087044,6.101580852115543
0.6838062141520688,7.03337020591032,6.683821862913248,4.13380132618804,7.1117995114169705,7.857617481475997,5.14581511238245,5.796982609020988,5.217134062757754,4.681713663854871,5.270262587138006,6.9565974678085105,5.761658861126919,5.868826107702673,5.628668489464802,7.823950527958634,6.034352962717366,6.704460077598877,6.43018787830159,5.575343625078559,5.306189853313429,6.29831444458574,6.047563298274851,6.2887052136426265,4.177325044226978,6.2703404497777555,5.730237977677936,5.873191739750914,4.7274495029638715,7.902573090409418,6.508716755043489,7.037462043709198,5.140064598075725,6.326599213706934,4.486391028166932,5.690888054038851,5.887124950114099,5.293347321016172,7.039672810408535,4.553075727449213,5.5275041288014775,5.766515913157116,5.957023205371411,4.281527767457678,5.454442531898644,5.703608431783809,6.080208020627333,7.447369384546693,6.949071081159916,5.203399649187285,8.028746825087714,4.564241061152165,5.37913045886965,5.558952881340887,7.225681820787532,6.290231307892437,5.535621905075789,4.841938588258288,5.491451497648476,5.095730986246318,5.701956228945817,5.478691143978741,6.91579893465847,8.102499168178872,5.3009272397018,5.260219794288624,6.756376349372709,6.227796677358812,6.138874446324998,5.061828976001505,5.595839223162081,7.302049574577664,4.496735067744729,6.695283340291617,7.186425592734468,6.749720166057558,4.331020304838814,6.120944215637918,5.517849630017845,6.745951142739364,5.247006838466463,6.477773349212722,4.60727261450743,5.637754090478255,5.022374418001747,6.816373377487097,5.098716063303824,6.883790390146711,4.964880501594105,7.595574933722644,6.5318479726924705,6.99336822022537,5.857389547191766,4.824986209932665,5.9066273304740635,5.574327457549093,4.991632957095987,5.183612267894346,6.1142599275557314,5.539224988274175,4.759763295573391,6.050926152050404
0.6881684410298935,9.40619267455131,6.640894772508876,4.07708493104588,7.067205385528413,7.817383414298804,5.097064806138616,5.744498428253541,5.171933156584222,4.634168175544805,5.220126006598409,6.917257106412906,5.706473837426538,5.81783814053879,5.576517729151383,7.785985888301158,5.9887747436829795,6.653690394655311,6.384571422502624,5.520826831604903,5.253755259116389,6.252393688199877,6.005032071747967,6.240126761508966,4.126529781955004,6.222413278884386,5.688169372217311,5.82200691868027,4.682603753947277,7.869564415849992,6.465931747270778,6.9922919156303935,5.092036910286249,6.280684855958551,4.439771459498926,5.654751666650651,5.833475143778427,5.24083531650602,6.990846144747995,4.500696129032847,5.484915351054008,5.719030625599158,5.918487310499962,4.224944761644739,5.404057968408396,5.6544107893460085,6.033656118342667,7.400192235555442,6.901494941649013,5.149940027596911,7.988520707565292,4.514760385510916,5.329978326222837,5.509727634119749,7.180977705649165,6.248633381568503,5.4852549957601395,4.8053248708870635,5.452543632719923,5.0474875554466845,5.653192907267237,5.427887837810902,6.871536507214761,8.0585673859182,5.260587002803349,5.209044333814382,6.716127238689098,6.175858028163747,6.092122979864042,5.019861458114613,5.551211766698154,7.265095723603193,4.450175717238142,6.662361599671841,7.1472802610995005,6.72162770941365,4.276512390408613,6.071993412773874,5.471834199888901,6.692483030010926,5.194571196683743,6.430973345017339,4.559042134679215,5.5911615266747035,4.971734211816242,6.773702370927322,5.042745056020345,6.841061696795334,4.9103338119840405,7.553308648243424,6.482073320786172,6.958312483982475,5.808387074833497,4.775721104974232,5.8628331803315215,5.523552977704912,4.939274633945516,5.125504447772818,6.062346939454463,5.488332254997654,4.709841936059729,6.000271451985271
0.6925306679077181,9.4760659778406,6.597967682104508,4.020368535903725,7.02261125963986,7.7771493471216155,5.048314499894796,5.692014247486103,5.126732250410683,4.586622687234742,5.169989426058817,6.877916745017301,5.651288813726163,5.766850173374899,5.524366968837969,7.748021248643689,5.9431965246485845,6.602920711711754,6.33490655840481,5.466310038131236,5.201320664919349,6.20647293181401,5.962500845221074,6.191548309375307,4.075734519683034,6.174486107991015,5.646100766756695,5.770822097609615,4.637758004930689,7.83655574129057,6.423146739498067,6.947121787551593,5.044009222496775,6.23477049821016,4.3931518908309135,5.61861527926245,5.779825337442768,5.188323311995871,6.942019479087454,4.44831653061647,5.442326573306535,5.671545338041198,5.879951415628513,4.170055014751979,5.353673404918156,5.605213146908214,5.987104216057998,7.353015086564196,6.853918802138115,5.09648040600654,7.948294590042873,4.465279709869656,5.280826193576017,5.460502386898618,7.1362735905107915,6.208449571871968,5.434888086444489,4.768711153515837,5.413635767791372,4.999244124647047,5.60442958558866,5.377084531643059,6.827274079771051,8.01463560365753,5.220246765904897,5.157868873340135,6.675878128005485,6.12391937896868,6.0453715134030865,4.977893940227727,5.506584310234217,7.228141872628724,4.403616366731548,6.62943985905207,7.108134929464529,6.693535252769737,4.222004475978409,6.023042609909828,5.425818769759957,6.6390149172824815,5.142135554901029,6.384173340821958,4.5108116548509996,5.544568962871152,4.921094005630751,6.731031364367554,4.986774048736866,6.7983330034439495,4.8557871223739735,7.511042362764214,6.432298668879875,6.923256747739577,5.759384602475216,4.726456000015801,5.8190390301889785,5.474250741948423,4.886916310795043,5.0673966276512905,6.010433951353194,5.437439521721132,4.6599205765460745,5.949616751920142
0.6968928947855428,2.80566771607839,6.555040591700137,3.963652140761565,6.978017133751307,7.73691527994442,4.99956419365097,5.639530066718661,5.081531344237146,4.5390771989246845,5.119852845519225,6.838576383621689,5.59610379002578,5.715862206211012,5.472216208524551,7.71005660898622,5.8976183056141895,6.552151028768187,6.285241694306979,5.411793244657572,5.148886070722307,6.160552175428137,5.919969618694194,6.142969857241642,4.024939257411053,6.126558937097645,5.6040321612960735,5.719637276538966,4.592912255914093,7.803547066731144,6.380361731725356,6.901951659472787,4.995981534707294,6.188856140461777,4.3465323221629,5.58247889187425,5.726175531107099,5.135811307485714,6.89319281342691,4.395936932200106,5.399737795559066,5.624060050483243,5.8414155207570655,4.115165267859229,5.303288841427911,5.556015504470418,5.9405523137733365,7.305837937572945,6.806342662627213,5.043020784416168,7.908068472520456,4.41579903422841,5.231674060929207,5.411277139677485,7.091569475372422,6.168693820888789,5.384521177128837,4.732097436144615,5.374727902862825,4.951000693847412,5.555666263910078,5.326281225475219,6.783011652327346,7.970823414365294,5.179906529006448,5.106693412865893,6.635629017321867,6.071980729773608,5.998620046942131,4.935926422340832,5.46195685377029,7.19118802165426,4.357057016224953,6.596518118432289,7.068989597829563,6.665442796125833,4.1674965615482,5.9740918070457845,5.3798033396310085,6.585546804554034,5.08969991311831,6.337373336626578,4.4625811750227875,5.497976399067588,4.8704537994452535,6.687826739131138,4.930803041453387,6.755604310092581,4.801240432763901,7.468776077284995,6.382524016973578,6.8882010114966805,5.710382130116951,4.677190895057368,5.775244880046433,5.424948506191923,4.834557987644568,5.0092888075297575,5.958520963251928,5.392346118452096,4.6099992170324215,5.8989620518550065
0.7012551216633675,8.67065194754039,6.512113501295764,3.9069357456194034,6.933423007862751,7.696681212767227,4.950813887407143,5.587045885951218,5.036330438063615,4.491531710614621,5.069724216604574,6.799236022226084,5.540918766325408,5.664874239047126,5.420065448211132,7.6720919693287515,5.852040086579803,6.501381345824626,6.2355768302091565,5.357276451183913,5.096451476525268,6.114631419042268,5.877438392167306,6.0943914051079835,3.9741439951390864,6.0786317662042775,5.561963555835449,5.668452455468321,4.5480665068975075,7.770538392171727,6.337576723952645,6.856781531393986,4.947953846917821,6.142941782713396,4.299912753494891,5.546342504486053,5.672525724771436,5.08329930297557,6.844366147766369,4.343557333783729,5.35714901781159,5.576574762925284,5.802879625885619,4.060275520966468,5.252904277937663,5.50681786203262,5.894000411488667,7.2586607885816985,6.758766523116317,4.989561162825793,7.867842354998042,4.366318358587154,5.182521928282389,5.362051892456355,7.046865360234058,6.128938069905599,5.334154267813191,4.695483718773392,5.330469951233896,4.9027572630477865,5.506902942231502,5.275477919307381,6.73845100186074,7.928727400931096,5.139566292107997,5.055517952391648,6.595379906638261,6.020042080578542,5.951868580481181,4.893958904453948,5.417329397306358,7.154234170679793,4.310497665718355,6.5635963778125195,7.029992199211999,6.637350339481916,4.1129886471180015,5.925141004181738,5.33378790950206,6.5320786918255935,5.037264271335587,6.290573332431194,4.414350695194572,5.4513838352640365,4.819813593259757,6.64315873650521,4.8748320341699065,6.712875616741195,4.746693743153835,7.426509791805784,6.332749365067278,6.853145275253787,5.661379657758676,4.627925790098945,5.731450729903889,5.3756462704354355,4.782199664494092,4.951180987408231,5.906607975150659,5.347695290115993,4.560077857518763,5.848307351789876
0.7056173485411922,4.56975819486705,6.4691864108913935,3.8502193504772446,6.8888288819742005,7.656447145590033,4.902063581163317,5.534561705183781,4.991129531890078,4.443986222304561,5.021419340867003,6.759895660830481,5.485733742625023,5.613886271883238,5.367914687897717,7.634127329671281,5.806461867545409,6.450611662881068,6.185911966111329,5.302759657710243,5.04401688232822,6.0687106626564,5.834907165640421,6.0458129529743285,3.92334873286711,6.030704595310899,5.51989495037483,5.61726763439767,4.503220757880912,7.7375297176123,6.294791716179942,6.811611403315184,4.8999261591283405,6.0970274249650025,4.253293184826881,5.510206117097858,5.618875918435769,5.030787298465411,6.795539482105823,4.291177735367362,5.314560240064119,5.529089475367324,5.764343731014172,4.0053857740737095,5.202519714447417,5.457620219594818,5.847448509203994,7.211483639590452,6.711190383605413,4.936101541235417,7.827616237475621,4.316837682945898,5.133369795635575,5.312826645235219,7.002161245095687,6.089182318922416,5.283787358497546,4.658870001402169,5.285742946922255,4.854513832248146,5.458139620552921,5.224674613139537,6.691001061529741,7.886631387496901,5.099226055209547,5.004342491917399,6.555130795954647,5.968103431383474,5.905117114020225,4.851991386567061,5.372701940842425,7.1172803197053245,4.263938315211764,6.531700331193817,6.9926788668662,6.609257882838009,4.0584807326877925,5.876190201317697,5.287772479373112,6.478610579097146,4.984828629552865,6.243773328235811,4.366120215366362,5.404791271460488,4.769173387074263,6.598490733879272,4.818861026886429,6.670146923389821,4.692147053543764,7.384243506326566,6.2829747131609865,6.818089539010891,5.612377185400407,4.578660685140513,5.687656579761343,5.326344034678946,4.729841341343618,4.893073167286706,5.854694987049389,5.303044461779881,4.510583486112945,5.797652651724735
0.7099795754190168,8.00358801573166,6.426259320487025,3.7935029553350823,6.844234756085648,7.61621307841284,4.85334314717474,5.482077524416341,4.945928625716547,4.396440733994498,4.973114465129427,6.720555299434873,5.430548718924651,5.562898304719352,5.3157639275843085,7.5961626900138155,5.760883648511012,6.3998419799375,6.136247102013503,5.248242864236584,4.991582288131185,6.022789906270533,5.79237593911353,5.997234500840666,3.872553470595135,5.982777424417532,5.477826344914204,5.56608281332702,4.458375008864325,7.704521043052877,6.252006708407226,6.766441275236374,4.851898471338868,6.05111306721662,4.206673616158869,5.474069729709661,5.565226112100111,4.978275293955256,6.74671281644528,4.238798136950995,5.271971462316646,5.481604187809368,5.725807836142721,3.9504960271809537,5.152135150957175,5.408422577157025,5.80089660691933,7.1643064905992,6.663614244094516,4.882641919645047,7.7873901199532005,4.26735700730465,5.084217662988756,5.263601398014093,6.95745712995732,6.049426567939235,5.231240847808265,4.622256284030946,5.24101594261062,4.806270401448514,5.409376298874341,5.173871306971701,6.643551121198739,7.8445353740627075,5.058885818311098,4.953167031443157,6.5148816852710345,5.91616478218841,5.858365647559271,4.810023868680169,5.328074484378495,7.080326468730858,4.217378964705174,6.500608579474119,6.955365534520399,6.581165426194104,4.0039728182575915,5.827239398453653,5.241757049244158,6.425142466368706,4.932392987770142,6.196973324040435,4.317889735538148,5.358198707656937,4.718533180888765,6.553822731253331,4.762890019602953,6.627418230038436,4.6376003639337,7.341977220847352,6.233200061254691,6.783033802767995,5.563374713042129,4.529395580182085,5.643862429618803,5.2770417989224505,4.677483018193146,4.831882573674688,5.80278199894812,5.258393633443776,4.461408735712166,5.746997951659604
0.7143418022968415,4.39077006855923,6.3833322300826545,3.73678656019292,6.799640630197096,7.575979011235643,4.806416793198538,5.429593343648896,4.90072771954301,4.348895245684436,4.924809589391855,6.68121493803927,5.375363695224265,5.511910337555458,5.263613167270886,7.558198050356345,5.7153054294766195,6.349072296993933,6.08658223791568,5.19372607076292,4.939147693934149,5.976869149884664,5.749844712586649,5.948656048707007,3.8217582083231587,5.934850253524159,5.435757739453586,5.514897992256375,4.413529259847734,7.671512368493457,6.209221700634525,6.721271147157565,4.803870783549389,6.005198709468237,4.160054047490861,5.435934033929581,5.511576305764438,4.925763289445105,6.6978861507847425,4.186418538534627,5.229382684569175,5.43411890025141,5.687271941271276,3.8956062802881943,5.1017505874669276,5.359224934719223,5.754344704634664,7.117129341607959,6.616038104583617,4.829182298054669,7.747164002430783,4.217876331663398,5.035065530341942,5.214376150792957,6.912753014818948,6.009670816956048,5.177714162971609,4.5856425666597245,5.196288938298983,4.758026970648877,5.36061297719577,5.1230680008038565,6.596101180867737,7.802439360628511,5.01854558141264,4.901991570968915,6.474632574587422,5.864226132993341,5.8116141810983075,4.768056350793283,5.283447027914561,7.043372617756389,4.170819614198573,6.4695168277544095,6.918052202174603,6.5530729695501915,3.9494649038273852,5.778288595589604,5.1957416191152195,6.371674353640262,4.879957345987422,6.1501733198450514,4.269659255709932,5.311606143853376,4.667892974703267,6.509154728627402,4.706919012319475,6.584689536687061,4.583053674323631,7.299710935368136,6.1834254093483985,6.747978066525103,5.5143722406838585,4.48013047522365,5.600068279476265,5.22773956316596,4.625124695042675,4.7706094031356,5.750875861650634,5.213742805107675,4.412233985311392,5.696343251594469
0.7187040291746661,10.7664054793896,6.34040513967829,3.680070165050764,6.7550465043085435,7.535744944058453,4.759490439222333,5.377109162881456,4.855526813369476,4.30134975737437,4.876504713654282,6.641874576643664,5.320178671523894,5.460922370391579,5.211462406957465,7.520233410698874,5.669727210442226,6.298302614050375,6.036917373817851,5.139209277289255,4.886713099737108,5.930948393498795,5.707313486059762,5.9000775965733485,3.7709629460511858,5.886923082630787,5.393689133992966,5.463713171185725,4.368683510831143,7.63850369393404,6.166436692861807,6.676101019078771,4.755843095759914,5.959284351719844,4.1104754956359955,5.3966583613652,5.457926499428775,4.873251284934957,6.649059485124196,4.1340389401182565,5.186793906821704,5.386633612693454,5.648736046399823,3.8407165333954385,5.051366023976689,5.310027292281428,5.707792802349999,7.069952192616703,6.568461965072715,4.775722676464303,7.70693788490837,4.168395656022144,4.985913397695128,5.165150903571823,6.868048899680585,5.969915065972864,5.124187478134959,4.5490288492885,5.151561933987341,4.709783539849251,5.311849655517187,5.07226469463602,6.548651240536735,7.760343347194314,4.978205344514197,4.8508161104946685,6.434383463903809,5.81228748379827,5.76486271463736,4.726088832906396,5.238819571450634,7.006418766781921,4.124260263691984,6.438425076034702,6.880738869828804,6.52498051290628,3.8949569893971825,5.729337792725565,5.149726188986273,6.318206240911814,4.827521704204702,6.103373315649671,4.221428775881729,5.265013580049826,4.617252768517777,6.464486726001463,4.650948005035997,6.541960843335682,4.528506984713556,7.257444649888919,6.136625053394721,6.712922330282202,5.465369768325589,4.4308653702652165,5.556274129333719,5.178437327409463,4.572766371892202,4.709336232596503,5.700782813609752,5.16909197677156,4.363059234910625,5.64568855152934
0.7230662560524909,3.47214986241703,6.2974780492739155,3.6233537699086007,6.710452378419994,7.495510876881263,4.712564085246124,5.326151717018264,4.810325907195942,4.253804269064313,4.828199837916713,6.602534215248054,5.264993647823507,5.409934403227686,5.159311646644055,7.482268771041402,5.624148991407831,6.247532931106809,5.987252509720029,5.084692483815595,4.834278505540064,5.885027637112928,5.6647822595328785,5.851499144439684,3.7201676837792172,5.838995911737421,5.351620528532347,5.412528350115077,4.323837761814551,7.6054950193746125,6.123651685089098,6.629818192212991,4.707815407970435,5.913369993971459,4.058192579950804,5.357382688800814,5.404276693093114,4.8207392804248,6.600232819463654,4.081659341701889,5.1442051290742326,5.339148325135492,5.610200151528382,3.7858267865026827,5.000981460486446,5.260829649843634,5.661240900065327,7.02381886261895,6.520885825561816,4.72226305487393,7.666711767385952,4.118914980380884,4.938471895220198,5.115925656350688,6.823344784542213,5.930159314989676,5.070660793298308,4.512415131917275,5.106834929675699,4.661540109049614,5.263086333838604,5.02146138846818,6.501201300205729,7.718247333760119,4.937865107615748,4.799640650020423,6.394134353220197,5.760348834603207,5.718111248176401,4.684121315019509,5.194192114986708,6.969464915807458,4.077700913185388,6.407333324315001,6.843425537483003,6.496888056262375,3.8404490749669753,5.680386989861518,5.103710758857327,6.264738128183376,4.7750860624219795,6.056573311454286,4.173198296053511,5.218421016246272,4.566612562332278,6.4198187233755215,4.594976997752515,6.499232149984303,4.473960295103496,7.215178364409707,6.093216782524911,6.6778665940393065,5.416367295967314,4.381600265306785,5.512479979191177,5.129135091652974,4.520408048741733,4.648063062057412,5.650689765568859,5.1244411484354595,4.313884484509846,5.5950338514642075
0.7274284829303155,10.0973736819289,6.254550958869541,3.5666373747664437,6.665858252531433,7.455276809704068,4.665637731269929,5.275482820830364,4.765125001022402,4.2062587807542515,4.779894962179138,6.563193853852447,5.2098086241231325,5.3589464360638015,5.107160886330635,7.43985163283318,5.578570772373442,6.196763248163248,5.9375876456222,5.030175690341932,4.781843911343024,5.839106880727054,5.622251033005989,5.802920692306021,3.6693724215072363,5.791068740844048,5.309551923071724,5.36134352904443,4.278992012797958,7.572486344815192,6.080866677316389,6.582720057077047,4.659787720180958,5.867455636223074,4.005909664265615,5.318107016236434,5.350626886757448,4.768227275914651,6.551406153803112,4.029279743285516,5.1016163513267605,5.29166303757754,5.571664256656927,3.730937039609924,4.9505968969962,5.211632007405833,5.614688997780664,6.978455927472381,6.473309686050915,4.668803433283554,7.62648564986353,4.069434304739634,4.891135453898232,5.066700409129562,6.778640669403845,5.890403564006495,5.017134108461658,4.475801414546049,5.06210792536406,4.6132966782499825,5.21432301216003,4.97065808230034,6.453751359874725,7.676151320325924,4.89752487071729,4.7484651895461845,6.35388524253658,5.708410185408144,5.670722314173834,4.6421537971326154,5.149564658522777,6.932511064832989,4.031141562678793,6.3762415725952994,6.806112205137203,6.4687955996184625,3.7859411605367734,5.631436186997474,5.05769532872838,6.211270015454933,4.722650420639263,6.0097733072589055,4.124967816225299,5.17182845244272,4.515972356146783,6.375150720749587,4.5390059904690405,6.45650345663293,4.419413605493423,7.172912078930495,6.0512813046073415,6.642810857796412,5.367364823609045,4.332335160348362,5.4686858290486375,5.079832855896478,4.46804972559126,4.586789891518324,5.600596717527979,5.079790320099345,4.264709734109077,5.544379151399072
0.7317907098081402,9.76908572645731,6.211623868465172,3.509920979624275,6.621264126642885,7.415042742526875,4.618711377293727,5.224813924642469,4.719924094848871,4.158713292444188,4.731590086441572,6.523853492456845,5.154623600422756,5.307958468899912,5.055010126017223,7.396282613773772,5.531312674635813,6.145993565219686,5.887922781524374,4.975658896868264,4.729409317145988,5.793186124341191,5.579719806479105,5.754342240172366,3.618577159235259,5.7431415699506765,5.267483317611101,5.310158707973778,4.2341462637813665,7.539477670255766,6.038081669543679,6.535621921941108,4.611760032391484,5.821541278474691,3.953626748580419,5.278831343672053,5.2969770804217795,4.715715271404499,6.50257948814257,3.9769001448691466,5.059027573579291,5.244177750019576,5.533128361785478,3.6760472927171657,4.900212333505953,5.162434364968038,5.568137095495997,6.933092992325819,6.425733546540012,4.615343811693184,7.586259532341116,4.019953629098382,4.8437990125762616,5.017475161908425,6.73393655426548,5.850647813023305,4.963607423625007,4.439187697174826,5.017380921052424,4.565053247450345,5.165559690481445,4.919854776132498,6.406301419543723,7.634055306891729,4.857184633818843,4.697289729071933,6.313636131852969,5.656471536213074,5.622057293126487,4.600186279245725,5.104937202058845,6.895557213858522,3.984582212172196,6.345149820875588,6.76879887279141,6.440703142974557,3.7314332461065662,5.582485384133427,5.01167989859943,6.157801902726487,4.670214778856539,5.96297330306352,4.076737336397089,5.12523588863917,4.465332149961289,6.330482718123647,4.4830349831855605,6.413774763281543,4.364866915883354,7.130645793451275,6.009345826689784,6.607755121553513,5.318362351250775,4.2821983614643395,5.424891678906091,5.030530620139985,4.415691402440783,4.525516720979233,5.550503669487091,5.036920231907497,4.215534983708299,5.493724451333934
0.7361529366859647,7.87603027167092,6.168696778060802,3.4532045844821244,6.5766700007543335,7.374808675349684,4.571785023317526,5.174145028454572,4.674723188675336,4.111167804134123,4.683285210703998,6.484513131061243,5.099438576722381,5.256970501736025,5.002859365703807,7.352713594714377,5.482672272480116,6.095223882276119,5.838257917426551,4.921142103394606,4.676974722948944,5.747265367955326,5.53718857995222,5.705763788038707,3.5677818969632877,5.695214399057311,5.225414712150482,5.2589738869031315,4.187556247271876,7.506468995696344,5.995296661770973,6.488523786805174,4.563732344602007,5.775626920726301,3.9013438328952352,5.239555671107671,5.243327274086116,4.663203266894348,6.45375282248203,3.924520546452781,5.016438795831821,5.196692462461626,5.494592466914034,3.621157545824416,4.849827770015712,5.113236722530241,5.521585193211336,6.887730057179253,6.378157407029114,4.56188419010281,7.546033414818697,3.9704729534571337,4.7964625712543,4.968249914687297,6.6892324391271085,5.810892062040122,4.910080738788356,4.402573979803606,4.972653916740787,4.516809816650718,5.116796368802869,4.86905146996466,6.358851479212723,7.591959293457527,4.816844396920401,4.646114268597686,6.273387021169361,5.604532887018003,5.5733922720791425,4.558218761358839,5.060309745594913,6.858603362884059,3.938022861665604,6.314058069155892,6.731485540445612,6.412610686330646,3.6769253316763626,5.533534581269385,4.965664468470488,6.104333789998042,4.61777913707382,5.916173298868139,4.0285068565688755,5.07864332483561,4.414691943775792,6.285814715497714,4.42446522792291,6.371046069930169,4.310320226273291,7.088379507972065,5.967410348772228,6.57224315804686,5.269359878892498,4.229875912618855,5.3810975287635445,4.981228384383494,4.363333079290308,4.464243550440144,5.500410621446203,4.994077157768373,4.166360233307526,5.443069751268805
0.7405151635637894,4.28877673456673,6.125769687656438,3.396488189339955,6.532075874865779,7.334574608172482,4.524858669341314,5.123476132266674,4.629522282501801,4.063622315824061,4.634980334966423,6.445172769665632,5.044253553021997,5.205982534572139,4.950708605390389,7.309144575654967,5.434031870324413,6.044454199332554,5.788593053328726,4.86662530992094,4.624540128751903,5.701344611569449,5.494657353425334,5.657185335905046,3.5169866346913103,5.64728722816394,5.18334610668986,5.207789065832482,4.137188587179192,7.473460321136921,5.9525116539982665,6.441425651669237,4.51570465681253,5.729712562977917,3.84906091721004,5.200279998543293,5.189677467750448,4.6106912623841945,6.404926156821486,3.8721409480364155,4.973850018084345,5.149207174903666,5.456056572042586,3.566267798931656,4.79944320652547,5.064039080092443,5.47503329092667,6.842367122032684,6.330581267518212,4.507444646789274,7.5058072972962835,3.9209922778158823,4.749126129932332,4.919024667466161,6.644528323988743,5.7711363110569405,4.856554053951701,4.365960262432379,4.927926912429142,4.468566385851083,5.068033047124291,4.818248163796819,6.311401538881718,7.549863280023334,4.77650416002195,4.594938808123443,6.23313791048575,5.552594237822938,5.5247272510318,4.516251243471948,5.015682289130983,6.821649511909591,3.891463511159011,6.2829663174361805,6.694172208099813,6.384518229686738,3.622417417246165,5.484583778405344,4.919649038341539,6.050865677269602,4.565343495291097,5.869373294672763,3.9802763767406635,5.032050761032053,4.364051737590299,6.241146712871772,4.365444794826813,6.328317376578792,4.255773536663224,7.04611322249285,5.92547487085466,6.531673143306631,5.220357406534223,4.177553463773364,5.337303378621002,4.931926148627004,4.310974756139834,4.402970379901052,5.450317573405314,4.951234083629247,4.117185482906749,5.392415051203671
0.744877390441614,3.41412638278831,6.0828425972520614,3.3397717941978042,6.4874817489772285,7.294340540995295,4.477932315365113,5.072807236078776,4.584321376328265,4.016076827514001,4.586675459228851,6.40583240827003,4.9890685293216235,5.154994567408246,4.898557845076977,7.265575556595569,5.385391468168708,5.993684516388997,5.738928189230898,4.81210851644728,4.572105534554869,5.6554238551835825,5.452126126898445,5.60860688377139,3.46619137241934,5.5993600572705695,5.141277501229243,5.156604244761833,4.086820927086494,7.440451646577504,5.9097266462255496,6.394327516533296,4.467676969023051,5.683798205229533,3.7967780015248485,5.16100432597891,5.136027661414784,4.558179257874041,6.356099491160945,3.819761349620042,4.93126124033687,5.101721887345706,5.417520677171137,3.5113780520388955,4.74905864303522,5.014841437654649,5.428481388642001,6.79700418688612,6.283005128007318,4.450074575092485,7.465581179773864,3.8720250323094945,4.701789688610364,4.869799420245026,6.59982420885037,5.731380560073755,4.803027369115054,4.329346545061156,4.883199908117511,4.420322955051453,5.01926972544571,4.767444857628983,6.263951598550718,7.507767266589139,4.736163923123493,4.543763347649204,6.192888799802129,5.500655588627869,5.476062229984453,4.4742837255850665,4.971054832667056,6.7846956609351246,3.844904160652418,6.25187456571648,6.656858875754014,6.356425773042826,3.5679095028159553,5.435632975541298,4.873633608212596,5.997397564541154,4.512907853508379,5.822573290477382,3.9320458969124514,4.9854581972285,4.313411531404797,6.196478710245841,4.306424361730734,6.285588683227413,4.201226847053153,7.003846937013636,5.883539392937102,6.491103128566393,5.171354934175952,4.125231014927877,5.293509228478461,4.882623912870509,4.258616432989363,4.341697209361957,5.400224525364425,4.908391009490124,4.068010732505977,5.341760351138535
0.7492396173194388,4.36774051732223,6.039915506847695,3.2830553990556366,6.442887623088671,7.254106473818101,4.431005961388914,5.022138339890875,4.539120470154729,3.968531339203942,4.53837058349128,6.36649204687442,4.933883505621246,5.10400660024436,4.846407084763561,7.222006537536164,5.336751066013008,5.942914833445435,5.68926332513308,4.757591722973609,4.5196709403578295,5.609503098797717,5.409594900371559,5.560028431637727,3.4153961101473627,5.5514328863772,5.099208895768624,5.105419423691185,4.036453266993801,7.4074429720180825,5.8669416384528414,6.347229381397354,4.419649281233581,5.637883847481149,3.7444950858396524,5.121728653414527,5.08237785507912,4.505667253363897,6.307272825500399,3.767381751203671,4.8886724625894,5.054236599787752,5.378984782299686,3.456488305146144,4.698674079544976,4.9656437952168515,5.381929486357335,6.751641251739559,6.235428988496417,4.3927045033956995,7.425355062251444,3.8283354009226924,4.6544532472883935,4.820574173023895,6.555120093712003,5.691624809090568,4.749500684278397,4.292732827689936,4.838472903805866,4.372079524251817,4.970506403767134,4.716641551461143,6.2165016582197135,7.465671253154939,4.695823686225041,4.492587887174956,6.14878780599382,5.448716939432803,5.4273972089371085,4.430650280366544,4.926427376203122,6.747741809960655,3.798344810145819,6.22078281399677,6.619545543408215,6.328333316398919,3.5134015883857517,5.386682172677255,4.827618178083645,5.9439294518127115,4.46047221172566,5.775773286281997,3.8838154170842376,4.938865633424952,4.262771325219304,6.151810707619904,4.2474039286346486,6.242859989876029,4.1466801574430825,6.961580651534415,5.8416039150195385,6.450881313343672,5.122352461817684,4.072908566082384,5.24971507833592,4.833321677114014,4.206258109838891,4.280424038822864,5.350131477323542,4.8655479353510005,4.018835982105206,5.291105651073401
0.7536018441972634,3.82046195057105,5.9969884164433225,3.2263390039134796,6.39829349720012,7.213872406640904,4.384079607412708,4.9714694437029845,4.493919563981197,3.9209858508938726,4.490065707753705,6.327151685478812,4.87869848192086,5.053018633080477,4.7942563244501395,7.1784375184767635,5.288110663857309,5.892145150501867,5.6395984610352565,4.7030749294999525,4.467236346160786,5.563582342411848,5.367063673844678,5.511449979504071,3.3646008478753853,5.503505715483825,5.057140290307999,5.05423460262053,3.986085606901111,7.374434297458658,5.8241566306801325,6.300454817993094,4.3716215934441,5.591969489732752,3.6922121701544635,5.082452980850141,5.0287280487434565,4.453155248853741,6.25844615983986,3.715002152787302,4.844966019613481,5.006751312229796,5.340448887428245,3.4015985582533865,4.6482895160547315,4.916446152779055,5.335377584072663,6.706278316592995,6.187852848985522,4.335334431698907,7.385128944729021,3.784645769535886,4.607116805966422,4.771348925802766,6.510415978573638,5.651869058107388,4.695973999441745,4.256119110318708,4.793745899494235,4.323836093452184,4.92174308208856,4.665838245293301,6.169051717888705,7.423575239720746,4.655483449326593,4.44080371864677,6.103100962680586,5.396778290237735,5.378732187889764,4.386819062133935,4.881799919739191,6.710787958986191,3.749534672338706,6.189691062277067,6.582232211062417,6.300240859755008,3.458893673955548,5.337731369813207,4.781602747954697,5.8904613390842675,4.408036569942934,5.72897328208662,3.835584937256022,4.8922730696214,4.212131119033811,6.107142704993965,4.188383495538561,6.200131296524654,4.092133467833018,6.919314366055204,5.799668437101981,6.412099138211704,5.073349989459408,4.020586117236897,5.205920928193374,4.784019441357529,4.153899786688419,4.219150868283777,5.300038429282657,4.82270486121188,3.96966123170443,5.240450951008267
0.7579640710750881,3.76219889701569,5.95406132603895,3.169622608771321,6.353699371311567,7.173638339463712,4.337153253436507,4.920800547515078,4.448718657807663,3.873440362583813,4.441760832016134,6.287811324083212,4.823513458220485,5.002030665916588,4.742105564136729,7.134868499417361,5.23947026170161,5.841375467558306,5.589933596937427,4.648558136026297,4.414801751963745,5.517661586025978,5.3245324473177815,5.462871527370405,3.313805585603415,5.455578544590453,5.015071684847375,5.003049781549883,3.935717946808417,7.341425622899237,5.781371622907422,6.2551402352673104,4.323593905654621,5.5460551319843745,3.6399292544692674,5.0431773082857605,4.975078242407784,4.400643244343586,6.209619494179318,3.6626225543709294,4.796986812777588,4.9592660246718365,5.301912992556794,3.346708811360621,4.597904952564487,4.867248510341256,5.288825681788003,6.6609153814464275,6.140276709474617,4.277964360002118,7.344902827206609,3.7409561381490812,4.559780364644454,4.7221236785816245,6.465711863435266,5.612113307124199,4.642447314605097,4.219505392947489,4.749018895182594,4.273603539565732,4.872979760409971,4.615034939125461,6.121601777557702,7.381479226286552,4.615143212428144,4.3906878404661365,6.057414119367354,5.34483964104267,5.330067166842419,4.342987843901333,4.837172463275259,6.6738341080117225,3.6999988331076725,6.154734511713736,6.544918878716622,6.2721484031111014,3.40438575952534,5.2887805669491605,4.73558731782575,5.836993226355825,4.355600928160212,5.682173277891235,3.7873544574278117,4.845680505817841,4.161490912848316,6.062474702368029,4.1293630624424775,6.157402603173276,4.0375867782229475,6.877048080575991,5.757732959184419,6.373316963079741,5.024347517101134,3.968263668391404,5.162126778050834,4.734717205601033,4.101541463537947,4.1578776977446825,5.249945381241766,4.779861787072751,3.9204864813036524,5.1897962509431315
0.7623262979529128,8.79228437228227,5.911134235634587,3.1129062136291568,6.309105245423015,7.133404272286523,4.2902268994603,4.870131651327186,4.403517751634127,3.825894874273753,4.3934559562785624,6.248470962687605,4.768328434520104,4.9510426987527,4.689954803823309,7.091299480357953,5.190829859545909,5.79060578461474,5.5402687328396,4.59404134255263,4.362367157766699,5.471740829640107,5.282001220790905,5.414293075236745,3.263010323331436,5.407651373697085,4.973003079386761,4.951864960479235,3.885350286715722,7.308416948339815,5.738586615134712,6.209825652541521,4.275566217865146,5.500140774235986,3.5876463387840785,5.003901635721382,4.921428436072122,4.348131239833433,6.1607928285187725,3.610242955954564,4.749007605941688,4.911780737113872,5.263377097685349,3.2918190644678686,4.5475203890742435,4.818050867903459,5.242273779503331,6.6155524462998585,6.092700569963715,4.220594288305328,7.304676709684191,3.6972665067622756,4.51244392332248,4.672898431360493,6.421007748296901,5.5723575561410135,4.588920629768439,4.18289167557626,4.70429189087095,4.21999568731048,4.824216438731397,4.564231632957623,6.074151837226698,7.339383212852349,4.574802975529693,4.341384593994166,6.011727276054108,5.2929009918476,5.28140214579507,4.299156625668723,4.792545006811334,6.636880257037252,3.6504629938766424,6.118267543628712,6.507605546370821,6.244055946467194,3.349877845095139,5.239829764085117,4.6895718876968076,5.783525113627378,4.303165286377498,5.635373273695855,3.7391239775995944,4.799087942014289,4.110850706662815,6.01780669974209,4.07034262934639,6.114673909821895,3.9830400886128805,6.834781795096766,5.715797481266857,6.334534787947773,4.975345044742863,3.9159412195459167,5.118332627908288,4.6854149698445395,4.049183140387472,4.0966045272055895,5.19985233320088,4.737018712933619,3.871311730902881,5.139141550877999
0.7666885248307375,2.94990896348799,5.868207145230213,3.056189818486997,6.26451111953446,7.093170205109325,4.243300545484096,4.819462755139285,4.35831684546059,3.7783493859636854,4.345151080540988,6.209130601291998,4.713143410819727,4.900054731588814,4.637804043509891,7.047730461298546,5.142189457390212,5.73983610167118,5.490603868741777,4.53952454907896,4.309932563569662,5.425820073254238,5.239469994264012,5.365714623103088,3.212215061059468,5.359724202803716,4.9309344739261345,4.900680139408586,3.8349826266230327,7.275408273780399,5.695801607362007,6.164511069815735,4.22753853007567,5.4542264164876,3.5353634230988824,4.964625963156993,4.867778629736456,4.295619235323284,6.111966162858231,3.5578633575381984,4.701028399105795,4.864295449555916,5.224841202813902,3.236929317575112,4.497135825584,4.768853225465661,5.195721877218667,6.570189511153299,6.045124430452816,4.163224216608537,7.264450592161771,3.653576875375471,4.46510748200052,4.623673184139367,6.376303633158533,5.532601805157827,4.5353939449317915,4.146277958205034,4.659564886559311,4.171378631069368,4.775453117052817,4.51342832678978,6.026701896895702,7.297287199418161,4.534462738631241,4.29208134752221,5.966040432740881,5.240962342652534,5.232737124747727,4.2553254074361115,4.7479175503474,6.599926406062785,3.6009271546456123,6.081800575543696,6.470292214025019,6.215963489823277,3.2953699306649344,5.190878961221076,4.643556457567859,5.730057000898933,4.250729644594776,5.5885732695004675,3.6908934977713805,4.752495378210737,4.060210500477325,5.973138697116154,4.011322196250301,6.07194521647052,3.9284933990028144,6.792515509617559,5.673862003349295,6.295752612815808,4.926342572384586,3.863618770700434,5.074538477765743,4.6361127340880435,3.996824817237,4.035331356666499,5.149759285159993,4.694175638794498,3.8221369805021093,5.088486850812872
0.7710507517085622,10.6515858063652,5.825280054825842,2.999473423344834,6.219916993645909,7.052936137932131,4.196374191507904,4.768793858951384,4.313115939287058,3.7308038976536286,4.2968462048034155,6.169790239896387,4.65795838711935,4.849066764424925,4.585653283196477,7.004161442239146,5.093549055234509,5.689066418727612,5.440939004643953,4.485007755605299,4.259490488380353,5.3798993168683715,5.196938767737126,5.317136170969427,3.161419798787488,5.311797031910342,4.888865868465513,4.849495318337942,3.784614966530338,7.24239959922097,5.6530165995892885,6.119196487089948,4.179510842286192,5.4083120587392095,3.4830805074136926,4.925350290592619,4.814128823400794,4.243107230813134,6.063139497197687,3.505483759121825,4.653049192269892,4.811640525720142,5.186305307942452,3.1820395706823525,4.446751262093759,4.719655583027865,5.149169974934001,6.52482657600673,5.997548290941919,4.10585414491175,7.224224474639356,3.6098872439886662,4.417771040678543,4.574447936918231,6.331599518020162,5.492846054174643,4.481867260095143,4.109664240833817,4.614837882247675,4.123416971921502,4.72668979537423,4.462625020621935,5.9792519565646955,7.255191185983966,4.494122501732796,4.242778101050243,5.920353589427637,5.189023693457466,5.18407210370038,4.211494189203508,4.703290093883471,6.562972555088326,3.5513913154145706,6.045333607458674,6.432978881679221,6.1878710331793645,3.2408620162347264,5.141928158357029,4.597541027438908,5.676588888170491,4.198294002812053,5.541773265305091,3.6426630179431703,4.705902814407182,4.009570294291826,5.928470694490219,3.9523017631542174,6.029216523119139,3.8739467093927455,6.750249224138347,5.631926525431733,6.2569704376838455,4.877340100026315,3.8112963218549387,5.0307443276232044,4.586810498331551,3.9444664940865266,3.974058186127408,5.099666237119108,4.651332564655378,3.772962230101327,5.0378321507477315
0.7754129785863868,7.97077407152375,5.78235296442147,2.9427570282026796,6.175322867757356,7.012702070754941,4.149447837531694,4.71812496276349,4.267915033113512,3.6832584093435683,4.248541329065849,6.130449878500784,4.602773363418976,4.798078797261035,4.533502522883059,6.960592423179746,5.044908653078806,5.638296735784053,5.391274140546129,4.430490962131634,4.212651230745667,5.333978560482498,5.1544075412102455,5.268557718835773,3.1106245365155125,5.263869861016975,4.846797263004889,4.798310497267294,3.7342473064376485,7.209390924661548,5.610231591816581,6.073881904364154,4.131483154496714,5.362397700990829,3.4307975917284956,4.886074618028238,4.760479017065128,4.190595226302978,6.014312831537146,3.4531041607054593,4.605069985433995,4.758863870985462,5.147769413071001,3.1271498237895985,4.396366698603514,4.670457940590072,5.102618072649335,6.479463640860165,5.949972151431023,4.048484073214966,7.183998357116935,3.562751561444152,4.370434599356582,4.525222689697104,6.286895402881793,5.453090303191456,4.42834057525849,4.073050523462593,4.570110877936033,4.07545531277363,4.677926473695654,4.411821714454098,5.931802016233698,7.2130951725497665,4.453782264834341,4.193474854578283,5.8746667461144035,5.137085044262396,5.135407082653036,4.1676629709709045,4.658662637419537,6.526018704113851,3.501855476183538,6.008866639373661,6.395665549333422,6.159540733410692,3.186354101804528,5.0929773554929865,4.551525597309965,5.623120775442051,4.145858361029336,5.494973261109706,3.594432538114958,4.657392740806212,3.9589300881063325,5.883802691864281,3.8932813300581346,5.986487829767761,3.819400019782675,6.707982938659127,5.589991047514173,6.218188262551878,4.828337627668038,3.758973873009456,4.986950177480659,4.537508262575064,3.8921081709360523,3.9127850155883195,5.0495731890782185,4.608489490516248,3.723787479700559,4.987177450682598
0.7797752054642115,8.48599209961115,5.739425874017103,2.886040633060519,6.1307287418688015,6.972468003577747,4.102521483555487,4.6674560665755935,4.222714126939985,3.6357129210335026,4.200236453328273,6.091109517105173,4.54758833971859,4.74709083009715,4.481351762569645,6.917023404120333,4.996268250923105,5.587527052840484,5.341609276448302,4.375974168657976,4.165811973110967,5.288057804096631,5.111876314683361,5.219979266702111,3.0598292742435405,5.215942690123605,4.804728657544273,4.747125676196638,3.683879646344953,7.17638225010212,5.567446584043875,6.028567321638368,4.083455466707237,5.316483343242441,3.3785146760433076,4.846798945463861,4.706829210729459,4.138083221792826,5.9654861658766025,3.4007245622890885,4.5570907785980985,4.706087216250785,5.109233518199556,3.0722600768968436,4.345111782072892,4.6212602981522695,5.056066170364665,6.434100705713599,5.902396011920122,3.991114001518171,7.143772239594513,3.513810026915669,4.3230981580346075,4.475997442475966,6.242191287743429,5.413334552208275,4.37481389042184,4.036436806091368,4.5253838736244,4.02749365362576,4.629163152017074,4.361018408286261,5.884352075902688,7.170999159115568,4.413442027935887,4.144171608106321,5.832504230626923,5.086882878653349,5.086742061605691,4.123831752738309,4.614035180955609,6.489064853139385,3.4523196369525033,5.972399671288639,6.358352216987627,6.128567238725777,3.131846187374321,5.044026552628941,4.5032576019826855,5.569652662713603,4.093422719246611,5.448173256914327,3.5462020582867444,4.605556872980011,3.908289881920835,5.839134689238342,3.834260896962049,5.943759136416381,3.7648533301726106,6.665716653179911,5.548055569596607,6.179406087419912,4.779335155309771,3.7066514241639625,4.943156027338117,4.488206026818563,3.839749847785571,3.8515118450492274,4.999480141037332,4.565646416377124,3.674612729299784,4.936522750617465
0.7841374323420361,10.0868049870152,5.696498783612724,2.8293242379183567,6.0861346159802485,6.931517058459661,4.055595129579283,4.616787170387693,4.177513220766446,3.588167432723443,4.156772107198643,6.051769155709568,4.492403316018217,4.696102862933259,4.429201002256224,6.873454385060937,4.9476278487674055,5.536757369896925,5.291944412350471,4.321457375184311,4.118972715476274,5.242137047710766,5.06934508815647,5.171400814568443,3.0090340119715684,5.168015519230235,4.762660052083648,4.695940855125992,3.6335119862522625,7.14067288166919,5.524661576271169,5.98325273891258,4.035427778917763,5.270568985494057,3.326231760358108,4.80752327289947,4.65317940439379,4.085571217282678,5.916659500216059,3.3483449638727194,4.509111571762199,4.653310561516104,5.070697623328105,3.017370330004078,4.291858812271927,4.5720626557144755,5.009514268080004,6.38873777056703,5.85481987240922,3.9337439298213797,7.103546122072095,3.4648684923871915,4.275761716712646,4.426772195254836,6.197487172605056,5.373578801225092,4.321287205585184,3.999823088720145,4.480656869312759,3.97953199447789,4.580399830338497,4.310215102118419,5.836902135571691,7.128903145681377,4.373101791037436,4.09506946782208,5.7923565587865555,5.036705489059662,5.03807704055835,4.080000534505697,4.569407724491682,6.452111002164918,3.402783797721475,5.935932703203627,6.32103888464183,6.097593744040865,3.077338272944119,4.995075749764899,4.454366000582688,5.516184549985163,4.040987077463889,5.401373252718942,3.4979715784585323,4.558120989068593,3.8576496757353373,5.794466686612412,3.775240463865962,5.901030443065007,3.710306640562541,6.623450367700695,5.506120091679049,6.140623912287947,4.730332682951499,3.6543289753184727,4.899361877195577,4.438903791062073,3.787391524635102,3.7902386745101326,4.949387092996444,4.522803342238,3.625437978899014,4.885868050552339
0.7884996592198609,8.22765164416626,5.653571693208354,2.7726078427761935,6.040944740511513,6.888431466395531,4.008668775603079,4.56611827419979,4.132312314592911,3.5406219444133784,4.1203412860023745,6.0124287943139665,4.437218292317839,4.645114895769373,4.377050241942816,6.829885366001534,4.898987446611699,5.48598768695336,5.242279548252645,4.266940581710648,4.072133457841574,5.196216291324893,5.026813861629577,5.122822362434791,2.9582387496995928,5.120088348336863,4.720591446623026,4.644756034055341,3.583144326159574,7.104801599842635,5.4818765684984525,5.937938156186791,3.987400091128288,5.224654627745673,3.2739488446729217,4.7682476003350915,4.5995295980581306,4.0330592127725255,5.867832834555515,3.2959653654563414,4.461132364926299,4.600533906781435,5.03195954796768,2.962480583111322,4.238605842470953,4.522865013276672,4.96296236579533,6.343374835420468,5.807243732898318,3.8763738581245963,7.063320004549675,3.4159269578587095,4.228425275390667,4.377546948033702,6.152783057466693,5.333823050241905,4.267760520748528,3.963209371348915,4.4359298650011185,3.9315703353300204,4.531636508659919,4.2594117959505775,5.789452195240688,7.086807132247179,4.33276155413899,4.04650238818981,5.752208886946192,4.98652809946598,4.989412019511,4.036169316273089,4.52478026802775,6.41884288808019,3.353247958490436,5.899465735118605,6.283725552296029,6.066620249355956,3.02283035851391,4.94612494690085,4.4054743991826815,5.462716437256715,3.9885514356811624,5.354573248523564,3.4497410986303194,4.511797331149088,3.807009469549844,5.7497986839864685,3.716220030769879,5.858301749713628,3.655759950952473,6.5811840822214815,5.464184613761487,6.101841737155982,4.681330210593222,3.60200652647298,4.855567727053028,4.389601555305585,3.7350332014846304,3.7289655039710414,4.899294044955558,4.479960268098879,3.5762632284982363,4.835213350487196
0.7928618860976855,8.96903300263237,5.610644602803986,2.7158914476340312,5.993515603900552,6.845345874331393,3.96174242162688,4.515449378011899,4.087111408419374,3.493076456103312,4.083910464806102,5.973088432918365,4.382033268617461,4.5941269286054895,4.324899481629395,6.786316346942131,4.8503470444560035,5.435218004009802,5.192614684154824,4.2124237882369835,4.02529420020689,5.15029553493903,4.984282635102699,5.07424391030113,2.907443487427618,5.072161177443492,4.678522841162411,4.593571212984703,3.5327766660668773,7.0689303180160845,5.4390915607257435,5.892623573461014,3.939372403338809,5.178740269997283,3.22166592898773,4.728971927770709,4.545879791722465,3.980547208262368,5.819006168894972,3.2435857670399812,4.4109518586629175,4.547757252046754,4.990590828792803,2.907590836218561,4.185352872669973,4.473667370838875,4.916410463510664,6.2980119002739015,5.75966759338742,3.819003786427807,7.023093887027264,3.3669854233302363,4.181088834068701,4.328321700812572,6.108078942328323,5.294067299258719,4.2142338359118785,3.926595653977686,4.391202860689483,3.8836086761821527,4.482873186981336,4.208608489782745,5.742002254909685,7.044711118812982,4.292421317240543,3.997935308557542,5.712061215105824,4.936350709872297,4.940746998463658,3.9923380980404852,4.480152811563823,6.39369215802483,3.3037121192593997,5.8629987670335835,6.246412219950227,6.0356467546710375,2.968322444083709,4.8971741440368115,4.356582797782683,5.409248324528275,3.9361157938984457,5.30777324432818,3.401510618802111,4.465473673229584,3.7563692633643475,5.70513068136053,3.6571995976737863,5.815573056362249,3.6012132613424033,6.538917796742269,5.422249135843929,6.063059562024017,4.632327738234957,3.5496840776274956,4.811773576910488,4.340299319549087,3.6826748783341516,3.667692333431951,4.8492009969146705,4.437117193959746,3.5270884780974594,4.784558650422067
0.7972241129755102,3.40720902617577,5.5677175123996125,2.6591750524918734,5.946086467289597,6.802260282267252,3.9148160676506745,4.464780481823998,4.0419105022458455,3.445530967793255,4.047479643609835,5.933748071522749,4.326848244917077,4.543138961441603,4.272748721315975,6.7427473278827215,4.8017066423003,5.384448321066232,5.142949820057002,4.157906994763322,3.9784549425721902,5.104374778553161,4.941751408575804,5.02566545816747,2.8566482251556433,5.0242340065501185,4.636454235701782,4.542386391914041,3.4824090059741843,7.033059036189536,5.396306552953037,5.84730899073522,3.8913447155493364,5.132825912248899,3.1693830133025376,4.689696255206321,4.492229985386802,3.928035203752221,5.770179503234438,3.191206168623607,4.360144433471611,4.494980597312071,4.949222109617928,2.852701089325807,4.132099902869001,4.424469728401079,4.869858561226004,6.252648965127336,5.712091453876515,3.7616337147310146,6.98286776950484,3.318043888801749,4.133752392746735,4.279096453591437,6.063374827189954,5.254311548275534,4.160707151075228,3.889981936606472,4.3464758563778405,3.8356470170342867,4.434109865302764,4.157805183614896,5.694552314578681,7.002615105378786,4.252081080342089,3.949368228925276,5.6719135432654655,4.886173320278614,4.892081977416312,3.9485068798078755,4.435525355099885,6.368541427969458,3.254176280028367,5.826531798948568,6.209098887604426,6.004673259986132,2.9138145296535054,4.848223341172765,4.307691196382684,5.355780211799829,3.883680152115728,5.2609732401328,3.3532801389738944,4.419150015310075,3.7057290571788437,5.660462678734602,3.5981791645777053,5.772844363010868,3.54666657173233,6.496651511263056,5.3803136579263695,6.024277386892056,4.5833252658766765,3.4973616287820013,4.767979426767943,4.290997083792597,3.6303165551836862,3.6064191628928564,4.799107948873779,4.394274119820619,3.4779137276966896,4.733903950356934
0.8015863398533348,3.87922243707803,5.524790421995246,2.602458657349711,5.898657330678643,6.759174690203108,3.8678897136744768,4.414111585636097,3.9967095960723054,3.397985479483191,4.011048822413564,5.894407710127143,4.271663221216705,4.492150994277717,4.220597961002565,6.699178308823323,4.753066240144595,5.333678638122669,5.093284955959171,4.103390201289659,3.9316156849374977,5.058454022167285,4.899220182048926,4.977087006033804,2.805852962883672,4.976306835656749,4.5943856302411685,4.491201570843401,3.4320413458814967,6.997187754362988,5.353521545180333,5.801994408009437,3.8433170277598636,5.086911554500515,3.117100097617345,4.650420582641944,4.438580179051134,3.8755231992420613,5.7213528375738925,3.1388265702072333,4.309337008280288,4.442203942577398,4.907853390443058,2.7978113424330537,4.078846933068025,4.375272085963283,4.8233066589413305,6.2072860299807715,5.664515314365626,3.704263643034225,6.942641651982422,3.2691023542732696,4.086415951424769,4.229871206370305,6.018670712051583,5.214555797292353,4.107180466238579,3.8533682192352456,4.301748852066208,3.7876853578864145,4.385346543624184,4.10700187744706,5.647102374247679,6.96051909194459,4.21174084344364,3.9008011492930015,5.6317658714251,4.835995930684927,4.8434169563689595,3.9046756615752702,4.3908978986359575,6.343390697914094,3.204640440797334,5.7900648308635505,6.171785555258632,5.973699765301226,2.8593066152233,4.7992725383087205,4.258799594982682,5.302312099071381,3.8312445103330077,5.214173235937422,3.305049659145679,4.3728263573905775,3.655088850993357,5.615794676108662,3.5391587314816144,5.730115669659497,3.4921198821222665,6.454385225783837,5.338378180008803,5.985495211760092,4.534322793518407,3.4450391799365176,4.7241852766254,4.2416948480361,3.5779582320332075,3.545145992353765,4.7490149008328935,4.351431045681498,3.4287389772959163,4.683249250291795
0.8059485667311596,10.0546636586988,5.481863331590876,2.5457422622075443,5.851228194067682,6.71608909813898,3.82096335969827,4.363442689448206,3.9515086898987732,3.350439991173131,3.974618001217295,5.855067348731544,4.216478197516321,4.441163027113821,4.168447200689141,6.655609289763919,4.704425837988903,5.282908955179107,5.0436200918613485,4.048873407815997,3.884776427302805,5.01253326578142,4.8566889555220385,4.928508553900147,2.7550577006116983,4.928379664763379,4.552317024780547,4.440016749772749,3.3816736857888046,6.96131647253644,5.310736537407616,5.756679825283648,3.795289339970375,5.040997196752126,3.0648171819321517,4.611144910077567,4.384930372715471,3.8230487946647562,5.672526171913351,3.0864469717908722,4.25852958308897,4.389427287842724,4.866484671268181,2.7429215955402935,4.025593963267053,4.326074443525486,4.776754756656667,6.1619230948342105,5.616939174854716,3.646893571337432,6.90241553446001,3.2201608197447813,4.039079510102799,4.18064595914917,5.973966596913217,5.174800046309165,4.05365378140192,3.8167545018640245,4.257021847754564,3.7397236987385405,4.336583221945597,4.056198571279221,5.599652433916678,6.9184230785104,4.1714006065451885,3.852234069660729,5.591618199584732,4.785818541091247,4.794751935321616,3.8608444433426703,4.3462704421720275,6.318239967858722,3.1551046015662996,5.7535978627785305,6.134472222912833,5.942726270616304,2.8047987007930972,4.750321735444675,4.209907993582681,5.248843986342945,3.7788088685502865,5.16737323174204,3.256819179317474,4.326502699471073,3.604448644807861,5.5711266734827225,3.480138298385535,5.687386976308113,3.4375731925122013,6.412118940304621,5.2964427020912455,5.946713036628127,4.48532032116013,3.392716731091027,4.680391126482858,4.192392612279615,3.5255999088827386,3.483872821814674,4.698921852792011,4.3085879715423765,3.379564226895136,4.63259455022666
0.8103107936089842,2.36714811305709,5.438936241186513,2.4890258670653935,5.803799057456729,6.673003506074842,3.7740370057220707,4.312773793260308,3.906307783725241,3.302894502863068,3.938187180021031,5.815726987335935,4.161293173815944,4.390175059949934,4.116296440375729,6.612040270704513,4.655785435833203,5.232139272235545,4.99395522776352,3.9943566143423332,3.8379371696681073,4.966612509395549,4.814157728995155,4.87993010176649,2.7042624383397236,4.880452493870005,4.510248419319922,4.388831928702096,3.3313060256961062,6.9254451907098895,5.267951529634909,5.711365242557855,3.7472616521808995,4.99508283900374,3.0125342662469627,4.571869237513179,4.331280566379804,3.772267601661766,5.6236995062528035,3.0340673733744987,4.207722157897656,4.343874198461616,4.825115952093303,2.6880667658356368,3.9723409934660783,4.276876801087688,4.730202854372002,6.116560159687643,5.569363035343823,3.5895234996406424,6.862189416937588,3.1712192852163117,3.991743068780827,4.131420711928038,5.929262481774846,5.135044295325981,4.0001270965652695,3.7801407844928043,4.212294843442924,3.691762039590678,4.287819900267023,4.005395265111378,5.552202493585673,6.876327065076201,4.131060369646737,3.8036669900284643,5.551470527744368,4.735641151497564,4.746086914274276,3.8170132251100632,4.301642985708098,6.293089237803354,3.1055687623352632,5.717130894693512,6.097158890567034,5.911752775931396,2.7502907863628927,4.701370932580625,4.161016392182682,5.195375873614497,3.7263732267675644,5.120573227546655,3.2085886994892556,4.280179041551567,3.553808438622357,5.526458670856787,3.421117865289448,5.644658282956725,3.383026502902129,6.369852654825405,5.254507224173679,5.907930861496164,4.436317848801857,3.3403942822455397,4.636596976340314,4.143090376523117,3.4732415857322634,3.422599651275588,4.6488288047511235,4.265744897403248,3.33038947649436,4.581939850161529
0.8146730204868089,10.104314288273,5.397447068040424,2.4323094719232268,5.756369920845768,6.629917914010709,3.7271106517458668,4.262104897072406,3.8611068775517055,3.255349014553004,3.901756358824759,5.776386625940326,4.10610815011557,4.339187092786049,4.0641456800623175,6.568471251645113,4.607145033677495,5.18136958929198,4.944290363665695,3.9398398208686682,3.7910979120334147,4.92069175300968,4.771626502468264,4.8313516496328255,2.653467176067741,4.832525322976638,4.468179813859297,4.3376471076314465,3.2809383656034194,6.889573908883338,5.225166521862193,5.666050659832075,3.699233964391424,4.949168481255356,2.9602513505617685,4.532593564948803,4.277630760044138,3.7214864086587687,5.57487284059226,2.9816877749581323,4.15691473270634,4.302606626013092,4.783747232918425,2.6339072506674865,3.919088023665104,4.227679158649893,4.683650952087332,6.071197224541076,5.521786895832922,3.532153427943853,6.821963299415162,3.122277750687826,3.9444066274588545,4.082195464706904,5.884558366636478,5.0952885443427895,3.9466004117286166,3.7435270671215797,4.167567839131285,3.6438003804428005,4.239056578588443,3.9545919589435385,5.504752553254671,6.834231051642002,4.090720132748288,3.755099910396196,5.511322855904005,4.68546376190388,4.6974218932269265,3.7731820068774553,4.2570155292441685,6.267938507747992,3.0560329231042314,5.680663926608499,6.059845558221237,5.880779281246479,2.6957828719326873,4.652420129716581,4.1121247907826834,5.141907760886061,3.6739375849848495,5.07377322335127,3.1603582196610436,4.233855383632065,3.503168232436865,5.48179066823085,3.362097432193358,5.6019295896053505,3.3284798132920663,6.32758636934619,5.212571746256125,5.86914868636419,4.387315376443588,3.2880718334000463,4.592802826197776,4.093788140766625,3.4208832625817873,3.3613264807364924,4.598735756710232,4.222901823264125,3.2812147260935935,4.531285150096398
0.8190352473646335,2.48296170046183,5.365937878366803,2.3755930767810742,5.708940784234818,6.5868323219465745,3.680184297769663,4.21143600088451,3.8159059713781662,3.2078035262429445,3.86532553762848,5.737046264544722,4.050923126415191,4.2881991256221585,4.011994919748899,6.524902232585711,4.558504631521798,5.130599906348422,4.894625499567871,3.885323027395007,3.7442586543987213,4.874770996623821,4.729095275941377,4.7827731974991705,2.602671913795774,4.784598152083262,4.426111208398684,4.286462286560802,3.230570705510723,6.853702627056784,5.182381514089487,5.620736077106289,3.6512062766019486,4.903254123506969,2.9079684348765813,4.493317892384418,4.223980953708473,3.6707052156557873,5.52604617493172,2.9293081765417623,4.10610730751503,4.2613390535645665,4.742378513743554,2.5797477354993212,3.865835053864129,4.178481516212096,4.637099049802665,6.025834289394513,5.474210756322017,3.474783356247068,6.781737181892756,3.073336216159346,3.897070186136891,4.032970217485775,5.839854251498109,5.055532793359609,3.8930737268919735,3.716455018834556,4.122840834819648,3.5958387212949328,4.190293256909863,3.9037886527756998,5.457302612923667,6.792135038207811,4.050379895849836,3.7065328307639236,5.4711751840636405,4.635286372310199,4.648756872179588,3.729350788644851,4.212388072780233,6.2427877776926275,3.0064970838731933,5.644196958523482,6.022532225875438,5.8498057865615705,2.641274957502487,4.603469326852544,4.063233189382683,5.088439648157615,3.621501943202124,5.026973219155889,3.1121277398328298,4.18753172571256,3.4525280262513736,5.437122665604915,3.3030769990972813,5.559200896253977,3.2739331236819895,6.285320083866976,5.170636268338556,5.830366511232229,4.338312904085316,3.2357493845545573,4.549008676055225,4.0444859050101405,3.368524939431323,3.300053310197402,4.548642708669349,4.180058749124991,3.232039975692815,4.4806304500312635
0.8233974742424582,10.350840271181,5.334428688693174,2.318876681638912,5.661511647623856,6.543746729882435,3.633257943793458,4.16076710469661,3.7707050652046252,3.1602580379328877,3.8288947164322096,5.697705903149121,3.9957381027148084,4.23721115845827,3.9598441594354767,6.481333213526306,4.509864229366098,5.079830223404849,4.844960635470045,3.830806233921342,3.6974193967640243,4.828850240237943,4.686564049414499,4.73419474536551,2.5518766515237976,4.736670981189899,4.384042602938063,4.2352774654901495,3.180203045418038,6.817831345230237,5.139596506316772,5.5754214943805,3.603178588812467,4.857339765758579,2.855685519191388,4.454042219820029,4.170331147372806,3.6199240226527962,5.477219509271179,2.876928578125396,4.055299882323708,4.220071481116044,4.701009794568673,2.525588220331162,3.812582084063153,4.129283873774295,4.5905471475179995,5.98047135424795,5.429455405497866,3.41741328455028,6.741511064370336,3.024394681630869,3.849733744814923,3.9837449702646426,5.795150136359741,5.015777042376423,3.8395470420553144,3.6912418208826487,4.078113830508018,3.5478770621470623,4.141529935231285,3.852985346607854,5.409852672592661,6.750039024773613,4.0100396589513885,3.6579657511316555,5.4310275122232765,4.585108982716515,4.600091851132242,3.685519570412243,4.167760616316303,6.217637047637259,2.956961244642164,5.607729990438462,5.985218893529642,5.818832291876653,2.5867670430722747,4.5545185239884995,4.014341587982679,5.034971535429166,3.5690663014194026,4.980173214960515,3.0638972600046177,4.141208067793061,3.4018878200658733,5.392454662978976,3.244056566001185,5.516472202902597,3.2193864340719207,6.243053798387762,5.128700790420997,5.791584336100262,4.289310431727046,3.1834269357090683,4.505214525912689,3.995183669253646,3.316166616280851,3.2387801396583153,4.498549660628462,4.137215674985874,3.182865225292044,4.42997574996613
0.8277597011202829,7.76618386027897,5.302919499019546,2.2621602864967443,5.614082511012902,6.5006611378183035,3.586331589817254,4.11009820850871,3.7255041590310958,3.112712549622816,3.792463895235942,5.658365541753511,3.9406456049336427,4.186223191294392,3.907693399122061,6.4377641944669,4.4612238272103895,5.0290605404612885,4.7952957713722215,3.776289440447676,3.650580139129331,4.782929483852082,4.64403282288761,4.685616293231844,2.5010813892518273,4.688743810296523,4.341973997477439,4.184092644419497,3.1298353853253476,6.781960063403685,5.096811498544068,5.530106911654712,3.5551509010229942,4.811425408010192,2.803402603506192,4.414766547255661,4.116681341037141,3.5691428296498033,5.428392843610635,2.824548979709027,4.0044924571323985,4.178803908667523,4.659641075393799,2.471428705163004,3.759329114262183,4.080086231336501,4.543995245233336,5.935108419101381,5.387110147793765,3.3600432128534887,6.7012849468479185,2.9754531471023835,3.8023973034929535,3.932471588174435,5.750446021221372,4.976021291393236,3.786020357218664,3.6660286229307353,4.033386826196378,3.499915402999199,4.092766613552706,3.802182040440016,5.36240273226166,6.707943011339407,3.969699422052943,3.6093986714993855,5.390879840382915,4.5349315931228364,4.551426830084897,3.6416883521796377,4.123133159852372,6.192486317581895,2.907425405411127,5.571263022353445,5.947905561183842,5.7878587971917455,2.5322591286420773,4.505567721124451,3.9654499865826773,4.981503422700724,3.516630659636685,4.933373210765131,3.0156667801764065,4.094884409873559,3.3512476138803784,5.34778666035304,3.1850361329050996,5.473743509551221,3.164839744461861,6.200787512908545,5.086765312503437,5.752802160968301,4.24030795936877,3.1311044868635802,4.461420375770148,3.9458814334971493,3.2638082931303742,3.177506969119219,4.448456612587568,4.0943726008467465,3.1336904748912744,4.379321049900998
0.8321219279981076,3.19765893076314,5.271410309345924,2.20544389135459,5.566653374401946,6.457575545754172,3.539405235841044,4.0594293123208125,3.680303252857569,3.065167061312752,3.756033074039669,5.619025180357907,3.887169469521961,4.135235224130502,3.857548901639481,6.394195175407502,4.41258342505469,4.978290857517725,4.745630907274391,3.7217726469740127,3.603740881494634,4.745200117431928,4.601501596360723,4.6370378410981825,2.4502861269798446,4.640816639403155,4.299905392016817,4.132907823348857,3.0794677252326546,6.746088781577143,5.054026490771359,5.488060011632069,3.507123213233518,4.765511050261811,2.7578558500138888,4.375490874691272,4.0630315347014765,3.5183616366468113,5.379566177950098,2.7721693812926596,3.9536850319410757,4.137536336219003,4.618272356218921,2.4172691899948466,3.7060761444612087,4.030888588898701,4.497443342948673,5.889745483954822,5.344764890089664,3.3026731411566974,6.661058829325492,2.926511612573905,3.7550608621709802,3.879738872104454,5.7057419060830075,4.936265540410051,3.732493672382005,3.6408154249788227,3.9886598218847276,3.451953743851333,4.044003291874132,3.751378734272179,5.314952791930655,6.665846997905226,3.9293591851544836,3.5608315918671156,5.3507321685425495,4.484754203529151,4.502761809037552,3.597857133947036,4.078505703388441,6.167335587526529,2.8578895661800905,5.534796054268422,5.910592228838043,5.75688530250684,2.4777512142118745,4.456616918260407,3.916558385182678,4.9280353099722785,3.4641950178539664,4.886573206569743,2.967436300348192,4.048560751954049,3.300607407694881,5.3031186577271,3.1260156998090105,5.431014816199833,3.11029305485179,6.158521227429328,5.044829834585881,5.714019985836331,4.191305487010493,3.0787820380180912,4.417626225627595,3.8965791977406603,3.2114499699799035,3.1162337985801303,4.398363564546679,4.051529526707626,3.084515724490493,4.328666349835861
0.8364841548759322,1.48164940123673,5.2399011196722975,2.148727496212425,5.519224237790988,6.414489953690028,3.4924788818648462,4.008760416132916,3.635102346684028,3.017621573002687,3.7196022528433925,5.579684818962297,3.8336933341102784,4.0842472569666075,3.8165831575945317,6.350626156348094,4.363943022898999,4.927521174574163,4.695966043176571,3.667255853500351,3.5569016238599396,4.711448133471791,4.558970369833833,4.588459388964526,2.399490864707876,4.592889468509782,4.2578367865561955,4.0817230022782045,3.0291000651399624,6.710217499750593,5.011241482998645,5.447921864287557,3.459095525444039,4.719596692513426,2.715953214820063,4.3362152021268905,4.009381728365809,3.467580443643822,5.330739512289553,2.719789782876286,3.902877606749761,4.096268763770471,4.576903637044043,2.3631096748266884,3.652823174660231,3.9816909464609083,4.450891440664002,5.844382548808245,5.30241963238557,3.2453030694599097,6.620832711803076,2.8775700780454256,3.7077244208490168,3.827006156034469,5.661037790944637,4.896509789426861,3.6789669875453583,3.6156022270269057,3.943932817573092,3.403992084703453,3.9952399701955494,3.7005754281043455,5.267502851599652,6.6237509844710205,3.889018948256038,3.5122645122348466,5.310584496702185,4.434576813935467,4.454096787990204,3.5540259157144325,4.033878246924511,6.142184857471158,2.808353726949063,5.4983290861834,5.87327889649225,5.725911807821922,2.4232432997816655,4.407666115396374,3.8676667837826777,4.874567197243839,3.4117593760712417,4.839773202374364,2.9192058205199825,4.00223709403455,3.2499672015093894,5.258450655101165,3.0669952667129348,5.38828612284846,3.0557463652417214,6.116254941950118,5.002894356668311,5.675237810704378,4.142303014652221,3.026459589172604,4.37383207548506,3.8472769619841642,3.1590916468294328,3.05496062804104,4.348270516505799,4.008686452568499,3.035340974089719,4.278011649770732
0.8408463817537569,2.32794134275285,5.208391929998661,2.092011101070267,5.471795101180031,6.371404361625898,3.4455525278886423,3.9580915199450217,3.5899014405104905,2.970076084692627,3.683171431647132,5.540344457566685,3.7802171986986046,4.033259289802723,3.775617413549573,6.307057137288696,4.3153026207432985,4.876751491630597,4.646301179078744,3.612739060026689,3.510062366225248,4.678446606849465,4.516439143306952,4.539880936830867,2.3486956024358996,4.544962297616414,4.215768181095574,4.030538181207556,2.9787324050472703,6.674346217924043,4.96845647522594,5.407783716943054,3.41106783765456,4.673682334765039,2.671414838234366,4.296939529562506,3.9557319220301483,3.4167992506408256,5.281912846629014,2.6674101844599125,3.8520701815584424,4.05500119132196,4.5355349178691675,2.308950159658533,3.5995702048592575,3.9324933040231045,4.40433953837933,5.799019613661684,5.260074374681463,3.1879329977631183,6.58060659428066,2.828628543516948,3.660387979527049,3.7742734399644897,5.616333675806264,4.856754038443679,3.6254403027087037,3.5903890290749985,3.899205813261452,3.3560304255555886,3.946476648516965,3.649772121936495,5.220052911268652,6.581654971036831,3.848678711357583,3.4636974326025767,5.270436824861813,4.384399424341788,4.405431766942857,3.5101946974818246,3.9892507904605754,6.1170341274158035,2.758817887718026,5.461862118098389,5.835965564146449,5.69493831313701,2.368735385351462,4.3587153125323175,3.818775182382679,4.821099084515392,3.359323734288517,4.792973198178979,2.870975340691775,3.9559134361150443,3.1993269953238865,5.213782652475228,3.00797483361685,5.345557429497084,3.001199675631651,6.073988656470896,4.9609588787507475,5.636455635572405,4.093300542293951,2.9741371403271124,4.330037925342519,3.7979747262276655,3.1067333236789496,2.993687457501953,4.2981774684649166,3.9658433784293745,2.9861662236889455,4.227356949705599
0.8452086086315814,8.63104922771831,5.1768827403250395,2.035294705928118,5.424365964569074,6.328318769561764,3.398626173912441,3.9074226237571272,3.5447005343369584,2.9225305963825683,3.6467406104508626,5.5010040961710915,3.726741063286923,3.982271322638838,3.7346516695046184,6.263488118229292,4.266662218587586,4.825981808687036,4.596636314980918,3.5582222665530283,3.463223108590551,4.645445080227148,4.473907916780064,4.4913024846972105,2.297900340163925,4.497035126723049,4.173699575634957,3.979353360136911,2.928364744954572,6.638474936097492,4.925671467453221,5.367645569598546,3.363040149865091,4.627767977016656,2.626876461648675,4.257663856998127,3.9020821156944807,3.3660180576378362,5.233086180968473,2.6150305860435434,3.8012627563671346,4.013733618873433,4.494166198694295,2.254790644490373,3.5463172350582894,3.883295661585313,4.35778763609467,5.753656678515127,5.217729116977364,3.130562926066329,6.5403804767582425,2.779687008988465,3.615721994847017,3.721540723894517,5.571629560667904,4.816998287460501,3.5719136178720605,3.565175831123084,3.854478808949815,3.308068766407718,3.8977133268383923,3.598968815768661,5.17260297093765,6.539558957602635,3.808338474459135,3.415130352970312,5.230289153021455,4.334222034748103,4.356766745895518,3.4663634792492246,3.944623333996649,6.091883397360433,2.7092820484869957,5.425395150013365,5.798652231800643,5.663964818452096,2.3142274709212565,4.30976450966828,3.7698835809826754,4.767630971786949,3.306888092505795,4.746173193983607,2.822744860863555,3.9095897781955413,3.1486867891383907,5.169114649849292,2.948954400520761,5.302828736145706,2.9466529860215864,6.031722370991686,4.919023400833188,5.597673460440445,4.044298069935679,2.9218146914816323,4.286243775199971,3.748017123895946,3.0543750005284824,2.932414286962854,4.248084420424025,3.923000304290249,2.936991473288173,4.176702249640457
0.8495708355094062,1.30177216938034,5.145373550651409,1.9785783107859511,5.376936827958117,6.285233177497628,3.351699819936237,3.856753727569229,3.4994996281634227,2.8749851080725044,3.6086224679322507,5.46766772216935,3.6732649278752456,3.931283355474947,3.6936859254596683,6.219919099169887,4.21802181643189,4.775212125743472,4.546971450883098,3.503705473079359,3.416383850955855,4.6124435536048285,4.4313766902531775,4.442724032563558,2.24710507789195,4.449107955829673,4.131630970174332,3.9281685390662693,2.8779970848618843,6.602603654270942,4.882886459680521,5.327507422254035,3.3150124620756145,4.5818536192682675,2.5823380850629825,4.218388184433745,3.848432309358812,3.3152368646348425,5.184259515307927,2.5626509876271797,3.750455331175816,3.97246604642491,4.452797479519421,2.2006311293222156,3.4930642652573116,3.8340980191475236,4.311235733809999,5.708293743368554,5.175383859273267,3.0742500308549774,6.500154359235824,2.730745474459985,3.57940333152675,3.668808007824536,5.526925445529531,4.777242536477309,3.518386933035403,3.539962633171174,3.8154233210074455,3.2601071072598424,3.848950005159808,3.548165509600821,5.1251530306066435,6.497462944168432,3.7679982375606844,3.366563273338042,5.190141481181092,4.284044645154418,4.308101724848171,3.4225322610166087,3.8999958775327164,6.066732667305066,2.6641094552383517,5.388928181928347,5.761338899454848,5.632991323767186,2.2597195564910555,4.2608137068042335,3.720991979582675,4.714162859058509,3.2544524507230763,4.699373189788219,2.7745143810353428,3.8632661202760357,3.0980465829528994,5.124446647223356,2.8899339674246756,5.260100042794325,2.8921062964115247,5.989456085512476,4.87708792291563,5.558891285308474,3.995295597577406,2.869492242636139,4.242449625057425,3.6960705218175365,3.0020166773780135,2.8711411164237637,4.197991372383139,3.880157230151122,2.887816722887398,4.126047549575333
0.8539330623872308,1.34888503659602,5.113864360977792,1.9218619156437937,5.329507691347164,6.2421475854334885,3.304773465960034,3.806084831381325,3.4542987219898853,2.827439619762453,3.5695555915641384,5.439306264615361,3.6197887924635657,3.880295388311059,3.6527201814147077,6.176350080110483,4.169381414276191,4.724442442799907,4.4973065867852755,3.4491886796057054,3.369544593321163,4.5794420269825045,4.388845463726291,4.3941455804298934,2.196309815619972,4.401180784936302,4.0895623647137205,3.8769837179956133,2.82760846927939,6.566732372444392,4.8399891577280005,5.287369274909537,3.266984774286131,4.535939261519887,2.5377997084772907,4.179112511869368,3.794782503023151,3.264455671631856,5.135432849647388,2.510271389210817,3.6996479059845004,3.9311984739763908,4.411428760344544,2.1464716141540503,3.4398112954563365,3.7849003767097216,4.264683831525332,5.662930808221982,5.133038601569161,3.018569263348023,6.4599282417134125,2.68180393993151,3.543084668206494,3.6160752917545587,5.482221330391172,4.737486785494133,3.4648602481987547,3.5147494352192616,3.7816735385844558,3.212145448111978,3.80018668348123,3.4973622034329805,5.077703090275642,6.4553669307342405,3.7276580006622373,3.3179961937057723,5.1499938093407325,4.233867255560736,4.259436703800824,3.3787010427840114,3.85536842106879,6.041581937249701,2.625544219425538,5.352461213843328,5.724025567109054,5.602017829082273,2.205211642060841,4.211862903940181,3.672100378182673,4.660694746330065,3.202016808940355,4.652573185592843,2.7262839012071316,3.817902923508197,3.0474063767674044,5.079778644597418,2.8309135343285936,5.217371349442951,2.8375596068014515,5.947189800033259,4.83515244499807,5.52010911017651,3.946293125219139,2.8171697937906446,4.198655474914885,3.6441239197391084,2.94965835422754,2.809867945884669,4.147898324342249,3.837314156011998,2.838641972486627,4.075392849510198
0.8582952892650555,10.9282412228482,5.082355171304162,1.8650249263712466,5.282078554736203,6.199061993369359,3.25784711198383,3.7554159351934295,3.409097815816347,2.777415031497375,3.5304887151960322,5.410944807061381,3.566312657051891,3.8293074211471794,3.611754437369753,6.132781061051083,4.120741012120486,4.673672759856348,4.447641722687447,3.3946718861320377,3.3227053356864706,4.546440500360189,4.346314237199405,4.34556712829623,2.145514553347999,4.353253614042936,4.047493759253087,3.825798896924966,2.775614575552977,6.5308610906178455,4.792452196880537,5.247231127565025,3.2189570864966583,4.490024903771497,2.4932613318916097,4.139836839304988,3.741132696687485,3.2136744786288602,5.086606183986842,2.457891790794439,3.6488404807931945,3.8899309015278583,4.370060041169663,2.0923120989858957,3.386558325655362,3.735702734271916,4.218131929240666,5.6175678730754255,5.0906933438650634,2.9720910761572785,6.419702124190993,2.632862405403028,3.5067660048862246,3.5633425756845725,5.437517215252796,4.69773103451095,3.411333563362101,3.489536237267358,3.74792375616148,3.1641837889641122,3.751423361802657,3.4465588972651355,5.030253149944637,6.413270917300047,3.6873177637637893,3.2756160076916547,5.109846137500365,4.183689865967052,4.210771682753478,3.3348698245514035,3.810740964604859,6.016431207194333,2.5869789836127035,5.315994245758308,5.686712234763255,5.571044334397365,2.1507037276306358,4.162912101076144,3.623208776782672,4.607226633601616,3.1495811671576375,4.605773181397466,2.678053421378925,3.782477520688336,2.996766170581907,5.035110641971487,2.7718931012325028,5.17464265609157,2.7830129171913836,5.904923514554044,4.793216967080512,5.4813269350445415,3.897290652860864,2.764847344945161,4.154861324772343,3.5921773176606875,2.8973000310770614,2.7485947753455857,4.0978052763013615,3.794471081872876,2.789467222085851,4.024738149445061
0.8626575161428801,1.7118335280091,5.050845981630532,1.8057073670560115,5.234649418125248,6.155976401305225,3.210920758007626,3.7047470390055253,3.363896909642821,2.7264836394440195,3.4914218388279163,5.3825833495074,3.5128365216402093,3.778319453983288,3.570788693324796,6.089212041991683,4.0721006099647905,4.622903076912783,4.3979768585896215,3.340155092658378,3.275866078051779,4.5134389737378635,4.303783010672525,4.2969886761625675,2.0947192910760197,4.305326443149558,4.005425153792477,3.7746140758543154,2.723620681826553,6.494989808791297,4.744915236033071,5.207092980220521,3.170929398707182,4.443377625775114,2.448722955305911,4.1005611667406,3.6874828903518164,3.1628932856258674,5.037779518326299,2.4055121923780742,3.598033055601868,3.8486633290793417,4.328691321994795,2.038152583817733,3.3333053558543924,3.6865050918341185,4.171580026956003,5.572204937928858,5.048348086160964,2.9272952610498457,6.37947600666857,2.5839208708745502,3.4704473415659596,3.510609859614589,5.392813100114431,4.657975283527755,3.357806878525448,3.464323039315433,3.7141739737384762,3.1162221298162365,3.7026600401240684,3.3957555910973003,4.982803209613638,6.371174903865843,3.646977526865334,3.237918777015456,5.069698465659996,4.133512476373376,4.16210666170613,3.2910386063187964,3.766113508140929,5.991280477138968,2.5484137477998896,5.279527277673294,5.6493989024174525,5.540070839712449,2.09619581320044,4.113961298212092,3.57431717538267,4.553758520873174,3.0971455253749145,4.5589731772020805,2.629822941550705,3.7470521178684786,2.946125964396412,4.990442639345548,2.7128726681364155,5.131913962740199,2.7284662275813165,5.862657229074826,4.75128148916295,5.442544759912581,3.84828818050259,2.7125248960996684,4.1110671746298015,3.54023071558227,2.8449417079265897,2.687321604806483,4.0477122282604805,3.7516280077337427,2.7402924716850805,3.9740834493799326
0.8670197430207048,2.63798619836654,5.019336791956905,1.7463898077407622,5.187220281514298,6.113193017023164,3.163994404031431,3.6540781428176246,3.318696003469279,2.6755522473906366,3.4523549624598138,5.354221891953427,3.459360386228531,3.7273314868193967,3.5298229492798407,6.045643022932278,4.023460207809082,4.572133393969219,4.348311994491795,3.285638299184706,3.2290268204170776,4.480437447115546,4.261251784145633,4.2484102240289,2.043924028804054,4.257399272256197,3.9633565483318476,3.723429254783669,2.6716267881001254,6.459118526964743,4.69737827518561,5.1669548328760175,3.1229017109177093,4.394872199184468,2.404184578720219,4.061285494176214,3.633833084016155,3.11211209262287,4.9889528526657605,2.3531325939617025,3.5472256304105603,3.807395756630828,4.287322602819917,1.9839930686495786,3.28005238605341,3.637307449396327,4.125028124671339,5.526842002782298,5.006002828456862,2.8824994459424067,6.339249889146152,2.5349793363460664,3.434128678245691,3.457877143544618,5.348108984976065,4.6182195325445665,3.3042801936887978,3.4391098413635275,3.6804241913154847,3.0682604706683607,3.653896718445484,3.344952284929464,4.9424269573198565,6.329078890431657,3.6066372899668844,3.2002215463392663,5.029550793819634,4.083335086779688,4.113441640658788,3.2472073880861885,3.721486051676994,5.966129747083606,2.5098485119870633,5.243060309588278,5.61208557007166,5.509097345027535,2.041687898770231,4.065010495348056,3.525425573982668,4.500290408144732,3.0447098835922004,4.5121731730067,2.5815924617224972,3.711626715048623,2.895485758210916,4.945774636719616,2.6538522350403406,5.089185269388817,2.6739195379712477,5.8203909435956165,4.709346011245382,5.403762584780617,3.799285708144315,2.660202447254183,4.067273024487255,3.4882841135038545,2.7925833847761172,2.6260484342673927,3.9976191802195853,3.708784933594621,2.691117721284302,3.9234287493147866
0.8713819698985295,1.10441730294651,4.9878276022832795,1.687072248425521,5.142170209633961,6.071777100050389,3.117068050055223,3.6034092466297265,3.2734950972957453,2.6259818652719753,3.413288086091706,5.325860434399448,3.4058842508168476,3.6763435196555134,3.4888572052348916,6.00207400387288,3.9748198056533885,4.5302423432274095,4.298647130393967,3.241666561500063,3.1821875627823903,4.44743592049323,4.218720557618749,4.199831771895251,1.9931287665320763,4.209472101362821,3.9212879428712304,3.672244433713024,2.6196328943737077,6.42836102097262,4.649841314338143,5.126816685531504,3.074874023128232,4.346366772593813,2.3596462021345364,4.022009821611831,3.5801832776804927,3.0613308996198825,4.9401261870052116,2.3059496494341634,3.4964182052192445,3.7661281841823033,4.245953883645039,1.9298335534814177,3.226799416252441,3.5881098069585313,4.078476222386675,5.481479067635736,4.963657570752764,2.837703630834974,6.2990237716237365,2.4860378018175906,3.397810014925428,3.405144427474635,5.303404869837696,4.578463781561392,3.2507535088521484,3.4138966434116167,3.6466744088924914,3.0202988115204965,3.605133396766923,3.2941489787616263,4.905743463975481,6.286982876997452,3.5662970530684346,3.1625243156630773,4.989403121979273,4.033157697186001,4.064776619611449,3.203376169853591,3.6768585952130604,5.940979017028242,2.471283276174237,5.206593341503257,5.574772237725854,5.478123850342624,1.9871799843400286,4.016059692484006,3.476533972582674,4.450858976241147,2.9922742418094783,4.465373168811311,2.53336198189428,3.676201312228767,2.844845552025423,4.901106634093669,2.5948318019442445,5.046456576037429,2.619372848361177,5.7781246581164005,4.667410533327828,5.364980409648658,3.75028323578604,2.6078799984086922,4.020763733628849,3.4363375114254424,2.740225061625644,2.5647752637283077,3.9475261321787,3.6659418594555016,2.6419429708835267,3.8727740492496565
0.8757441967763542,10.3790820271125,4.9563184126096544,1.6277546891102779,5.1054312321907345,6.030361183077615,3.0701416960790127,3.5527403504418373,3.2282941911222114,2.585735609105022,3.374221209723591,5.297498976845466,3.352408115405172,3.6253555524916257,3.4478914611899283,5.958504984813467,3.9261794034976853,4.4901948895639885,4.248982266296144,3.197880219753518,3.1353483051476996,4.414434393870912,4.184411438546474,4.151253319761587,1.942333504260106,4.161544930469447,3.879219337410606,3.6210596126423686,2.5676390006472856,6.403193391907837,4.602304353490678,5.086678538186995,3.0268463353387522,4.297861346003155,2.3151078255488384,3.982734149047462,3.526533471344827,3.0105497066168896,4.8912995213446715,2.2642741127158237,3.445610780027926,3.724860611733771,4.204585164470163,1.875674038313263,3.1735464464514633,3.5389121645207346,4.031924320102003,5.438055954480195,4.92131231304866,2.7929078157275375,6.258797654101325,2.4370962672891032,3.361491351605175,3.35241171140465,5.258700754699323,4.5387080305782,3.1972268240154937,3.3886834454597006,3.612924626469499,2.9723371523726305,3.5563700750883376,3.2433456725937795,4.869059970631102,6.24488686356326,3.5259568161699875,3.1248270849868804,4.949255450138906,3.9829803075923254,4.0161115985641,3.159544951620977,3.632231138749134,5.915828286972876,2.4327180403614204,5.170126373418245,5.537458905380056,5.447150355657715,1.932672069909821,3.967108889619972,3.427642371182678,4.408089201680035,2.93983860002676,4.418573164615932,2.485131502066068,3.640775909408908,2.794205345839922,4.856438631467739,2.5358113688481554,5.0037278826860545,2.5656331165228954,5.735858372637178,4.625475055410266,5.326198234516687,3.701280763427773,2.555557549563205,3.9722997556070334,3.3843909093470215,2.687866738475166,2.5035020931892085,3.8974330841378144,3.623098785316376,2.5927682204827525,3.8221193491845256
0.8801064236541789,1.27160089978014,4.924809222936027,1.5684371297950428,5.0686922547475035,5.988945266104831,3.023215342102814,3.502071454253942,3.183217028827263,2.5454893529380653,3.3351543333554785,5.269137519291489,3.298931979993492,3.5743675853277326,3.4069257171449756,5.914935965754063,3.877539001341976,4.450147435900564,4.199317402198315,3.1540938780069787,3.0885090475129955,4.381432867248587,4.152546571988548,4.102674867627931,1.891538241988125,4.113617759576084,3.8371507319499827,3.569874791571719,2.5156451069208643,6.378025762843063,4.55476739264321,5.046540390842489,2.978818647549266,4.249355919412505,2.2705694489631494,3.943458476483076,3.4728836650091566,2.9597685136138985,4.842472855684128,2.222598575997478,3.3948033548366103,3.683593039285248,4.163216445295285,1.8215145231451058,3.1202934766504855,3.489714522082931,3.985372417817331,5.3975956775188205,4.878967055344572,2.7481120006201065,6.218571536578903,2.3881547327606194,3.3251726882849058,3.2996789953346726,5.213996639560955,4.498952279595015,3.143700139178841,3.3634702475077995,3.5791748440465154,2.924375493224759,3.507606753409754,3.1925423664259407,4.832376477286725,6.2027908501290625,3.4856165792715306,3.087129854310689,4.911157631013439,3.932802917998642,3.9674465775167578,3.1157137333883727,3.5876036822852067,5.89067755691751,2.3941528045485923,5.133659405333225,5.500145573034258,5.416176860972792,1.8781641554796182,3.91815808675592,3.3787507697826626,4.365319427118909,2.8874029582440324,4.371773160420545,2.4369010222378558,3.605350506589052,2.7435651396544207,4.8117706288417965,2.476790935752068,4.960999189334675,2.5159832429436557,5.69359208715797,4.5835395774927,5.2874160593847215,3.653925139207315,2.5032351007177063,3.9238357775852277,3.332444307268604,2.635508415324698,2.442228922650118,3.8473400360969237,3.580255711177248,2.5435934700819756,3.7714646491193946
0.8844686505320035,10.1171844785123,4.893300033262401,1.5091195704797953,5.031953277304275,5.947529349132056,2.9764549013193404,3.4514025580660403,3.1485907983412327,2.505243096771107,3.2960874569873715,5.240776061737497,3.2454558445818202,3.523379618163851,3.365959973100014,5.871366946694662,3.8288985991862896,4.4100999822371465,4.149652538100497,3.110307536260442,3.041669789878309,4.348431340626269,4.120681705430636,4.054096415494267,1.840742979716153,4.065690588682711,3.7950821264893584,3.5186899705010735,2.463651213194445,6.352858133778285,4.507230431795749,5.006402243497986,2.9307146569582763,4.2008504928218615,2.2260310723774595,3.904182803918691,3.4192338586734907,2.908987320610909,4.7936461900235905,2.180923039279131,3.3439959296452946,3.642325466836729,4.121847726120409,1.7673550079769462,3.0670405068495157,3.4405168796451395,3.938820515532666,5.3571354005574525,4.836621797640467,2.703316185512673,6.178345419056487,2.339213198232148,3.2888540249646496,3.2469462792646855,5.1692925244225885,4.459196528611831,3.0901734543421924,3.338257049555877,3.5454250616235186,2.876413834076886,3.458843431731183,3.1417390602581055,4.795692983942339,6.160694836694869,3.445276342373087,3.049432623634498,4.881594045827394,3.8826255284049545,3.918781556469411,3.07188251515577,3.542976225821275,5.865526826862144,2.355587568735774,5.097192437248204,5.4628322406884635,5.385203366287892,1.8236562410494093,3.869207283891871,3.3298591683826695,4.322549652557802,2.8349673164613103,4.324973156225172,2.388670542409648,3.5699251037692017,2.692924933468931,4.775738273511023,2.4177705026559924,4.918270495983296,2.4663333693644214,5.651325801678759,4.541604099575139,5.24863388425275,3.6155047844234742,2.450912651872221,3.8753717995634167,3.2804977051901796,2.5831500921742228,2.380955752111025,3.797246988056034,3.5374126370381287,2.4944187196812084,3.720809949054267
0.8888308774098282,3.18868320037009,4.861790843588772,1.4498020111645649,4.995214299861053,5.906113432159278,2.940052011368791,3.4007336618781414,3.113964567855197,2.464996840604151,3.2570205806192583,5.212414604183521,3.1919797091701287,3.4723916509999615,3.3249942290550614,5.827797927635258,3.7802581970305784,4.370052528573727,4.099987674002675,3.066521194513898,2.994830532243605,4.315429814003943,4.088816838872704,4.00551796336061,1.7899477174441751,4.017763417789331,3.7530135210287368,3.4675051494304228,2.4116573194680084,6.32769050471351,4.459693470948287,4.966264096153474,2.878099251591241,4.1523450662312085,2.1814926957917686,3.86490713135431,3.3655840523378266,2.858206127607918,4.744819524363036,2.139247502560785,3.2931885044539744,3.601057894388213,4.080479006945529,1.7131954928087885,3.013787537048544,3.3913192372073437,3.8922686132479987,5.316675123596078,4.794276539936362,2.6570821931988586,6.138119301534062,2.2902716637036704,3.25253536164438,3.19421356319471,5.1245884092842235,4.419440777628643,3.036646769505537,3.31304385160397,3.5116752792005226,2.8284521749290183,3.410080110052599,3.0909357540902542,4.759009490597956,6.118598823260672,3.404936105474631,3.0117353929583004,4.852030460641344,3.832448138811271,3.87011653542206,3.0280512969231683,3.498348769357338,5.840376096806781,2.3170223329229476,5.060725469163187,5.425518908342668,5.354229871602975,1.7691483266192096,3.8202564810278306,3.280967566982663,4.2797798779966865,2.7825316746786006,4.278173152029792,2.3404400625814263,3.534499700949346,2.6422847272834273,4.741634916869574,2.3591643370505224,4.875541802631922,2.4166834957851826,5.609059516199535,4.49966862165758,5.209851709120793,3.577084429639645,2.3985902030267328,3.8269078215416092,3.228551103111762,2.532305536833822,2.32505005420854,3.747153940015153,3.494569562898996,2.4452439692804306,3.670155248989123
0.8931931042876529,8.88125927982008,4.830281653915141,1.3904844518493125,4.958475322417814,5.864697515186503,2.9036491214182494,3.3500647656902496,3.079338337369152,2.424750584437197,3.217953704251153,5.1840531466295445,3.141307053958636,3.421403683836078,3.2840284850101034,5.784228908575855,3.7316177948748797,4.330005074910301,4.050322809904844,3.022734852767358,2.9479912746089205,4.282428287381632,4.05695197231478,3.9569395112269543,1.7391524551722017,3.9698362468959667,3.7109449155681213,3.416320328359771,2.3596634257415987,6.302522875648735,4.4121565101008215,4.926125948808967,2.8254838462241976,4.103839639640558,2.1369543192060743,3.825631458789922,3.3119342460021626,2.8074249346049243,4.695992858702497,2.0975719658424437,3.242381079262665,3.55979032193968,4.039110287770654,1.659035977640625,2.9605345672475636,3.3421215947695444,3.8457167109633312,5.276214846634702,4.751931282232266,2.609768416360411,6.097893184011649,2.2413301291751893,3.2162166983241196,3.1414808471247335,5.079884294145849,4.37968502664546,2.98312008466889,3.2878306536520547,3.477925496777541,2.7804905157811506,3.361316788374019,3.040132447922419,4.722325997253581,6.076502809826475,3.3645958685761794,2.9740381622821115,4.822466875455298,3.7822707492175933,3.8214515143747176,2.9842200786905666,3.4537213128934123,5.815225366751407,2.2784570971101257,5.0242585010781635,5.391549975220498,5.323256376918066,1.716390481807103,3.77130567816378,3.232075965582667,4.23701010343557,2.7290581797640234,4.230044001358948,2.292209582753217,3.499074298129491,2.5916445210979404,4.707531560228138,2.301791905278302,4.832813109280539,2.3670336222059483,5.5683466333327525,4.459672513461425,5.1710695339888275,3.538664074855811,2.346267754181249,3.7784438435198,3.176604501033352,2.481598133121463,2.274274596443478,3.6970608919742656,3.4517264887598786,2.394429137899354,3.6195005489239938
0.8975553311654776,0.381018444768763,4.798772464241513,1.3311668925340665,4.921736344974593,5.823281598213728,2.8672462314677114,3.2993958695023426,3.044712106883118,2.38450432827024,3.1788868278830424,5.155691689075558,3.098265733511947,3.3704157166721878,3.243062740965155,5.740659889516452,3.682977392719181,4.289957621246878,4.000657945807024,2.978948511020821,2.9011520169742226,4.249426760759298,4.025087105756862,3.908361059093287,1.6883571929002288,3.921909076002594,3.668876310107498,3.366287291682446,2.307669532015179,6.277355246583956,4.36461954925336,4.88598780146446,2.7728684408571684,4.055334213049909,2.092415942620388,3.78635578622555,3.258284439666503,2.7566437416019394,4.647166193041961,2.0558964291241075,3.192157913588428,3.5185227494911713,3.997741568595777,1.6048764624724654,2.9072815974465875,3.2929239523317504,3.799164808678664,5.23575456967333,4.709586024528172,2.562454639521964,6.057667066489227,2.192388594646701,3.1798980350038555,3.08874813105475,5.035180179007484,4.339929275662272,2.9310643994544368,3.2625050010288588,3.444175714354551,2.732528856633267,3.3173090471748194,2.989329141754572,4.685642503909196,6.04343641406121,3.324255631677736,2.9363409316059226,4.792903290269248,3.7320933596239056,3.7727864933273807,2.940388860457956,3.4130239739013843,5.790074636696046,2.2398918612973073,4.987791532993148,5.364674062603816,5.292282882233147,1.6723123097036774,3.7223548752997377,3.1831843641826634,4.194240328874446,2.6750629719588,4.181683005225556,2.2439791029250005,3.463648895309629,2.544536719334584,4.67342820358669,2.2444194735060803,4.790084415929162,2.317383748626713,5.5365091431415285,4.428167689434501,5.132287358856858,3.500243720071982,2.293945305335763,3.7299798654979925,3.1246578989549256,2.4308907294091098,2.223499138678413,3.646967843933375,3.408883414620747,2.342747778683994,3.5688458488588584
0.9019175580433022,1.49008202259181,4.767263274567889,1.2718493332188265,4.8849973675313665,5.781865681240946,2.8308433415171708,3.2487269733144384,3.010085876397083,2.344258072103287,3.1398199515149328,5.127330231521586,3.0552244130652557,3.3194277495082964,3.2020969969201953,5.697090870457046,3.634336990563477,4.249910167583458,3.9509930817091936,2.9351621692742897,2.854312759339522,4.216425234136991,3.993222239198948,3.859782606959624,1.6375619306282585,3.873981905109222,3.6268077046468763,3.3167436891829336,2.255675638288749,6.252187617519179,4.31708258840589,4.848113359162409,2.720253035490127,4.006828786459252,2.0478775660346917,3.7470801136611627,3.204634633330831,2.7058625485989483,4.598339527381419,2.0142208924057607,3.1517246605364067,3.477255177042635,3.9563728494209105,1.5507169473043032,2.854028627645614,3.2437263098939493,3.7526129063940044,5.1952942927119645,4.667240766824059,2.5151408626835154,6.017440948966813,2.1434470601182234,3.143579371683588,3.036015414984772,4.990476063869117,4.300173524679094,2.887916136348723,3.234804872928593,3.4104259319315675,2.684567197485409,3.2789398881662484,2.9385258355867405,4.648959010564814,6.01175504606634,3.2807809241374164,2.8986437009297266,4.763339705083208,3.6819159700302233,3.724121472280024,2.8965576422253587,3.3787867241811123,5.764923906640678,2.201326625484479,4.951324564908128,5.337798149987123,5.261309387548243,1.6282341376002598,3.673404072435697,3.1342927627826676,4.151470554313344,2.6210677641535787,4.133322009092167,2.195748623096791,3.4282234924897708,2.5042848139033884,4.639324846945246,2.1870470417338534,4.747355722577787,2.2677338750474716,5.504671652950302,4.39666286540758,5.093505183724903,3.461823365288148,2.24162285649028,3.6815158874761815,3.072711296876512,2.3801833256967564,2.172723680913358,3.596874795892492,3.3660403404816233,2.2910664194686383,3.5181911487937194
0.9062797849211269,1.78903097584025,4.735754084894262,1.2125317739035868,4.84825839008814,5.740449764268168,2.794440451566633,3.1980580771265474,2.975459645911047,2.304011815936323,3.100753075146824,5.098968773967606,3.012183092618563,3.2684397823444087,3.161131252875241,5.653521851397643,3.5856965884077745,4.209862713920033,3.9013282176113586,2.8913758275277317,2.8074735017048322,4.183423707514657,3.9613573726410234,3.811204154825968,1.5904022080719489,3.8260547342158526,3.5847390991862627,3.2672000866834114,2.2036817445623216,6.227019988454404,4.269545627558429,4.818307914263392,2.667637630123104,3.9583233598686087,2.0033391894490027,3.7078044410967914,3.150984826995165,2.655081355595957,4.549512861720872,1.9725453556874195,3.1112914074843836,3.435987604594116,3.915004130246026,1.4965574321361548,2.800775657844645,3.1945286674561437,3.706061004109329,5.154834015750593,4.624895509119965,2.4678270858450766,5.977214831444399,2.094505525589746,3.1072607083633264,2.98328269891479,4.945771948730741,4.260417773695909,2.844767873242997,3.2071047448283387,3.37667614950856,2.636605538337535,3.240570729157663,2.8877225294188937,4.612275517220433,5.980073678071464,3.23721409341036,2.8609464702535314,4.733776119897152,3.631738580436542,3.6754564512326873,2.852726423992741,3.344549474460827,5.739773176585315,2.162761389671661,4.914857596823112,5.310922237370448,5.230335892863323,1.5841559654968391,3.6244532695716503,3.08540116138267,4.1087007797522235,2.567072556348357,4.08496101295878,2.147518143268573,3.391832270971908,2.4640329084721753,4.60522149030381,2.129674609961625,4.71343851240589,2.2207317101100656,5.4728341627590815,4.365158041380659,5.05472300859293,3.4234030105043116,2.189300407644783,3.6330519094543865,3.0207646947981024,2.32947592198441,2.121948223148288,3.5467817478516084,3.323197266342495,2.239385060253273,3.4675364487285885
0.9106420117989515,10.2192943926548,4.70424489522064,1.1532142145883468,4.811519412644914,5.699033847295387,2.7580375616160877,3.147389180938653,2.9408334154250086,2.2637655597693724,3.061686198778718,5.070607316413614,2.9691417721718727,3.2174518151805254,3.1201655088302935,5.609952832338238,3.5370561862520793,4.169815260256614,3.8516633535135316,2.847589485781202,2.7606342440701317,4.150422180892343,3.9294925060830916,3.7626257026923104,1.5498971119945677,3.7781275633224887,3.542670493725643,3.217656484183898,2.151687850835904,6.201852359389637,4.2220086667109635,4.788502469364394,2.6150222247560624,3.909817933277954,1.9588008128633019,3.668528768532412,3.0973350206595027,2.6043001625929536,4.500686196060331,1.9308698189690816,3.0708581544323623,3.3947200321455906,3.873635411071155,1.4423979169680048,2.7475226880436665,3.1453310250183515,3.6595091018246677,5.1143737387892125,4.582550251415863,2.420513309006628,5.936988713921966,2.0455639910612637,3.0709420450430676,2.9393349313064308,4.90106783359238,4.220662022712724,2.801619610137271,3.179404616728079,3.342926367085566,2.588643879189669,3.202201570149077,2.8369192232510603,4.575592023876058,5.948392310076594,3.193647262683313,2.823249239577345,4.704212534711107,3.581561190842854,3.6267914301853343,2.808895205760135,3.310312224740553,5.714622446529942,2.1241961538588425,4.878390628738093,5.2840463247537635,5.199362398178412,1.5400777933934153,3.5755024667076096,3.0365095599826653,4.0659310051911115,2.5130773485431384,4.036600016825389,2.0992876634403714,3.3532060369929866,2.4237810030409754,4.571118133662363,2.072302178189404,4.6810245548902225,2.1813673135960565,5.440996672567861,4.333653217353733,5.0159408334609745,3.384982655720493,2.1369779587992976,3.584587931432565,2.968818092719678,2.2787685182720505,2.071172765383225,3.4966886998107176,3.280354192203374,2.187703701037922,3.4168817486634593
0.9150042386767763,11.2902041017251,4.672735705547008,1.0938966552731009,4.774780435201688,5.657617930322607,2.721634671665554,3.0967202847507505,2.9062071849389746,2.2235193036024237,3.0226193224106055,5.0422458588596495,2.9261004517251816,3.166463848016642,3.079199764785333,5.56638381327884,3.488415784096376,4.129767806593191,3.8019984894157135,2.803803144034661,2.71379498643544,4.117420654270029,3.8976276395251706,3.714047250558652,1.5093920159171799,3.7302003924291274,3.5006018882650194,3.168112881684382,2.09969395710948,6.176684730324858,4.174471705863502,4.758697024465386,2.5624068193890315,3.861312506687293,1.9142624362776235,3.6292530959680214,3.0436852143238413,2.553518969589967,4.451859530399791,1.8891942822507295,3.03042490138034,3.353452459697075,3.8322666918962804,1.3882384017998346,2.694269718242693,3.096133382580554,3.6129571995400065,5.073913461827839,4.540204993711763,2.3731995321681856,5.896762596399555,1.9966224565327828,3.0346233817228034,2.896868094080884,4.856363718454006,4.1809062717295395,2.7584713470315494,3.1517044886278214,3.309176584662585,2.540682220041809,3.163832411140497,2.7861159170832197,4.5389085305316765,5.916710942081722,3.150080431956252,2.785552008901149,4.674648949525057,3.531383801249171,3.575396737491655,2.7650639875275314,3.27607497502028,5.689471716474577,2.0856309180460144,4.841923660653077,5.257170412137084,5.168388903493508,1.4959996212899902,3.526551663843561,2.987617958582666,4.0231612306299835,2.467054939150847,3.9882390206919993,2.0510571836121514,3.3145798030140723,2.383529097609764,4.537014777020914,2.014929746417179,4.6486105973745575,2.1420029170820296,5.4091591823766345,4.302148393326817,4.977158658328997,3.3465623009366574,2.0947907266266466,3.53612395341076,2.9168714906412543,2.228061114559691,2.02039730761817,3.4465956517698313,3.237511118064246,2.1360223418225495,3.366227048598325
0.9193664655546009,10.576172582363,4.641226515873388,1.0345790959578642,4.738041457758459,5.61620201334983,2.685231781715009,3.046051388562865,2.871580954452936,2.183273047435459,2.9835524460424994,5.013884401305674,2.883059131278487,3.1154758808527427,3.038234020740373,5.531253518451503,3.439775381940679,4.08972035292977,3.752333625317891,2.7600168022881126,2.6669557288007493,4.084419127647706,3.8657627729672503,3.6707756447394004,1.4688869198398031,3.6822732215357394,3.458533282804397,3.118569279184869,2.0477000633830578,6.151517101260081,4.126934745016036,4.728891579566379,2.5097914140219935,3.8130137870689014,1.869724059691931,3.589977423403636,2.990035407988165,2.5027377765869856,4.4030328647392505,1.847518745532393,2.9899916483283153,3.312184887248545,3.7908979727213987,1.3340788866316708,2.6410167484417295,3.046935740142759,3.5664052972553364,5.0334531848664765,4.4978597360076655,2.3258857553297405,5.856536478877128,1.9476809220043083,2.998304718402534,2.854401256855332,4.811659603315645,4.1411505207463515,2.715323083925835,3.1240043605275636,3.275426802239589,2.4927205608939262,3.125463252131918,2.735312610915382,4.502225037187295,5.885029574086854,3.1065136012291923,2.747854778224954,4.645085364339005,3.481206411655493,3.5235528216694325,2.7212327692949243,3.241837725299999,5.66432098641921,2.0470656822331987,4.805456692568056,5.230294499520388,5.13741540880858,1.4519214491865664,3.4776008609795186,2.9387263571826576,3.980391456068877,2.4232735184144207,3.939878024558621,2.003529557675974,3.275953569035167,2.3432771921785625,4.502911420379478,1.9575573146449556,4.616196639858894,2.102638520568015,5.377321692185416,4.270643569299896,4.938376483197038,3.308141946152827,2.052692233111573,3.4876599753889588,2.864924888562842,2.1773537108473393,1.9696218498530966,3.3965026037289423,3.1946680439251205,2.084340982607192,3.3155723485331894
0.9237286924324256,11.3640899837732,4.6097173261997595,0.9752615366426212,4.701302480315228,5.5747860963770535,2.648828891764478,2.995382492374958,2.8369547239668975,2.1430267912684924,2.9444855696743835,4.985522943751684,2.840017810831804,3.0698392698038237,3.0003225442428425,5.497852663924652,3.3911349797849715,4.051149086302624,3.702668761220063,2.7162304605415697,2.620116471166045,4.051417601025382,3.8338979064093257,3.6323506991151673,1.4283818237624093,3.6343460506423755,3.41646467734377,3.0690256766853574,1.9957061696566412,6.1263494721953,4.0793977841685765,4.699086134667373,2.4571760086549563,3.7661253346417327,1.8251856831062379,3.550701750839261,2.9363856016525034,2.451956583583989,4.354206199078704,1.8058432088140444,2.9495583952762914,3.270917314800032,3.7495292535465223,1.2799193714635178,2.587763778640741,2.9977380977049597,3.5198533949706654,4.992992907905103,4.4555144783035585,2.2785719784913026,5.81631036135471,1.8987393874758276,2.9619860550822734,2.811934419629793,4.766955488177264,4.101394769763172,2.6721748208201035,3.0963042324273147,3.241677019816601,2.4447589017460585,3.087094093123346,2.684509304747537,4.465541543842916,5.853348206091985,3.0629467705021343,2.7101575475487616,4.615521779152959,3.437509153738114,3.4717089058472084,2.6774015510623164,3.2076004755797083,5.639170256363845,2.008500446420374,4.768989724483036,5.203418586903708,5.106441914123676,1.4078432770831473,3.4286500581154797,2.889834755782659,3.9376216815077596,2.3794920976780016,3.89151702842522,1.9654310364312886,3.237327335056251,2.303025286747359,4.468808063738037,1.900184882872732,4.583782682343224,2.0632741240539954,5.345484201994197,4.239138745272972,4.899594308065079,3.2697215913689854,2.0105937395964943,3.4391959973671424,2.8129782864844195,2.1266463071349913,1.9188463920880385,3.3464095556880515,3.1518249697860012,2.0326596233918304,3.2649176484680513
0.9280909193102502,8.29841702665794,4.578208136526129,0.9159439773273719,4.664563502872001,5.533370179404263,2.612426001813926,2.9447135961870536,2.802328493480866,2.1027805351015436,2.905418693306271,4.9571614861976965,2.796976490385113,3.028957716701882,2.9656133598913446,5.4644518093978,3.3424945776292683,4.015738830318334,3.6530038971222405,2.672444118795032,2.5732772135313535,4.018416074403067,3.8020330398513975,3.593925753490942,1.3860269671400751,3.5864188797490018,3.3743960718831545,3.01948207418583,1.9437122759302172,6.101181843130531,4.031860823321107,4.669280689768356,2.404560603287919,3.7192368822145587,1.7806473065205484,3.511426078274879,2.8827357953168438,2.4011753905809954,4.305379533418159,1.7641676720957065,2.9091251422242763,3.2296497423515067,3.7067304108690893,1.2257598562953615,2.534510808839771,2.9485404552671666,3.473301492686005,4.95253263094373,4.4131692205994675,2.2312582016528673,5.776084243832307,1.8497978529473438,2.925667391762012,2.769467582404248,4.722251373038899,4.061639018779979,2.6290265577143854,3.068604104327057,3.207927237393603,2.3967972425981996,3.048724934114772,2.633705998579707,4.428858050498529,5.821666838097113,3.01937993977508,2.6724603168725807,4.585958193966913,3.3974434365764017,3.41986499002498,2.633570332829712,3.1733632258594433,5.614019526308476,1.9699352106075494,4.73252275639803,5.176542674287019,5.075468419438766,1.3637651049797157,3.3796992552514293,2.843369632940627,3.8948519069466467,2.335710676941579,3.843156032291837,1.9273325151866112,3.1987011010773347,2.2627733813161557,4.4347047070965955,1.84281245110051,4.551368724827569,2.023909727539972,5.313646711802963,4.207633921246044,4.860812132933112,3.231301236585156,1.968495246081419,3.390732019345342,2.7705414798749723,2.075938903422635,1.8680709343229747,3.2963165076471643,3.108981895646881,1.9809782641764626,3.2142629484029195
0.932453146188075,0.0144623395129877,4.546698946852502,0.8566264180121352,4.627824525428769,5.4919545780110886,2.576023111863388,2.8940446999991583,2.7661467444963224,2.0625342789345913,2.8663518169381614,4.9288000286437255,2.753935169938406,2.9880761635999313,2.9309041755398413,5.431050954870937,3.2938541754735597,3.9803285743340346,3.603339033024418,2.6286577770485025,2.5264379558966645,3.985414547780743,3.7701681732934764,3.555500807866699,1.3431088598060343,3.538491708855637,3.3323274664225266,2.976444929272575,1.8917183822037964,6.076014214065751,3.9843238624736435,4.639475244869362,2.35194519792089,3.672348429787382,1.7361089299348558,3.472150405710498,2.8290859889811797,2.350394197578,4.256552867757615,1.7224921353773637,2.868691889172248,3.188382169902983,3.6638590503360495,1.1716003411271962,2.4812578390387943,2.899342812829369,3.4267495904013376,4.912072353982359,4.370823962895368,2.1839444248144124,5.7386091920213795,1.8008563184188644,2.8893487284417487,2.7270007451787084,4.67754725790054,4.021883267796803,2.585878294608656,3.0409039762267884,3.174177454970607,2.348835583450321,3.010355775106195,2.582902692411861,4.3921745571541555,5.789985470102235,2.975813109048036,2.6347630861963767,4.556394608780861,3.3573777194146963,3.3680210742027565,2.5897391145971085,3.1391259761391614,5.5888687962531165,1.9313699747947262,4.6960557883129965,5.149666761670345,5.044494924753849,1.3196869328762966,3.330748452387386,2.8045240210991844,3.8520821323855223,2.291929256205141,3.7947950361584466,1.8892339939419307,3.1600748670984142,2.222521475884946,4.400601350455157,1.7854400193282818,4.518954767311894,1.9845453310259604,5.281809221611745,4.176129097219125,4.822029957801139,3.192880881801325,1.9263967525663512,3.342268041323524,2.7286737118450306,2.0252314997102854,1.8172954765579148,3.2462234596062807,3.0654079714286144,1.9292969049611084,3.1636082483377947
0.9368153730658996,0.197305949125296,4.515189757178878,0.7973088586968955,4.591085547985549,5.455123896276401,2.5396202219128448,2.8517384100611434,2.7271619632150834,2.022288022767623,2.8272849405700553,4.900438571089744,2.710893849491722,2.94719461049798,2.896194991188345,5.3976501003440855,3.2452137733178663,3.9449183183497363,3.5536741689265954,2.584871435301955,2.47959869826197,3.9524130211584234,3.7383033067355536,3.517075862242476,1.3001907524719871,3.4905645379622614,3.2902588609619148,2.9369197803075524,1.8397244884773725,6.05084658500098,3.936786901626178,4.609669799970356,2.299329792553854,3.625459977360207,1.691570553349165,3.4328747331461074,2.7754361826454996,2.299613004575005,4.207726202097076,1.6808165986590196,2.828258636120231,3.1471145974544577,3.620987689803024,1.1174408259590338,2.4280048692378324,2.8548020771346074,3.380197688116665,4.873373295369315,4.334936820528495,2.136630647975972,5.708384195069262,1.7519147838903948,2.8530300651214935,2.684533907953167,4.63284314276217,3.9821275168136117,2.542730031502936,3.0132038481265386,3.1404276725476308,2.3008739243024463,2.971986616097615,2.532099386244015,4.355491063809772,5.758304102107365,2.932246278320969,2.5970658555201798,4.526831023594818,3.3173120022529963,3.3161771583805235,2.5459078963645014,3.104888726418878,5.56371806619775,1.892804738981906,4.659588820227993,5.122790849053661,5.013521430068941,1.2756087607728712,3.28179764952334,2.7656784092577578,3.809312357824415,2.2481478354687106,3.7464340400250595,1.851624673534164,3.1214486331195026,2.1822695704537507,4.366497993813706,1.7339774474263552,4.486540809796231,1.9451809345119415,5.249971731420515,4.144624273192199,4.78324778266918,3.1544605270174975,1.8842982590512742,3.2938040633017094,2.686805943815094,1.9745240959979224,1.7665200187928505,3.1961304115653952,3.0201684674112936,1.8776155457457386,3.1129535482726522
0.9411775999437243,-0.872498719734844,4.4836805675052505,0.7379912993816586,4.554346570542316,5.418293214541707,2.503217331962298,2.8110504674583243,2.688177181933842,1.9820417666006802,2.788218064201949,4.872077113535763,2.667852529045028,2.906313057396029,2.861485806836839,5.364249245817233,3.1965733711621738,3.909508062365447,3.5040093048287604,2.541085093555407,2.4327594406272803,3.9194114945360976,3.7064384401776262,3.4786509166182285,1.2572726451379368,3.4426373670688877,3.2481902555012994,2.897394631342535,1.7877305947509485,6.0256789559362005,3.889249940778722,4.57986435507135,2.246714387186815,3.578571524933041,1.6470321767634737,3.393599060581735,2.721786376309839,2.2488318115720176,4.158899536436539,1.6391410619406768,2.7878253830681974,3.105847025005934,3.5781163292699905,1.0708274387356753,2.37475189943685,2.8155683632276096,3.3336457858320037,4.842863643302115,4.302563766629259,2.0893168711375196,5.678159198117139,1.702973249361903,2.8167114018012134,2.642067070727622,4.5881390276237966,3.942371765830428,2.4995817683972197,2.9855037200262853,3.106677890124641,2.2529122651545794,2.9336174570890226,2.4832663532748924,4.318807570465397,5.726622734112499,2.888679447593919,2.559368624843988,4.497267438408774,3.277246285091282,3.2643332425583003,2.502076678131897,3.0706514766986093,5.538567336142384,1.854239503169094,4.623121852142959,5.095914936436984,4.982547935384033,1.2315305886694536,3.2328468466592986,2.7268327974163125,3.766542583263294,2.204366414732281,3.698073043891668,1.8151266637167673,3.0828223991405848,2.1420176650225384,4.332394637172269,1.6865747006148222,4.454126852280572,1.905816537997919,5.2181342412292935,4.113119449165279,4.744465607537212,3.1160401722336672,1.8421997655361937,3.2453400852799072,2.6449381757851462,1.9238166922855726,1.7157445610277928,3.1514456060036773,2.9749289633939773,1.8259341865303818,3.0622988482075177
0.9455398268215489,1.40304163819688,4.452171377831617,0.6816718106154298,4.517607593099085,5.381462532807019,2.4668144420117626,2.7703625248555106,2.649192400652595,1.9417955104337186,2.7491511878338386,4.843715655981786,2.6248112085983415,2.8654315042940794,2.8267766224853306,5.330848391290385,3.147932969006475,3.874097806381152,3.454344440730935,2.497298751808872,2.385920182992586,3.8864099679137825,3.6745735736197167,3.440225970994007,1.2143545378038865,3.3947101961755157,3.2061216500406626,2.8578694823775113,1.7357367010245273,6.000511326871422,3.8417129799312484,4.550058910172335,2.1940989818197894,3.5316830725058708,1.6024938001777824,3.354323388017354,2.6681365699741777,2.1980506185690247,4.110072870775994,1.5974655252223313,2.747392130016175,3.0645794525574175,3.5352449687369587,1.0265994974657497,2.321498929635877,2.77633464932061,3.287093883547332,4.812353991234924,4.270190712730031,2.042003094299081,5.6479342011650315,1.6540317148334236,2.78039273848096,2.5996002335020787,4.543434912485433,3.9026160148472497,2.4564335052914927,2.9578035919260275,3.0729281077016353,2.2049506060067126,2.895248298080448,2.4423691210214082,4.282124077121008,5.694941366117633,2.8451126168668592,2.521671394167801,4.4677038532227185,3.237180567929573,3.2124893267360655,2.4582454598992918,3.036414226978331,5.513416606087022,1.8156742673562725,4.586654884057944,5.069039023820303,4.95157444069912,1.1874524165660283,3.1838960437952526,2.6879871855748885,3.7237728087021846,2.1605849939958643,3.652206266898845,1.7785935031515219,3.044196165161674,2.101765759591335,4.298291280530818,1.639171953803295,4.421712894764907,1.8664521414839095,5.186296751038071,4.081614625138355,4.705683432405259,3.0776198174498397,1.8001012720211167,3.1968761072580962,2.603070407755201,1.8731092885732166,1.664969103262713,3.1112743547000745,2.9296894593766547,1.77425282731502,3.0116441481423886
0.9499020536993736,0.173449789906002,4.420662188158004,0.6322199071028403,4.480868615655856,5.34463185107232,2.430411552061223,2.729674582252703,2.610207619371347,1.901549254266768,2.710084311465729,4.815354198427798,2.581769888151639,2.8245499511921226,2.7920674381338255,5.29744753676353,3.0992925668507674,3.8386875503968634,3.4046795766331197,2.4535124100623333,2.3390809253578757,3.853408441291461,3.6427087070617876,3.4018010253697657,1.1714364304698426,3.350379071460152,3.1668384344135534,2.8183443334124876,1.6837428072981002,5.975343697806643,3.794176019083787,4.5202534652733295,2.1414835764527504,3.484794620078696,1.557955423592093,3.3150477154529723,2.614486763638511,2.1472694255660336,4.061246205115453,1.5557899885039947,2.7069588769641486,3.0233118801088903,3.492373608203927,0.9823715561958211,2.2682459598349034,2.7371009354136158,3.243281567497106,4.7818443391677405,4.237817658830794,1.9946893174606368,5.617709204212912,1.6050901803049384,2.7440740751607002,2.557133396276531,4.498730797347061,3.8628602638640572,2.4132852421857782,2.9301034638257635,3.039178325278649,2.156988946858843,2.8568791390718804,2.4014718887679356,4.245440583776633,5.663259998122761,2.8015457861398065,2.4839741634916077,4.43814026803666,3.1971148507678713,3.1606454109138458,2.414414241666684,3.002176977258056,5.48826587603165,1.7771090315434381,4.5501879159729235,5.042163111203611,4.920600946014208,1.1433742444626092,3.1349452409312057,2.649141573733443,3.6810030341410602,2.1168035732594257,3.6137086327965386,1.7378042811531114,3.005569931182756,2.0615138541601263,4.2641879238893745,1.5917692069917646,4.389861107315212,1.8270877449698906,5.154459260846849,4.050109801111436,4.666901257273281,3.0391994626660104,1.758002778506046,3.1484121292362888,2.5612026397252645,1.8224018848608663,1.6141936454976549,3.071103103396495,2.8844499553593357,1.7225714680996533,2.9609894480772496
0.9542642805771983,10.2898698199387,4.389152998484367,0.5827680035902414,4.4441296382126305,5.307801169337624,2.394008662110675,2.6889866396498894,2.5712228380901037,1.8613029980998046,2.671017435097614,4.78699274087382,2.538728567704962,2.7836683980901773,2.757358253782323,5.264046682236686,3.0527750253095514,3.8032772944125606,3.3550147125352865,2.4097260683157877,2.2922416677231876,3.8204069146691353,3.610843840503864,3.363376079745522,1.1285183231357923,3.3122755566479105,3.1345898112593753,2.7788191844474674,1.6317489135716794,5.95017606874187,3.746639058236334,4.490448020374329,2.0921416819522376,3.437906167651521,1.513417047006408,3.275772042888594,2.5608369573028416,2.0964882325630363,4.012419539454907,1.5141144517856524,2.6665256239121344,2.9820443076603604,3.4495022476708943,0.9381436149258957,2.2149929900339274,2.6978672215066135,3.2065494399437338,4.751334687100546,4.205444604931554,1.9473755406221913,5.587484207260802,1.5561486457764622,2.7077554118404352,2.514666559050994,4.4540266822086885,3.830818551494633,2.370136979080053,2.902403335725504,3.005428542855668,2.1090272877109735,2.8185099800632942,2.360574656514464,4.2087570904322495,5.631578630127887,2.7579789554127503,2.446276932815411,4.408576682850629,3.157049133606166,3.1088014950916163,2.370583023434076,2.9679397275377744,5.463115145976288,1.7385437957306198,4.513720947887913,5.015287198586927,4.89692610887108,1.099296072359187,3.085994438067167,2.610295961892004,3.6382332595799483,2.073022152523002,3.5752109986942404,1.6970150591547106,2.9669436972038357,2.0212619487289247,4.2300845672479355,1.5443664601802374,4.359035050972688,1.787723348455862,5.122621770655619,4.018604977084509,4.628119082141321,3.000779107882175,1.715904284990969,3.0999481512144795,2.5193348716953246,1.7797454494417935,1.563418187732606,3.03093185209291,2.8392104513420158,1.6708901088842978,2.9103347480121204
0.958626507455023,0.0112644444698323,4.357643808810745,0.5333161000776612,4.409828927165295,5.274383304382554,2.3576057721601362,2.655879676841085,2.5373595983308777,1.8226394280269689,2.634329308527813,4.766615552499741,2.4994799595718895,2.7431307254989656,2.7295669063603016,5.23821167310319,3.0191868001001287,3.7712926230951256,3.3066697514145718,2.3704075535016225,2.2466384689142282,3.7919153411867796,3.5846105317113164,3.3318473751594615,1.0897583674952585,3.282350279954633,3.1035047077421227,2.740885774038933,1.5820118030023205,5.926502863770337,3.7056877343451475,4.469294224056237,2.0493041590314736,3.399664861299674,1.4733284733517678,3.2418178357206546,2.513771102023794,2.049492752500856,3.9635928737943598,1.4735553355186914,2.6313928675667455,2.9435679687608545,3.407586158412828,0.8985747771186592,2.16348612649605,2.6624828396695834,3.1744520094668864,4.729154190778875,4.174578781018625,1.9005747274929272,5.560769228809768,1.5125455611937924,2.677058173158974,2.4774657884636175,4.410346297952925,3.8055975729586278,2.332699921242966,2.881411978823592,2.974150399997794,2.0682364621126013,2.785030734194267,2.320656005133184,4.17378113831615,5.603281834481422,2.720476549396839,2.410525014269478,4.386099406547064,3.1215563019759367,3.0633745517328688,2.3267518052014706,2.9360995580743188,5.441174076309458,1.704873926342872,4.481033221296297,4.98841128597024,4.877593788165396,1.057627241051524,3.0417774903092365,2.571970673073027,3.600882310438312,2.034709451738922,3.543171656270262,1.6588038525922768,2.9291789527697354,1.9846483259802696,4.202506276470537,1.5014804520629668,4.330370182269434,1.7499828648092024,5.094061559969725,3.9871001530575905,4.591640352332787,2.967087460505474,1.6782506257118925,3.058787343939545,2.4820216789408214,1.7388374812569574,1.52050961009381,2.99410206378748,2.8009457522576486,1.627625250776392,2.860263252352852
0.9629887343328476,10.4771350761442,4.344757535670661,0.4985780339204733,4.392530048407742,5.256991364496657,2.3383472481312895,2.634624633764079,2.5178111715387477,1.801834458897267,2.6147026135965667,4.757686425823565,2.4758768511202147,2.7216921753552894,2.7142915552847198,5.224243739430387,2.9997552226083197,3.7553210911603383,3.27644653881093,2.346058480845439,2.219240979005412,3.7783510247637757,3.572181305002985,3.312856293192512,1.0662779619685314,3.2636788223064537,3.0906979528530405,2.7208018995517484,1.5494582602535563,5.92077664418235,3.6775850739274647,4.458920167701002,2.0247635936691655,3.372207803779272,1.4482273910514254,3.2219782376235164,2.4814871779078684,2.018149781259896,3.93252840608182,1.4513217323346501,2.610395718358446,2.9217400039717507,3.3841569546708374,0.8737838374887541,2.1296742169566096,2.642687258742967,3.1553481672084525,4.71807638281701,4.161647118833243,1.8727037197364604,5.549982838185806,1.4830400773365222,2.660175163896203,2.454435103313796,4.385084244772881,3.795076630358614,2.3089871862981584,2.873145978043624,2.9598406698531647,2.0397082801945734,2.766098253920757,2.2992008973833613,4.156538758758172,5.591039247707851,2.696344751235843,2.3922685672886512,4.375969417569838,3.1009277070240815,3.030965173368899,2.300255884029923,2.9213024643058194,5.435462371236561,1.6857453616335774,4.464004484003509,4.978942394393753,4.875857257822172,1.0329892078532115,3.0122635845282595,2.5525678201317943,3.5775484739249475,2.0103638991252915,3.5241085015689135,1.6374545349234382,2.909995005464131,1.963834847995998,4.187837305392948,1.4735149059641575,4.318984609750158,1.7300596981318181,5.081663000538678,3.9745679395560485,4.572298463321727,2.948104010005566,1.6555894334274777,3.0297566568138707,2.459591058722853,1.7172342852546778,1.4891666487896396,2.9733696537936813,2.775140001364771,1.6051316618290767,2.829051224182118
0.9673509612106723,-1.02860429631382,4.332692958367881,0.46857611192145665,4.375231169650177,5.241582048424386,2.321391007849118,2.613369590687064,2.4982627447466292,1.781029489767578,2.595075918665324,4.7487572991473925,2.452273742668522,2.7002536252116256,2.6990162042091406,5.210275805757597,2.9803236451165196,3.7393495592255466,3.2462233262072875,2.3217094081892515,2.1918434890965868,3.764786708340769,3.559752078294653,3.2938652112255618,1.0427975564418168,3.245007364658269,3.0778911979639467,2.7007180250645604,1.516904717504801,5.91505042459438,3.6494824135097756,4.448546111345775,2.0013711329397106,3.344750746258855,1.4231263087510673,3.2021386395263622,2.4569561215453373,1.9868068100189322,3.903147539741404,1.4290881291505992,2.5893985691501555,2.8999120391826425,3.360727750928853,0.8489928978588552,2.0958623074171747,2.6228916778163534,3.1357279943526466,4.70699857485514,4.148715456647874,1.844832711979987,5.53919644756185,1.4535345934792612,2.6432921546334303,2.431404418163969,4.3598221915928335,3.7845556877585995,2.285274451353339,2.8648799772636595,2.945530939708533,2.0119245345940495,2.7471657736472554,2.2777457896335456,4.139296379200197,5.578796660934292,2.6722129530748386,2.3740121203078255,4.365839428592613,3.0802991120722254,2.9985557950049326,2.275871052826699,2.9065053705373245,5.429750666163671,1.6666167969242698,4.446975746710727,4.971512770111055,4.874120727478954,1.0083511746548894,2.982749678747271,2.533164967190558,3.554214637411575,1.9860183465116792,3.5050453468675595,1.616105217254615,2.8908110581585102,1.943021370011717,4.173168334315369,1.4455493598653673,4.307599037230879,1.710136531454425,5.06926444110764,3.9625072448966447,4.557818292520362,2.929120559505673,1.6329282411430535,3.0007259696881876,2.437160438504897,1.6957699872387264,1.4578236874854662,2.952637243799889,2.74933425047188,1.5826380728817646,2.7978391960114024
0.9717131880884969,0.412947532693243,4.320628381065106,0.43857418992241815,4.35793229089262,5.233831675613215,2.304434767566941,2.592114547610046,2.4787143179545073,1.760224520637889,2.5754492237341022,4.739828172471214,2.4286706342168323,2.678815075067953,2.683740853133549,5.196307872084796,2.960892067624708,3.7233780272907637,3.216000113603654,2.2973603355330807,2.1657187955413075,3.7512223919177687,3.547322851586326,3.2748741292586123,1.0193171509151053,3.226335907010105,3.0650844430748663,2.680634150577366,1.4843511747560585,5.909324205006398,3.6213797530920964,4.4381720549905515,1.9779786722102408,3.317293688738439,1.3980252264507185,3.1822990414292116,2.432425065182807,1.955463838777994,3.873766673400988,1.4068545259665641,2.568401419941856,2.8780840743935423,3.337298547186869,0.8242019582289628,2.062050397877732,2.6030960968897396,3.116107821496847,4.6959207668932645,4.135783794462492,1.8169617042235073,5.528410056937889,1.4267995182727184,2.6264091453706557,2.4083737330141544,4.334560138412802,3.7740347451585894,2.261561716408523,2.856613976483704,2.9312212095639065,1.9930324083391413,2.7282332933737514,2.2562906818837316,4.1211792123064095,5.566554074160714,2.6480811549138377,2.355755673327005,4.355709439615403,3.0596705171203586,2.966146416640961,2.251486221623474,2.8917082767688314,5.424038961090771,1.6474882322149689,4.429947009417937,4.964083145828359,4.872384197135733,0.9837131414565705,2.953235772966284,2.513762114249328,3.5308808008982107,1.9616727938980454,3.485982192166203,1.5947558995857765,2.8716271108529083,1.922207892027452,4.158499363237792,1.4175838137665644,4.296213464711595,1.6902133647770345,5.056865881676608,3.9504465502372383,4.5481307859849025,2.910137109005749,1.6102670488586417,2.9776762206461544,2.4147298182869283,1.6743056892227786,1.426480726181296,2.9319048338060814,2.723528499579005,1.560144483934453,2.7696330429408027
0.9760754149663217,-1.27870683400305,4.308563803762316,0.4085722679234015,4.340633412135069,5.226081302802052,2.2874785272847706,2.570859504533046,2.4591658911623853,1.739419551508184,2.5558225288028504,4.73089904579504,2.4050675257651575,2.6573765249242927,2.668465502057967,5.182339938411999,2.941460490132915,3.707406495355966,3.191705827794478,2.2730112628768904,2.1479170008032664,3.7376580754947524,3.534893624878009,3.2558830472916593,0.9958367453883845,3.207664449361901,3.0522776881857787,2.660550276090178,1.4517976320072972,5.90359798541842,3.59327709267441,4.427797998635317,1.9545862114807802,3.2898366312180363,1.3729241441503541,3.162459443332076,2.4078940088202705,1.924120867537024,3.844385807060587,1.3846209227825228,2.5474042707335665,2.856256109604443,3.3138693434448907,0.799411018599067,2.028238488338295,2.583300515963135,3.0964876486410295,4.684842958931394,4.122852132277109,1.7890906964670437,5.5176236663139315,1.406896366216217,2.6095261361078848,2.3853430478643274,4.309298085232746,3.7635138025585704,2.2378489814637152,2.848347975703742,2.9169114794192774,1.9741402820842173,2.709300813100234,2.234835574133916,4.102504289459181,5.554311487387144,2.623949356752833,2.3374992263461696,4.345579450638182,3.039041922168505,2.9337370382769947,2.2271013904202626,2.8769111830003364,5.418327256017877,1.6283596675056644,4.412918272125145,4.956653521545662,4.870647666792512,0.9590751082582609,2.923721867185307,2.4943592613080794,3.507546964384831,1.9373272412844111,3.4669190374648613,1.5734065819169374,2.8524431635472878,1.9013944140431802,4.143830392160212,1.3896182676677646,4.284827892192317,1.670290198099644,5.044467322245569,3.93838585557783,4.538443279449441,2.8911536585058535,1.5876058565742113,2.958262092693703,2.392299198068966,1.6528413912068431,1.395137764877126,2.911172423812279,2.6977227486861173,1.537650894987147,2.7480243900341534
0.9804376418441463,9.77882713677348,4.296499226459548,0.378570345924385,4.323334533377514,5.218330929990872,2.2705222870026063,2.549604461456031,2.4396174643702597,1.718614582378495,2.5361958338716164,4.721969919118869,2.3814644173134702,2.6359379747806226,2.6531901509823754,5.1683720047392026,2.9220289126411085,3.6914349634211723,3.1710565173730263,2.248662190220716,2.1301152060652475,3.7240937590717484,3.5224643981696957,3.236891965324703,0.9723563398616637,3.1889929917137314,3.0394709332967,2.64046640160298,1.4192440892585418,5.8978717658304465,3.565174432256729,4.417423942280083,1.9311937507513066,3.2623795736976247,1.3478230618500087,3.1426198452349157,2.383362952457749,1.8927778962960795,3.815004940720181,1.3623873195984813,2.526407121525276,2.834428144815335,3.2904401397029064,0.7746200789691651,1.9944265787988524,2.563504935036515,3.07686747578523,4.6737651509695235,4.109920470091738,1.761219688710564,5.506837275689979,1.3869932141597154,2.5926431268451067,2.362312362714519,4.284036032052715,3.752992859958554,2.2141362465188976,2.8400819749237876,2.902601749274636,1.955248155829315,2.690368332826724,2.213380466384103,4.083829366611954,5.5420689006135735,2.5998175585918286,2.319242779365359,4.335449461660949,3.018413327216642,2.9013276599130267,2.202716559217035,2.862114089231844,5.41261555094497,1.609231102796363,4.395889534832362,4.949223897262962,4.868911136449291,0.9344370750599358,2.894207961404317,2.474956408366853,3.4842131278714668,1.9129816886707929,3.44785588276351,1.5520572642481019,2.8332592162416805,1.8805809360589054,4.129161421082623,1.3616527215689618,4.273442319673056,1.6503670314222634,5.0320687628145295,3.9263251609184335,4.528755772913978,2.872170208005948,1.5649446642897933,2.9388479647412575,2.369868577851001,1.6313770931908917,1.3637948035729557,2.8904400138184867,2.671916997793245,1.515157306039826,2.726415737127497
0.984799868721971,-1.51036694314516,4.284434649156764,0.34856842392536513,4.306035654619959,5.210580557179705,2.253566046720433,2.5283494183790225,2.4200690375781306,1.697809613248803,2.5165691389403797,4.713040792442685,2.3578613088617866,2.614499424636943,2.637914799906806,5.1544040710664065,2.9025973351492995,3.6754634314863885,3.150407206951585,2.224313117564532,2.1123134113272126,3.7105294426487516,3.51003517146136,3.217900883357756,0.9488759343349429,3.1703215340655424,3.026664178407608,2.620382527115802,1.3866905465097867,5.892145546242459,3.5370717718390488,4.4070498859248515,1.907801290021846,3.234922516177205,1.3227219795496568,3.122780247137775,2.3588318960952215,1.861585267540921,3.7917388074608196,1.3401537164144368,2.50540997231698,2.812600180026239,3.267010935960916,0.7498291393392569,1.9606146692594157,2.5437093541099136,3.0572473029294214,4.662687343007657,4.096988807906358,1.7333486809540972,5.496050885066017,1.3670900621032078,2.5757601175823357,2.3392816775646947,4.258773978872672,3.7424719173585466,2.1904235115740844,2.8318159741438196,2.8882920191300068,1.9363560295743942,2.6714358525532163,2.1919253586342826,4.065154443764733,5.529826313840008,2.575685760430824,2.3009863323845234,4.325319472683729,2.997784732264786,2.8765024308109446,2.1783317280138137,2.847316995463351,5.40690384587207,1.5901025380870497,4.3788607975395735,4.941794272980264,4.867174606106076,0.9097990418616231,2.8646940556233336,2.4555535554256007,3.460879291358097,1.8886361360571653,3.4287927280621595,1.5307079465792726,2.814075268936075,1.8597674580746244,4.114492450005046,1.3336871754701713,4.262056747153766,1.630443864744873,5.019670203383484,3.9142644662590405,4.519878645049627,2.853186757506049,1.5422834720053629,2.9194338367888033,2.3474379576330415,1.6099127951749501,1.3324518422687823,2.8697076038246845,2.6461112469003574,1.4926637170925294,2.704807084220838
0.9891620955997956,-3.68557174983,4.27237007185398,0.3185665019263392,4.288736775862401,5.20283018436853,2.2366098064382527,2.507094375302014,2.400520610786015,1.6770046441191042,2.496942444009142,4.704111665766517,2.3342582004100967,2.5930608744932764,2.622639448831224,5.140436137393604,2.883165757657504,3.6594918995515933,3.1297578965301396,2.1999640449083424,2.0945116165891875,3.6969651262257415,3.4976059447530243,3.198909801390803,0.9253955288082252,3.1516500764173623,3.013857423518525,2.6002986526286076,1.3541370037610474,5.886419326654489,3.5089691114213615,4.39667582956962,1.8844088292923822,3.207465458656797,1.2976208972492986,3.102940649040627,2.334300839732685,1.8397071867791268,3.7718489159765047,1.317920113230389,2.4844128231086957,2.790772215237128,3.249713279605425,0.7250381997093707,1.9344502791392049,2.5239137731832972,3.0376271300736093,4.651609535045789,4.084057145720979,1.7054776731976273,5.485264494442064,1.3471869100467064,2.5588771083195647,2.3162509924148704,4.233511925692619,3.73195097475853,2.1667107766292704,2.8235499733638676,2.8739822889853803,1.917790645424941,2.652503372279706,2.1704702508844633,4.046479520917505,5.5175837270664445,2.5515539622698284,2.2827298854037004,4.315189483706525,2.9771561373129254,2.85359045357297,2.1539468968105924,2.8325199016948375,5.4011921407991785,1.5709739733777484,4.361832060246794,4.934364648697583,4.865438075762852,0.885161008663301,2.835180149842353,2.4361507024843743,3.437545454844729,1.864290583443547,3.4097295733608144,1.509358628910434,2.794891321630458,1.8389539800903558,4.099823478927469,1.3057216293713685,4.250671174634487,1.610520698067489,5.00727164395245,3.9022037715996216,4.512699684763642,2.8342033070061445,1.519622279720948,2.900019708836358,2.3250073374150766,1.5884484971590112,1.3011088809646152,2.8489751938308956,2.6203054960074725,1.4701701281452144,2.6831984313141817
0.9935243224776203,-2.36671954827973,4.260305494551202,0.2885645799273163,4.271437897104844,5.195079811557367,2.219653566156082,2.4858393322250016,2.3809721839938796,1.656199674989406,2.4773157490778956,4.69518253909033,2.310655091958413,2.5716223243496037,2.6073640977556387,5.126468203720807,2.863734180165695,3.6435203676168015,3.109108586108686,2.1756149722521583,2.0767098218511526,3.6834008098027375,3.48517671804471,3.1799187194238465,0.9019151232815044,3.1329786187691884,3.0010506686294365,2.580214778141407,1.321583461012286,5.880693107066511,3.4808664510036893,4.386301773214379,1.8610163685629215,3.180008401136395,1.2725198149489532,3.0844964146534846,2.3097697833701707,1.8178291060173388,3.751959024492182,1.2956865100463477,2.463415673900399,2.768944250448026,3.2357337972895204,0.7002472600794687,1.9100946920416833,2.5041181922566897,3.0180069572178034,4.6405317270839035,4.071125483535609,1.6776066654411446,5.474478103818102,1.3272837579902081,2.5419940990567813,2.293220307265053,4.2082498725125825,3.7214300321585077,2.1429980416844554,2.8152839725839094,2.8596725588407415,1.9004479960208391,2.6335708920061958,2.1490151431346405,4.027804598070276,5.505341140292879,2.527422164108824,2.2644734384228737,4.3050594947292895,2.956527542361063,2.8306784763349917,2.132563221279221,2.8177228079263505,5.395480435726284,1.551845408668447,4.344803322954002,4.926935024414879,4.8637015454196275,0.8605229754649852,2.8144012675080585,2.4167478495431283,3.4142116183313584,1.8399450308299288,3.3906664186594506,1.488009311241601,2.77706949876647,1.8181405021060841,4.085154507849882,1.2777560832725594,4.239285602115209,1.5905975313900955,4.994873084521409,3.8901430769402223,4.50552072447765,2.815219856506239,1.49696108743653,2.8806055808839197,2.302576717197123,1.566984199143054,1.2697659196604418,2.828242783837097,2.5944997451145912,1.4476765391979023,2.661589778407529
0.997886549355445,-1.36258431740701,4.248240917248428,0.25856265792829347,4.2541390183472805,5.1873294387462,2.202697325873909,2.4645842891479868,2.361423757201776,1.635394705859717,2.457689054146659,4.686253412414159,2.2870519835067293,2.550183774205946,2.592088746680057,5.112500270048008,2.844302602673886,3.6275488356820063,3.0884592756872404,2.1512658995959875,2.0589080271131213,3.669836493379731,3.4727474913363716,3.1609276374568935,0.8784347177547835,3.1143071611210145,2.988243913740357,2.560130903654228,1.2890299182635276,5.874966887478534,3.452763790586002,4.37592771685916,1.8376239078334577,3.152551343615978,1.2474187326485981,3.074045035846556,2.285238727007637,1.7959510252555415,3.7320691330078644,1.2734529068623062,2.442418524692103,2.7471162856589295,3.221754314973613,0.6754563204495732,1.885739104944159,2.484322611330076,2.9983867843619914,4.629453919122047,4.058193821350232,1.649735657684684,5.463691713194149,1.307380605933716,2.5251110897940103,2.270189622115235,4.182987819332537,3.7109090895585037,2.119285306739645,2.8070179718039476,2.845362828696122,1.8831053466167622,2.6146384117326917,2.1275600353848247,4.00912967522305,5.493098553519292,2.5032903659478194,2.246216991442042,4.294929505752067,2.9358989474092025,2.807766499097016,2.117573571186968,2.802925714157846,5.389768730653388,1.532716843959146,4.327774585661222,4.919505400132191,4.86196501507641,0.8358849422666601,2.794307401685675,2.397344996601892,3.3908777818179914,1.8155994782162945,3.3716032639581064,1.4666599935727531,2.7603731862086223,1.7973270241218124,4.070485536772309,1.2497905371737692,4.227900029595931,1.570674364712705,4.982474525090374,3.878082382280832,4.49834176419167,2.7962364060063463,1.474299895152109,2.8611914529314655,2.280146096979152,1.5455199011271061,1.2384229583562685,2.807510373843286,2.568693994221716,1.4251829502505842,2.639981125500876
1.0022487762332697,11.4376236253415,4.236176339945657,0.22856073592927373,4.236840139589726,5.179579065935021,2.1857410855917383,2.4433292460709746,2.3418753304096445,1.6145897367300244,2.4380623592154285,4.677324285737978,2.2634488750550394,2.52874522406227,2.5768133956044617,5.098532336375213,2.8248710251820857,3.6115773037472207,3.067809965265793,2.1269168269398033,2.0411062323750935,3.656272176956728,3.460318264628058,3.141936555489953,0.854954312228069,3.095635703472828,2.975437158851265,2.540047029167037,1.2564763755147725,5.86924066789056,3.424661130168321,4.365553660503926,1.8142314471039909,3.1250942860955577,1.222317650348237,3.063593657039636,2.2607076706451155,1.7740729444937473,3.712179241523554,1.2512193036782617,2.4214213754838063,2.7252883208698213,3.207774832657699,0.6506653808196774,1.861383517846625,2.4645270304034623,2.978766611506189,4.618376111160168,4.045262159164853,1.6218646499282074,5.452905322570193,1.2874774538772054,2.5082280805312296,2.247158936965408,4.157725766152487,3.7003881469584847,2.0955725717948317,2.7987519710239894,2.8310530985514895,1.8657626972126702,2.5957059314591904,2.106104927635023,3.99045475237582,5.480855966745733,2.4791585677868246,2.227960544461234,4.284799516774849,2.9152703524573402,2.7848545218590415,2.1025839210947224,2.78812862038936,5.38405702558049,1.5135882792498416,4.310745848368434,4.912075775849485,4.860228484733189,0.8112469090683445,2.7742135358632947,2.377942143660662,3.367543945304618,1.79125392560267,3.352540109256755,1.4453106759039362,2.743676873650778,1.7765135461375345,4.055816565694713,1.221824991074957,4.216514457076646,1.5507511980353212,4.97007596565934,3.8660216876214264,4.491162803905688,2.7772529555064223,1.4516387028676878,2.8417773249790104,2.2577154767611898,1.524055603111164,1.2070799970520951,2.7867779638495023,2.542888243328835,1.4026893613032785,2.6183724725942197
1.0066110031110944,9.83587052438939,4.224111762642873,0.19855881393024455,4.21852149991157,5.171828693123856,2.1687848453095713,2.422074202993966,2.322326903617519,1.5937847676003198,2.4184356642841793,4.668395159061803,2.2398457666033593,2.507306673918606,2.5615380445288833,5.08456440270241,2.80543944769028,3.5956057718124255,3.047160654844335,2.102567754283619,2.023304437637065,3.6427078605337115,3.4478890379197313,3.1229454735229876,0.8314739067013512,3.0769642458246507,2.962630403962189,2.519963154679843,1.2239228327660143,5.86351444830258,3.39655846975064,4.355179604148698,1.7908389863745298,3.097637228575147,1.1972165680478788,3.053142278232701,2.2361766142825754,1.752194863731953,3.6922893500392266,1.2289857004942204,2.4004242262755096,2.7034603560807193,3.193795350341797,0.6258744411897879,1.8370279307491038,2.4447314494768486,2.9591464386503805,4.607298303198299,4.032330496979471,1.593993642171731,5.4421189319462275,1.267574301820707,2.491345071268465,2.2241282518155874,4.130365181820803,3.689867204358472,2.0718598368500185,2.7904859702440215,2.816743368406848,1.8484200478085808,2.5767734511856766,2.084649819885204,3.9717798295285993,5.468613379972169,2.45502676962582,2.2097040974804045,4.274669527797636,2.8946417575054735,2.761942544621072,2.0875942710024704,2.773331526620855,5.378345320507587,1.494459714540534,4.293717111075648,4.904646151566778,4.858491954389974,0.7866088758700225,2.7541196700409083,2.3585392907194107,3.34421010879125,1.7669083729890487,3.3334769545554037,1.4239613582350974,2.726980561092928,1.7557000681532535,4.041147594617149,1.1938594449761604,4.205128884557364,1.5308280313579277,4.9576774062282984,3.8539609929620173,4.483983843619693,2.7582695050065356,1.428977510583276,2.8223631970265624,2.2352848565432373,1.502591305095213,1.1757370357479249,2.7660455538556974,2.5170824924359465,1.3801957723559666,2.5967638196875606
1.010973229988919,10.6693859402697,4.20586223866461,0.15457486673484222,4.188632947086813,5.154069189191214,2.1324237251296667,2.388879065444116,2.2831062800473685,1.557669449559673,2.384509895228664,4.654640730940566,2.210780731500747,2.4735648646875896,2.5354776528858745,5.058071869933566,2.7768565073927878,3.573836471289555,3.018143360745304,2.074471534043151,1.9927315555871157,3.621595561894842,3.4199932637906594,3.0981355714354253,0.7958994041600931,3.053771984826615,2.9281042224540297,2.4915009559461545,1.1856463004650377,5.836764618205779,3.3570834443845996,4.332402190454658,1.758737212268502,3.0591431042619686,1.1542469849832546,3.0279942765722723,2.2037215086745814,1.7186692000236372,3.6687820215100757,1.1904154452285425,2.367937222142886,2.6721368992647756,3.1668680869393206,0.5970492865005677,1.7985907309657312,2.419170062460382,2.9258207246266146,4.588837397339125,4.01579031468419,1.5598618346625226,5.4154089667307845,1.239654929011784,2.462682956141678,2.1886351263119357,4.090942762812463,3.669370322569531,2.0340466653640794,2.772312796262556,2.7974208499228093,1.8181265215368165,2.5470648208668614,2.053769169904064,3.9455540975552053,5.450135151367261,2.4212300991283193,2.1837289629767964,4.252166182560608,2.8584428382593616,2.7329473527128973,2.063214282226003,2.7577502456349583,5.364796484540524,1.461562828161735,4.261708924977205,4.8884809036125745,4.842223659594195,0.7481838096797995,2.7242134105875415,2.3326029092326515,3.3105288946332188,1.7399293060963983,3.305107547164874,1.3923890101160274,2.7003971644172005,1.7198401628394333,4.01511665786167,1.1578530081697351,4.177616887674459,1.5027265455015775,4.935114130479858,3.8362808441696696,4.47166336315316,2.727868167119733,1.394739464270625,2.7890231637862772,2.201272889814706,1.4714373043000961,1.1408567006147528,2.7358421298803037,2.477603013221164,1.3446969026826243,2.5705418086625835
1.0153354568667436,9.70212820198776,4.145783254809691,0.07549831899953807,4.121248656737827,5.09777912710547,2.0636413253870716,2.3188230055124883,2.213734905950896,1.4876133352837224,2.3157663383021916,4.597886529914215,2.1392637255789673,2.4032764321606894,2.4715572972100794,4.9952243149723765,2.7090021544534535,3.5099043071217073,2.94917850265354,2.0024485146129836,1.9260170603408262,3.559828408002957,3.358292209664211,3.0311809305699446,0.7235972491617457,2.9873180452365213,2.8652101356226813,2.4231001155444236,1.1138558260978177,5.781040648016615,3.2802563363679775,4.273164798602309,1.6869824296065372,2.983006923519052,1.0795579755086122,2.968373168007684,2.1309358639452647,1.6480295259279643,3.6012364251803177,1.1187950884812454,2.298199761604133,2.6027692571393164,3.103952216372125,0.52454407424844,1.7251472443327025,2.351418293481948,2.8571628120237023,4.529579474017803,3.9552042021696945,1.4839658983052295,5.355290323134217,1.1714845203372926,2.397020620255634,2.1167331681134183,4.014080946523196,3.610314205189966,1.9612435226213194,2.7155209761305006,2.7352598551830747,1.7518470690430539,2.4794885403638274,1.9838538599627251,3.8786759478445676,5.389871125331843,2.348605472280574,2.1172461749786633,4.193176889498878,2.788528683405745,2.6620350874837895,1.9997692324286163,2.6956991968083965,5.310842142945583,1.3933881437019888,4.195472908790268,4.832685355395831,4.7876779562752025,0.6744971596256724,2.655606625319943,2.2651373308944267,3.2386094069548834,1.6680668486423345,3.2376004673386722,1.3224709287040333,2.6351777661947757,1.6498105211726266,3.9517246437680145,1.0816168157965462,4.116872285099263,1.4345138578449492,4.874154730559441,3.7762843204939767,4.416615170948902,2.6601541213757187,1.3233262199097404,2.720541893054931,2.130089611388126,1.4014767949029021,1.0618693006956232,2.666643315702813,2.4027637699794298,1.273259221502178,2.501137720044918
1.0196976837445682,9.50233616109985,4.085704270954779,-0.0035782287357535303,4.0538643663888445,5.041489065019743,1.9948589256444855,2.248766945580863,2.1443635318544256,1.4175572210077532,2.247022781375713,4.541132328887857,2.0677467196571824,2.3329879996338043,2.4076369415342773,4.9323767600111905,2.6411478015141343,3.4459721429538632,2.8802136445617723,1.9304254951828128,1.8595633398213838,3.496893102239726,3.2965911555377723,2.9642262897044676,0.6512950941634139,2.920864105646425,2.8023160487913144,2.354699275142673,1.042065351730613,5.7253166778274585,3.203429228351368,4.213927406749953,1.615227646944591,2.906870742776129,1.0048689660339634,2.9087520594430805,2.0581502192159506,1.577389851832301,3.533690828850551,1.0471747317339701,2.2284623010653846,2.5339980069761525,3.041036345804927,0.4520388619963218,1.651703757699677,2.283666524503529,2.7885048994207677,4.470321550696494,3.8946180896552054,1.4080699619479302,5.295171679537644,1.1033141116628136,2.33135828436959,2.044831209914898,3.9375435714807177,3.551258087810405,1.888440379878569,2.6587291559984383,2.6730988604433294,1.6855676165492726,2.4119122598607907,1.9139385500213801,3.811797798133952,5.329607099296418,2.275980845432815,2.0507633869805444,4.134187596437145,2.718614528552128,2.591122822254672,1.936324182631261,2.6336481479818294,5.25688780135064,1.3252134592422518,4.129236892603338,4.776889807179102,4.7331322529562065,0.6008105095715579,2.586999840052366,2.1976717525562277,3.166689919276548,1.5962043911882768,3.1700933875124697,1.2525528472920482,2.569958367972344,1.5797808795058133,3.8883326296743626,1.0053806234233758,4.056127682524067,1.3663011701883303,4.813195330639038,3.7162877968183032,4.361566978744642,2.5924400756317043,1.2519129755488463,2.6520606223235816,2.0589063329615556,1.3315162855057048,0.9828819007764875,2.597444501525331,2.3279245267377,1.2018215403217414,2.4317336314272646
1.024059910622393,10.5451474651052,4.025625287099852,-0.08265477647107333,3.986480076039843,4.985199002934002,1.926076525901881,2.1787108856492354,2.074992157757962,1.3474020054213487,2.178279224449228,4.484378127861499,1.9962297137354057,2.262699567106907,2.3437165858584734,4.8695292050500045,2.5732934485748187,3.382039978786019,2.8112487864699993,1.8584024757526267,1.7943694602646858,3.431141969932355,3.23489010141133,2.8972716488389834,0.5789929391650757,2.8544101660563213,2.739421961959951,2.2862984347409423,0.970376328686416,5.669592707638304,3.1266021203347334,4.154690014897597,1.5434728642826359,2.8307345620332187,0.9301799565593272,2.8491309508784957,1.9853645744866155,1.5067501777366281,3.466145232520774,0.9755543749866793,2.158724840526623,2.465226756812977,2.9781204752377413,0.37953364974417536,1.5782602710666482,2.215914755525107,2.7198469868178483,4.4110636273751815,3.8340319771407065,1.332174025590637,5.23505303594107,1.0351437029883284,2.2656959484835655,1.9729292517163721,3.8698274272309208,3.4922019704308314,1.8156372371358025,2.601937335866376,2.6109378657035975,1.619288164055513,2.3443359793577603,1.8440232400800383,3.744919648423312,5.269343073261,2.203356218585065,1.984280598982408,4.075198303375408,2.648700373698504,2.520210557025554,1.8728791328339025,2.571597099155265,5.2029334597556955,1.25703877478249,4.063000876416392,4.721094258962361,4.678586549637214,0.5271238595174246,2.5183930547847577,2.1302061742179967,3.094770431598201,1.5243419337342006,3.1025863076862494,1.1826347658800445,2.504738969749919,1.5097512378390159,3.824940615580701,0.9291444310501962,3.9953830799488728,1.2980884825317112,4.752235930718628,3.6562912731426165,4.306518786540383,2.52472602988768,1.1804997311879428,2.583579351592233,1.9877230545349758,1.2615557761084888,0.9038945008573391,2.528245687347825,2.253085283495963,1.1303838591412922,2.3623295428095954
1.0284221375002176,8.15385966419078,3.96554630324495,-0.16173132420637443,3.919095785690857,4.928908940848262,1.8572941261592952,2.108654825717611,2.00562078366148,1.275167220562913,2.1095356675227626,4.427623926835147,1.9247127078136141,2.192411134580029,2.27979623018269,4.806681650088821,2.5054390956354995,3.3181078146181786,2.7422839283782565,1.7863794563224566,1.7291755807079976,3.3653908376249992,3.1731890472848914,2.8303170079735027,0.506690784166747,2.787956226466221,2.67652787512859,2.217897594339199,0.9001020017804269,5.6138687374491445,3.049775012318121,4.095452623045235,1.4717180816206834,2.7545983812903145,0.8554909470846817,2.789509842313892,1.9125789297572957,1.43611050364098,3.39859963619102,0.9039340182394009,2.0889873799878735,2.396455506649799,2.9152046046705395,0.3070284374920509,1.5048167844336129,2.148162986546672,2.651189074214911,4.3518057040538665,3.7734458646262174,1.2562780892333407,5.1749343923445,0.9669732943138432,2.2036596265083697,1.901027293517849,3.80211128298113,3.433145853051257,1.7428340943930551,2.545145515734321,2.5487768709638594,1.5530087115617348,2.2767596988547165,1.7741079301387062,3.678041498712684,5.209079047225582,2.1307315917373097,1.9177978109842868,4.016209010313678,2.5787862188448933,2.4492982917964374,1.809434083036528,2.5095460503287095,5.148979118160746,1.188864090322753,3.996764860229452,4.665298710745623,4.624040846318219,0.45343720946331,2.4497862695171717,2.062740595879788,3.022850943919872,1.4524794762801396,3.035079227860053,1.1127166844680472,2.439519571527482,1.4397215961722059,3.761548601487033,0.8529082386770228,3.93463847737367,1.2298757948750891,4.691276530798219,3.596294749466927,4.251470594336134,2.4570119841436595,1.1090864868270458,2.5150980808608896,1.9165397761084055,1.1915952667112948,0.8249071009382096,2.459046873170343,2.1858137795558603,1.058946177960843,2.2929254541919386
1.0327843643780423,10.1936357060172,3.9054673193900316,-0.24080787194167547,3.8517114953418776,4.872618878762525,1.7885117264167028,2.0385987657859737,1.9362494095650098,1.2029324357044742,2.0407921105962776,4.370869725808792,1.8531957018918506,2.1221227020531277,2.2158758745068763,4.743834095127635,2.4375847426961705,3.2541756504503185,2.6733190702864826,1.7143564368922861,1.663981701151309,3.299639705317632,3.1114879931584367,2.763362367108022,0.43438862916841214,2.721502286876121,2.6136337882972382,2.1494967539374734,0.8298276748744287,5.558144767259981,2.9729479043015026,4.036215231192892,1.3999632989587154,2.6784622005473917,0.7808019376100486,2.7298887337492976,1.8397932850279914,1.3654708295453102,3.331054039861243,0.8323136614921098,2.0192499194491154,2.3276842564866387,2.852288734103351,0.23452322523992952,1.4313732978005906,2.0804112175682503,2.5825311616119855,4.292547780732554,3.7128597521117284,1.1803821528760572,5.114815748747927,0.8988028856393484,2.142157601388269,1.8291253353193289,3.7343951387313394,3.374089735671692,1.6700309516503016,2.4883536956022683,2.486615876224125,1.486729259067969,2.2091834183516923,1.7041926201973674,3.611163349002047,5.148815021190173,2.0581069648895696,1.8513150229861621,3.9572197172519497,2.5088720639912703,2.37838602656732,1.7459890332391634,2.447495001502155,5.095024776565793,1.1206894058630006,3.930528844042506,4.609503162528882,4.569495142999223,0.379750559409183,2.381179484249576,1.995275017541566,2.9509314562415305,1.3806170188260696,2.967572148033848,1.042798603056059,2.3743001733050573,1.3696919545054052,3.6981565873933775,0.7766720463038306,3.8738938747984797,1.1616631072184733,4.630317130877812,3.5362982257912376,4.1964224021318755,2.389297938399646,1.0376732424661579,2.4466168101295462,1.845356497681841,1.1217718860300234,0.7459197010190677,2.389848058992846,2.1200739153467634,0.9875084967803935,2.2235213655742765
1.0371465912558668,-1.87265794237064,3.8503898569994943,-0.31738362211244614,3.784327204992895,4.816328816676791,1.7197293266741076,1.968542705854359,1.8668780354685521,1.1306976508460387,1.975012533416822,4.315142727278523,1.782474754797166,2.0518342695262337,2.1519555188310937,4.680986540166455,2.3697303897568585,3.1902434862824807,2.6043542121947088,1.6423334174621156,1.599420513700273,3.233888573010277,3.0549060220050404,2.6964077262425503,0.3657080893227841,2.655048347286031,2.5517811495438227,2.0810959135357328,0.7649217315230612,5.502420797070824,2.8968743318021737,3.9769778393405266,1.3282085162967663,2.6023260198044778,0.7061129281354153,2.670267625184704,1.7670076402986747,1.2948311554496466,3.263508443531485,0.7606933047448348,1.949512458910373,2.2589130063234695,2.789372863536153,0.16201801298781437,1.3579298111675617,2.0126594485898313,2.513873249009057,4.233289857411249,3.6522736395972393,1.107474200830362,5.054697105151366,0.8315327302426265,2.0806555762681693,1.757223377120818,3.666678994481533,3.315033618292137,1.5972278089075511,2.434418010291295,2.4244548814843894,1.4204498065742095,2.1416071378486556,1.6354361788014662,3.5442851992914255,5.088550995154761,1.9858001692055056,1.784832234988038,3.8982304241902135,2.4389579091376463,2.307473761338212,1.6861989601123335,2.3854439526755904,5.041070434970861,1.0525147214032666,3.864292827855569,4.553707614312144,4.517236701656143,0.30606390935507466,2.31257269898198,1.9278094392033573,2.87901196856319,1.3087545613720117,2.9041839660809874,0.9728805216440679,2.309080775082619,1.2996623128386044,3.6398064820850946,0.7004358539306634,3.8131492722232867,1.0934504195618482,4.571261242375431,3.4786688969097836,4.141374209927617,2.3215838926556254,0.9662599981052702,2.378135539398203,1.7741732192552646,1.0604704007555765,0.6669323010999317,2.3206492448153613,2.05433405113767,0.9160708155999568,2.154117276956617
1.0415088181336918,-1.44764652883875,3.799032212736324,-0.3876985331824332,3.720946690934765,4.76628438472358,1.6571212846673704,1.9064309844110008,1.8013337923275488,1.066811611851843,1.9150231942458162,4.267173632633104,1.719746518432297,1.984467589433281,2.089659488459394,4.622686734529689,2.302364726670368,3.133746436200366,2.5381587560184595,1.5720422036756896,1.5430179897907264,3.168137440702912,3.00192439827672,2.629453085377067,0.302149583734053,2.59181350244228,2.497671943168247,2.012695073133992,0.7033627819310602,5.44966979983169,2.8363886142831305,3.9200201514100543,1.2652001280380707,2.532031076157697,0.6314239186607666,2.617453346366114,1.6953110649909677,1.2305704122357266,3.2005903853022692,0.69249111956347,1.8846162471035293,2.193296070872238,2.7316345756746836,0.09170036296479211,1.2898863620276388,1.9449076796113969,2.449213961591223,4.174031934089933,3.59520367758409,1.0403320971902168,5.001769803658542,0.7734377143135038,2.024538801474778,1.6904456568192574,3.5999552304393454,3.255977500912566,1.530525202116818,2.3863821370992726,2.3677398091897848,1.3543542094898486,2.075064564897805,1.574303886396845,3.477782998528804,5.031119817819679,1.9219718753661745,1.7226871172913925,3.842148326173291,2.37231581229016,2.2422847860135375,1.6314970225024739,2.32670238664042,4.987335850896588,0.9857660438024711,3.80201014267963,4.501308886838279,4.471456048472126,0.23784664495250118,2.252549067830283,1.8673800465526196,2.814609380447596,1.2378972618110062,2.845412516878178,0.9089504031046318,2.252221807567879,1.236389202228183,3.58513515184646,0.6311653646480146,3.7606398044323353,1.028812480332952,4.51907301631799,3.427436146104406,4.091526310463545,2.260144285665045,0.8948467537443636,2.3138349255684787,1.706198020092596,0.9991689154811076,0.5890643701279523,2.2582118873375414,1.994137535246557,0.8461297948453292,2.0920799431603374
1.0458710450115163,10.0082072900577,3.74767456847316,-0.4580134442524265,3.662439523559832,4.718836300058252,1.597181986703691,1.8451899649674524,1.7408422912923684,1.0049117809556711,1.8550338550748198,4.219204537987706,1.6570182820674348,1.9230730819414965,2.0346530695233245,4.568707816280721,2.2434417075258013,3.0786374155996574,2.4780901804373414,1.5089314687383297,1.4866154658811734,3.1092478445869602,2.948942774548403,2.57103572956456,0.2385910781453282,2.5342488809394954,2.4435627367926687,1.9513954216078415,0.6418038323390682,5.402838961633243,2.7773815078450426,3.869686605931542,1.202247573621654,2.4647432461772976,0.5594284318697464,2.569040670704412,1.6314475704528542,1.168770611421888,3.141912178712829,0.6297569921088573,1.8237428335317534,2.1334151431441333,2.6775774829497028,0.028100417970399083,1.2252981625675872,1.8858117190779258,2.389433252196145,4.121825911870274,3.5435022728772196,0.9731899935500781,4.950478174103419,0.7155785899828189,1.971892295700868,1.6274033128623182,3.54116271744826,3.205766639066069,1.4665663252386216,2.338346263907253,2.3147453604888435,1.2970107419095658,2.0164112827066933,1.5131715939922492,3.419837903714611,4.979751092764865,1.858143581526843,1.6650762464798883,3.7920531834959226,2.3112901541085593,2.1802227276125095,1.576795084892627,2.273539253910159,4.942316946834897,0.9265083421305127,3.752156752432584,4.454399899352181,4.4256753952881205,0.17301419297178366,2.192747123379596,1.8087439428647036,2.751511736552091,1.1749582399352618,2.7866410676753777,0.8478783617464762,2.1958108106564893,1.1751934645892976,3.5304638216078175,0.563759763963317,3.7087056041094684,0.969483590129216,4.466884790260548,3.3762033952990436,4.0453365399501955,2.201271762738469,0.8258476029719066,2.2542280212794994,1.6439042305631222,0.9378674302066605,0.518998654580441,2.1978468992345617,1.93725070706032,0.7836080116459152,2.0315000840380195
1.050233271889341,-1.99632553135201,3.696316924210005,-0.528328355322398,3.6039323561848935,4.671388215392912,1.5372426887400172,1.7839489455239137,1.680350790257182,0.9430119500594805,1.7950445159038109,4.171235443342281,1.5942900457025726,1.8616785744496969,1.9796466505872654,4.514728898031747,2.184518688381212,3.023528394998948,2.419777913823803,1.4458207338009694,1.4302129419716207,3.0524674343494027,2.8959611508200958,2.5130260771355166,0.17503257255658156,2.4766842594367082,2.3894535304171063,1.8919616379611852,0.5802448827470765,5.356008123434796,2.718374401406974,3.819353060453021,1.1392950192052342,2.3974554161968893,0.4937731153985776,2.5206279950427204,1.56758407591475,1.106970810608056,3.0832339721233897,0.5670228646542728,1.7628694199599713,2.073534215416047,2.623520390224706,-0.03549952702400955,1.1607099631075448,1.827003109153954,2.3296525428010577,4.071535799528783,3.4918008681703547,0.9060478899099298,4.899186544548285,0.6577194656521308,1.919245789926974,1.5643609689053697,3.4823702044571645,3.1556507540996126,1.4026074483604314,2.290310390715237,2.2629356272251924,1.2396672743292734,1.9577580005155688,1.4520393015876374,3.3618928089004276,4.928382367710068,1.7943152876875088,1.6074653756683872,3.741958040818556,2.25026449592694,2.1181606692114805,1.5220931472827706,2.2203761211798785,4.89729804277318,0.8672506404585667,3.703747766555824,4.4074909118660734,4.379894742104112,0.10818174099106603,2.1329451789288916,1.7501078391767872,2.6884140926565907,1.1120192180595143,2.727869618472565,0.7868063203882989,2.1393998137451025,1.1139977269504155,3.4757924913691776,0.49635416327862236,3.6567714037865864,0.9101546999254586,4.414696564203111,3.3249706444936757,3.999146769436857,2.142399239811912,0.7634722218428964,2.1946211169905316,1.581610441033633,0.8765659449322105,0.4489329390329455,2.137481911131575,1.8803638788740675,0.7210862284465074,1.9709202249156899
1.0545954987671655,10.2445172076819,3.6449592799468373,-0.5986432663923819,3.5454251888099515,4.623940130727562,1.4773033907763218,1.7227079260803746,1.6198592892219954,0.8811121191632993,1.7350551767328077,4.123266348696875,1.53156180933771,1.8002840669579314,1.9246402316511937,4.4607499797827685,2.125595669236634,2.968419374398227,2.361864304648634,1.3827099988636125,1.3738104180620774,2.9956870241118354,2.842979527091776,2.455016424706489,0.11147406696786288,2.419119637933915,2.3353443240415306,1.832527854314529,0.5186859331550941,5.309177285236345,2.6593672949688925,3.769019514974497,1.076342464788824,2.3301675862164775,0.42811779892740576,2.4722153193810286,1.5037205813766332,1.045171009794227,3.024555765533938,0.5042887371996663,1.701996006388183,2.013653287687961,2.569463297499719,-0.09909947201839009,1.096121763647493,1.7681944992299818,2.269871833405979,4.021245687187297,3.4400994634634783,0.838905786269788,4.847894914993172,0.5998603413214492,1.866599284153067,1.5013186249484243,3.423577691466085,3.105534869133149,1.3386485714822318,2.2422745175231995,2.2111258939615475,1.182323806748975,1.8991047183244503,1.390907009183029,3.303947714086232,4.87701364265527,1.7304869938481897,1.5498545048568924,3.691862898141193,2.1892388377453234,2.056098610810449,1.467391209672914,2.167212988449614,4.852279138711485,0.8079929387866269,3.6553387806790703,4.360581924379972,4.33411408892011,0.04334928901034851,2.0731432344782057,1.6914717354888837,2.625316448761093,1.0490801961837855,2.669098169269758,0.7257342790301338,2.0829888168337254,1.052801989311527,3.421121161130544,0.42894856259392145,3.6048372034637106,0.8508258097217227,4.362508338145665,3.2737378936883035,3.9529569989235203,2.083526716885352,0.7010968407138987,2.135014212701555,1.5193166515041405,0.815264459657751,0.3788672234854531,2.077116923028604,1.8234770506878182,0.6585644452471089,1.9103403657933822
1.0589577256449905,9.10180143514825,3.5936016356836733,-0.6689581774623659,3.4869180214349997,4.576492046062222,1.4173640928126576,1.6614669066368137,1.5593677881868182,0.8192122882671149,1.675065837561805,4.075297254051455,1.4688335729728321,1.7388895594661438,1.8696338127151308,4.406771061533795,2.0666726500920634,2.9133103537975114,2.303950695473458,1.3195992639262397,1.3174078941525214,2.938906613874253,2.789997903363459,2.397006772277452,0.047915561379116234,2.3615550164311143,2.2812351176659558,1.773094070667873,0.4571269835630898,5.262346447037886,2.6003601885308107,3.7186859694959784,1.0133899103724011,2.2628797562360754,0.3624624824562338,2.423802643719328,1.4398570868385197,0.9833712089803981,2.9658775589444826,0.44155460974505345,1.6411225928163942,1.953772359959866,2.5154062047747257,-0.16269941701278623,1.031533564187463,1.7093858893060065,2.2100911240108765,3.970955574845796,3.3883980587566107,0.7717636826296335,4.7966032854380405,0.542001216990758,1.8139527783791574,1.438276280991482,3.3647851784750022,3.05541898416668,1.2746896946040385,2.19423864433118,2.159316160697885,1.1249803391686766,1.8404514361333197,1.3297747167784046,3.2460026192720424,4.82564491760045,1.6666587000088617,1.492243634045382,3.6417677554638175,2.128213179563713,1.9940365524094046,1.4126892720630577,2.114049855719343,4.807260234649771,0.7487352371146621,3.6069297948023102,4.313672936893868,4.288333435736111,-0.02148316297038466,2.013341290027504,1.6328356318009554,2.562218804865588,0.9861411743080284,2.6103267200669515,0.6646622376719533,2.026577819922327,0.9916062516726292,3.3664498308919004,0.36154296190922064,3.552903003140835,0.7914969195179713,4.310320112088222,3.2225051428829294,3.9067672284101818,2.024654193958783,0.6387214595848822,2.0754073084125757,1.4570228619746421,0.7539629743832914,0.3088015079379419,2.016751934925617,1.766590222501575,0.5960426620476948,1.8497605066710492
1.063319952522815,-3.87406393288008,3.542243991420518,-0.7392730885323404,3.4284108540600675,4.529043961396875,1.3574247948489808,1.600225887193275,1.4988762871516317,0.7573124573709462,1.6150764983907993,4.027328159406058,1.4061053366079823,1.6762349792577134,1.8146273937790653,4.352792143284817,2.007749630947475,2.858201333196803,2.2460370862982915,1.2564885289888734,1.2610053702429715,2.882126203636698,2.7370162796351423,2.338997119848422,-0.01564294420961798,2.3039903949283396,2.227125911290381,1.713660287021223,0.3955680339711012,5.2155156088394286,2.5413530820927415,3.6683524240174608,0.9504373559559909,2.2027780679369586,0.2968071659850432,2.3753899680576387,1.375993592300403,0.9215714081665596,2.907199352355046,0.3788204822904564,1.5802491792446276,1.8938914322317706,2.461349112049744,-0.22629936200718548,0.9669453647274144,1.6505772793820375,2.150310414615798,3.92066546250431,3.336696654049738,0.7046215789894947,4.745311655882915,0.48414209266007324,1.761306272605254,1.3752339370345366,3.3059926654839193,3.0053030992002325,1.2107308177258356,2.146202771139155,2.1075064274342274,1.0676368715883842,1.7817981539421985,1.2686424243738055,3.18805752445785,4.774276192545655,1.6028304061695395,1.4346327632338778,3.591672612786458,2.0671875213821034,1.9319744940083823,1.3579873344532105,2.060886722989082,4.76224133058808,0.6894775354427161,3.5585208089255564,4.266763949407779,4.242552782552093,-0.08631561495110213,1.953539345576808,1.574199528113042,2.4991211609700903,0.9237839833874728,2.5515552708641547,0.6035901963137851,1.9701668230109493,0.9304105140337471,3.3117785006532667,0.29413736122452916,3.5009688028179626,0.7321680293142325,4.258131886030783,3.171272392077551,3.8605774578968424,1.9657816710322196,0.5763460784558812,2.0158004041235964,1.3947290724451684,0.6926614891088507,0.23873579239045262,1.9563869468226527,1.7097033943153412,0.533520878848287,1.7891806475487286
1.0676821794006397,9.48800984547364,3.4908863471573506,-0.8095879996023243,3.3720086647830403,4.481595876731535,1.2974854968853073,1.5389848677497204,1.4383847861164545,0.6954126264747524,1.5550871592197997,3.979359064760642,1.3433771002431198,1.6121079648624972,1.759620974843003,4.298813225035846,1.9488266118028956,2.8030923125960907,2.188123477123124,1.1933777940515227,1.2046028463334282,2.8253457933991184,2.684034655906819,2.280987467419372,-0.0792014497983553,2.246425773425546,2.1730167049148115,1.6542265033745667,0.3340090843791156,5.168684770640988,2.482345975654657,3.6180188785389324,0.8874848015395711,2.1442929390047825,0.23115184951386814,2.3269772923959406,1.3121300977622865,0.8597716073527399,2.8485211457655994,0.3162428408176797,1.5193757656728206,1.8340105045036814,2.407292019324748,-0.2898993070015816,0.902357165267369,1.591768669458059,2.090529705220714,3.8703753501628215,3.284995249342864,0.6374794753493433,4.6940200263277765,0.4262829683293695,1.7086597668313532,1.312191593077585,3.247200152492824,2.955187214233767,1.1467719408476298,2.0981668979471255,2.0556966941705825,1.010293404008092,1.7231448717510742,1.2075101319691939,3.130112429643667,4.722907467490848,1.5390021123301956,1.377021892422386,3.5415774701090985,2.006161863200493,1.869912435607347,1.3032853968433478,2.0077235902588013,4.717222426526376,0.6302198337707825,3.510111823048793,4.219854961921671,4.196772129368098,-0.1511480669318228,1.8937374011261185,1.5155634244251133,2.4360235170745836,0.8623266119040323,2.4927838216613454,0.5425181549556202,1.9137558260995504,0.8692147763948648,3.2571071704146206,0.22673176053982513,3.4490346024950833,0.672839139110478,4.205943659973337,3.120039641272183,3.814387687383503,1.9069091481056597,0.5139706973268803,1.9561934998346102,1.332435282915673,0.631360003834385,0.16867007684294777,1.89602195871966,1.652816566129095,0.47099909564889475,1.7286007884264112
1.0720444062784642,10.8360529218581,3.439528702894184,-0.8799029106723083,3.3158088596325754,4.434147792066194,1.2375461989216305,1.4777438483061844,1.3778932850812742,0.6323799201727549,1.4950978200488,3.9313899701152293,1.2806488638782514,1.5479809504672872,1.7046145559069308,4.244834306786878,1.8899035926583287,2.7479832919953786,2.130209867947955,1.1302670591141564,1.1482003224238786,2.7685653831615573,2.631053032178502,2.2229778149903385,-0.14275995538708636,2.188861151922765,2.118907498539243,1.5947927197279046,0.27245013478712377,5.121853932442541,2.423338869216579,3.5676853330604112,0.824532247123164,2.0858078100726134,0.16549653304269318,2.278564616734239,1.2482666032241791,0.7979718065388985,2.789842939176154,0.2541620252081407,1.4585023521010476,1.7741295767755891,2.35323492659976,-0.35349925199597776,0.837768965807336,1.53296005953409,2.03074899582563,3.820085237821327,3.2332938446360027,0.5703373717092013,4.642728396772657,0.3684238439987034,1.6560132610574498,1.2491492491206395,3.188407639501748,2.9050713292673134,1.0828130639694364,2.0501310247551032,2.003886960906926,0.9529499364277967,1.664491589559965,1.1463778395645792,3.072167334829465,4.671538742436044,1.475173818490877,1.319411021610885,3.491482327431717,1.9451362050188827,1.807850377206328,1.2485834592335008,1.9545604575285276,4.6722035224646685,0.570962132098821,3.4617028371720364,4.172945974435567,4.150991476184086,-0.21598051891255288,1.8339354566754265,1.4569273207372067,2.372925873179085,0.800869240420601,2.434012372458536,0.48144611359744593,1.8573448291881796,0.8080190387559889,3.2024358401759674,0.15932615985513054,3.397100402172205,0.6135102489067454,4.153755433915894,3.068806890466817,3.7681979168701636,1.8480366251791092,0.4515953161978701,1.8965865955456491,1.2701414933861899,0.570058518559935,0.09860436129544903,1.8356569706166705,1.5959297379428519,0.4084773124494745,1.668020929304103
1.0764066331562891,-3.64872087546943,3.3881710586310163,-0.9502178217422798,3.259609054482108,4.386699707400851,1.1776069009579413,1.4165028288626365,1.3174017840460908,0.5666907881015821,1.4351084808777974,3.8834208754698034,1.217920627513389,1.483853936072084,1.6496081369708653,4.190855388537893,1.8309805735137277,2.692874271394663,2.0722962587727887,1.0671563241767992,1.0917977985143257,2.7117849729239776,2.5780714084501914,2.1649681625612986,-0.20631846097582057,2.1312965304199682,2.064798292163668,1.5353589360812514,0.2100406382464196,5.075023094244081,2.364331762778491,3.5173517875818936,0.7615796927067411,2.027322681140438,0.09984121657152123,2.2301519410725534,1.1844031086860687,0.7361720057250696,2.731164732586705,0.19208120959860486,1.3976289385292435,1.714248649047487,2.299177833874764,-0.4170991969903677,0.7731807663472812,1.4741514496101211,1.9709682864305422,3.7697951254798383,3.1815924399291164,0.5031952680690532,4.591436767217529,0.31056471966800914,1.6033667552835433,1.1861069051637003,3.129615126510653,2.8549554443008507,1.018854187091249,2.002095151563081,1.952077227643272,0.8956064688474981,1.6058383073688438,1.0852455471599738,3.014222240015278,4.620170017381231,1.4113455246515456,1.2618001507993808,3.44138718475436,1.8841105468372568,1.7457883188052807,1.193881521623635,1.901397324798263,4.627184618402964,0.5117044304268812,3.413293851295279,4.126036986949463,4.105210823000088,-0.2808129708932797,1.7741335122247184,1.3982912170492843,2.309828229283575,0.739411868937154,2.375240923255748,0.4203740722392777,1.8009338322767932,0.7468233011170817,3.14776450993734,0.09192055917042663,3.3451662018493318,0.5541813587029909,4.101567207858451,3.0175741396614395,3.722008146356824,1.7891641022525302,0.38921993506885677,1.8369796912566694,1.2078477038566975,0.5087570332854785,0.02853864574794418,1.7752919825137028,1.5390429097566025,0.345955529250076,1.60744107018177
1.0807688600341137,-4.41798775529552,3.336813414367855,-1.0205327328122604,3.2034092493316493,4.339251622735504,1.117667602994271,1.3552618094190976,1.2569102830109105,0.5010016560304125,1.3751191417067947,3.8354517808244033,1.1551923911485265,1.419726921676874,1.594601718034806,4.1368764702889225,1.7720575543691643,2.637765250793951,2.014382649597615,1.0040455892394298,1.035395274604776,2.6550045626864174,2.5250897847218807,2.106958510132271,-0.2698769665645548,2.07373190891719,2.0106890857880897,1.4759251524345953,0.14640623805535125,5.028192256045633,2.305324656340413,3.467018242103369,0.6986271382903275,1.9688375522082813,0.03418590010034939,2.181739265410849,1.120539614147952,0.6743722049112373,2.672486525997259,0.1300003939890565,1.3367555249574643,1.654367721319398,2.2451207411497798,-0.4806991419847607,0.7085925668872481,1.4153428396861458,1.9111875770354547,3.71950501313834,3.129891035222246,0.4360531644289113,4.540145137662398,0.25270559533731807,1.55072024950964,1.123064561206755,3.07082261351957,2.804839559334397,0.9548953102130557,1.954059278371062,1.9002674943796245,0.8382630012672121,1.5471850251777195,1.0241132547553715,2.9562771452011036,4.568801292326436,1.352498109480129,1.2041892799878735,3.3912920420769908,1.8230848886556406,1.683726260404258,1.1391795840137848,1.8482341920679886,4.5821657143412535,0.45521736496584353,3.3648848654185217,4.079127999463368,4.059430169816092,-0.34564542287400046,1.714331567774032,1.339655113361365,2.2467305853880744,0.677954497453729,2.316469474052929,0.35930203088110657,1.7445228353654063,0.6856275634782059,3.093093179698694,0.024514958485728933,3.2932320015264462,0.4948524684992428,4.049378981801001,2.966341388856078,3.675818375843482,1.7302915793259734,0.3268445539398558,1.7773727869676803,1.145553914327205,0.44745554801101894,-0.0415270697995514,1.7149269944107253,1.4821560815703625,0.28343374605065885,1.5468612110594469
1.0851310869119384,-5.60618035989875,3.285455770104691,-1.0908476438822476,3.1472094441811818,4.291803538070161,1.0577283050305943,1.294020789975546,1.196418781975727,0.43531252395923337,1.3151298025357887,3.787482686178987,1.092464154783658,1.3555999072816702,1.5395952990987338,4.0828975520399515,1.7131345352245788,2.582656230193236,1.9564690404224427,0.9409348543020697,0.9789927506952263,2.59822415244885,2.472108160993555,2.0489488577032313,-0.33343547215328584,2.0161672874143877,1.9565798794125204,1.4164913687879361,0.08277183786424858,4.981361417847187,2.246317549902331,3.4166846966248476,0.6356745838739173,1.91398703187791,-0.03146941637083811,2.133326589749151,1.0566761196098353,0.6125724040974114,2.6138083194078003,0.06791957837953,1.2758821113856758,1.5944867935913025,2.1910636484247927,-0.5430545453182097,0.6440043674271996,1.35653422976218,1.8514068676403796,3.6692149007968515,3.0781896305153786,0.36891106078877245,4.488853508107279,0.19484647100663632,1.498073743735736,1.0585920250766085,3.0120301005284684,2.754723674367928,0.89093643333485,1.9060234051790366,1.8484577611159831,0.7809195336869168,1.4885317429866014,0.9629809623507473,2.8983320503869017,4.5174325672716344,1.297323241501301,1.1465784091763755,3.3411968993996286,1.7620592304740244,1.6216642020032295,1.0844776464039283,1.795071059337724,4.537146810279555,0.39990912615874263,3.3164758795417653,4.032219011977257,4.01364951663208,-0.4104778748547242,1.65452962332334,1.2810190096734488,2.183632941492573,0.6164971259702885,2.2576980248501197,0.2982299895229259,1.6881118384540261,0.6244318258393173,3.03842184946006,-0.04289064219897193,3.2412978012035767,0.4355235782954976,3.997190755743568,2.915108638050703,3.6296286053301428,1.6714190563994136,0.2644691728108518,1.7177658826787099,1.083260124797722,0.3861540627365657,-0.1115927853470563,1.6545620063077389,1.4252692533841258,0.22091196285125736,1.4862813519371232
1.0894933137897629,8.14663151108045,3.234098125841527,-1.1611625549522346,3.091009639030717,4.244355453404824,0.9977890070669206,1.232779770532004,1.1359272809405405,0.3696233918880637,1.255140463364786,3.739513591533581,1.0297359184187955,1.2914728928864636,1.4845888801626652,4.028918633790977,1.6542115160800026,2.5275472095925204,1.898555431247279,0.8778241193647063,0.9225902267856736,2.5414437422112828,2.419126537265244,1.9909392052741846,-0.39699397774201384,1.958602665911606,1.9024706730369483,1.357057585141283,0.01913743767316156,4.9345305796487295,2.1873104434642556,3.366351151146336,0.5727220294574913,1.8594386064755322,-0.09712473284200379,2.0849139140874557,0.9928126250717249,0.5507726032835825,2.5551301128183574,0.005838762770003503,1.2150086978138999,1.5346058658632133,2.137006555699802,-0.6027276703983812,0.5794161679671603,1.2977256198382017,1.791626158245289,3.618924788455357,3.026488225808511,0.3017689571486274,4.437561878552153,0.13698734667594514,1.4454272379618327,0.9934886304807109,2.9532375875374015,2.704607789401468,0.8269775564566628,1.8579875319870143,1.7966480278523196,0.7235760661066215,1.42987846079548,0.901848669946145,2.8403869555727246,4.4683065578662005,1.2421483735224608,1.08896753836489,3.2911017567222496,1.701033572292417,1.5596021436022072,1.0297757087940844,1.7419079266074438,4.4921279062178545,0.3446008873516354,3.268066893665008,3.985310024491146,3.967868863448091,-0.4753103268354418,1.5947276788726412,1.2223829059855296,2.1205352975970655,0.5550397544868604,2.1989265756473193,0.237157948164761,1.6317008415426273,0.5632360882004446,2.9837505192214167,-0.11029624288366335,3.1893636008806983,0.3761946880917618,3.945002529686116,2.8638758872453316,3.5834388348168043,1.6125465334728506,0.20209379168184471,1.6581589783897301,1.0209663352682514,0.3248525774621094,-0.18165850089455182,1.594197018204765,1.3683824251978889,0.15839017965184954,1.4267299366488415
1.0938555406675878,-3.99708002264997,3.182740481578369,-1.2314774660222092,3.034809833880268,4.196907368739479,0.9378497091032314,1.1715387510884527,1.075435779905357,0.30393425981689093,1.1951511241937833,3.691544496888155,0.9670076820539271,1.2273458784912474,1.4295824612265995,3.9749397155420025,1.595288496935417,2.4724381889918083,1.8406418220721033,0.8147133844273493,0.8661877028761238,2.4846633319737155,2.366144913536915,1.9329295528451447,-0.46055248333075427,1.9010380444088157,1.8483614666613761,1.2976238014946206,-0.04449696251793489,4.887699741450279,2.128303337026174,3.3160176056678017,0.5097694750410777,1.8048901810731446,-0.1627800493131819,2.0365012384257613,0.928949130533602,0.48897280246974106,2.496451906228918,-0.0562420528395417,1.1541352842420927,1.4747249381351148,2.082949462974815,-0.6624007954785682,0.5148279685071211,1.2389170099142264,1.731845448850202,3.568634676113878,2.974786821101641,0.234626853508476,4.386270248997027,0.07912822234525407,1.3927807321879169,0.9283852358847977,2.894445074546309,2.654491904435008,0.7630186795784599,1.8099516587949827,1.7448382945886751,0.666232598526326,1.3712251786043648,0.8407163775415365,2.7824418607585226,4.420852591753845,1.18697350554363,1.0313566675533763,3.24100661404489,1.6400079141107977,1.4975400852011658,0.9750737711842186,1.688744793877173,4.447109002156141,0.2892926485445282,3.219657907788248,3.938401037005045,3.9220882102640706,-0.5401427788161749,1.5349257344219425,1.1637468022976103,2.057437653701564,0.4935823830034134,2.1401551264445127,0.17608590680658665,1.5752898446312436,0.5020403505615498,2.9290791889827803,-0.17770184356837043,3.137429400557825,0.3168657978880074,3.8928143036286764,2.8126431364399505,3.5372490643034586,1.5536740105462872,0.1397184105528282,1.5985520741007535,0.9586725457387528,0.26355109218765616,-0.2517242164420661,1.533832030101766,1.3114955970116302,0.09586839645243861,1.3676096889642242
1.0982177675454123,-3.24535676470027,3.1313828373152015,-1.3017923770921995,2.9786100287297907,4.14945928407413,0.8779104111395579,1.1102977316449105,1.0149442788701768,0.2382451277457276,1.1351617850227806,3.643575402242755,0.9042794456890646,1.1632188640960406,1.374576042290534,3.920960797293028,1.5363654777908347,2.4173291683911,1.78272821289694,0.7516026494899861,0.8097851789665742,2.4278829217361357,2.3131632898086103,1.8749199004161048,-0.5241109889194978,1.843473422906022,1.7942522602858013,1.23819001784798,-0.10813136270902196,4.840868903251832,2.0692962305880833,3.265684060189293,0.44681692062465805,1.7503417556707574,-0.2284353657843632,1.9880885627640599,0.8650856359954979,0.4271730016559151,2.437773699639469,-0.1183228684490682,1.0932618706703199,1.414844010407032,2.028892370249822,-0.7220739205587521,0.4502397690470724,1.180108399990251,1.672064739455127,3.51834456377238,2.923085416394767,0.16748474986832784,4.334978619441905,0.021269098014566112,1.3401342264140164,0.8632818412889125,2.835652561555217,2.6043760194685612,0.6990598027002604,1.7619157856029541,1.6930285613250213,0.6088891309460338,1.3125718964132436,0.7795840851369249,2.7244967659443393,4.37339862564149,1.1317986375647895,0.9737457967418752,3.190911471367527,1.5789822559291908,1.4354780268001404,0.9203718335743651,1.6355816611469083,4.402090098094437,0.2339844097374303,3.171248921911494,3.8914920495189467,3.8763075570800654,-0.6049752307968956,1.4751237899712564,1.1051106986096972,1.9943400098060697,0.4321250115199854,2.0813836772417122,0.11501386544842163,1.518878847719854,0.4408446129226613,2.874407858744137,-0.2451074442530619,3.0854952002349494,0.2575369076842685,3.840626077571237,2.7614103856345817,3.4910592937901193,1.494801487619721,0.07734302942383975,1.5389451698117804,0.8963787562092698,0.20224960691320915,-0.3217899319895585,1.4734670419987919,1.2546087688253964,0.03334661325304322,1.3084894412796133
1.102579994423237,9.76498227338184,3.0800251930520375,-1.3721072881621676,2.922410223579332,4.102011199408796,0.817971113175878,1.0490567122013685,0.9544527778349965,0.17255599567455482,1.0751724458517842,3.595606307597345,0.8415512093241928,1.0990918497008246,1.3195696233544714,3.866981879044051,1.477442458646265,2.3622201477903815,1.72481460372177,0.6890709037614415,0.7533826550570306,2.371102511498572,2.2601816660802907,1.8169102479870676,-0.5876694945082258,1.7859088014032503,1.740143053910223,1.178756234201324,-0.1717657629001184,4.794038065053378,2.0102891241500114,3.215350514710769,0.3838643662082508,1.6957933302683796,-0.2940906822555319,1.9396758871023712,0.8012221414573781,0.36537320084208924,2.3790954930500137,-0.18040368405860402,1.0323884570985282,1.3549630826789334,1.974835277524828,-0.7817470456389422,0.38565156958702695,1.1212997900662884,1.6122840300600363,3.4680544514308913,2.871384011687897,0.10034264622819844,4.28368698988677,-0.03659002631611258,1.287487720640113,0.7981784466930115,2.776860048564128,2.554260134502101,0.6351009258220639,1.713879912410938,1.6412188280613613,0.5515456633657447,1.2539186142221221,0.71845179273231,2.6665516711301596,4.325944659529153,1.0766237695859524,0.9161349259303742,3.1408163286901614,1.517956597747571,1.3734159683991023,0.8656698959644993,1.5824185284166374,4.357071194032729,0.17867617093032928,3.1228399360347403,3.844583062032842,3.830526903896045,-0.6698076827776132,1.4153218455205545,1.0464745949217686,1.9312423659105658,0.37066764003655717,2.0226122280389065,0.05394182409024417,1.4624678508084739,0.3796488752837729,2.819736528505487,-0.3125130449377565,3.033560999912077,0.1982080174805202,3.78843785151379,2.710177634829223,3.4448695232767834,1.4359289646931643,0.014967648294823332,1.4793382655227976,0.8340849666797774,0.14094812163874648,-0.39185564753705093,1.4131020538958086,1.1977219406391377,-0.029175169946377033,1.2493691935949993
1.1069422213010616,-5.23212467321161,3.0286675487888726,-1.4424221992321549,2.866210418428871,4.0545631147434555,0.7580318152121983,0.9878156927578203,0.8939612767998162,0.10686686360337583,1.0151831066807782,3.547637212951929,0.7788229729593368,1.0349648353056304,1.2645632044184056,3.813002960795079,1.418519439501689,2.307111127189672,1.667409470195692,0.6274071919584874,0.6969801311474779,2.314322101261017,2.2072000423519738,1.7589005955580401,-0.65122800009696,1.7283441799004537,1.6860338475346508,1.1193224505546742,-0.23540016309120237,4.747207226854934,1.9512820177119325,3.1650169692322443,0.32091181179183736,1.6412449048659983,-0.3597459987267007,1.8912632114406762,0.7373586469192677,0.30357340002825084,2.3204172864605743,-0.24248449966814611,0.971515043526749,1.2950821549508473,1.920778184799847,-0.8414201707191199,0.3210633701269877,1.0624911801423131,1.552503320664955,3.4177643390894064,2.8196826069810204,0.033200542588047055,4.232395360331645,-0.0944491506468037,1.2348412148662125,0.7330750520971234,2.7180675355730477,2.504144249535641,0.5711420489438643,1.6658440392189127,1.589409094797723,0.494202195785443,1.195265332031004,0.6573195003277139,2.6086065763159603,4.2784906934168045,1.0214489016071213,0.85852405511887,3.0907211860127948,1.4569309395659609,1.3113539099980736,0.8109679583546616,1.5292553956863728,4.312052289971034,0.12336793212322217,3.0744309501579794,3.7976740745467374,3.784746250712061,-0.7346401347583369,1.355519901069859,0.987838491233868,1.8681447220150582,0.30921026855312905,1.9638407788360996,-0.007130217267930172,1.406056853897081,0.3184531376448907,2.765065198266857,-0.37991864562245425,2.9816267995891916,0.1388791272767782,3.7362496254563506,2.6589448840238576,3.3986797527634476,1.3770564417666011,-0.04740773283417449,1.4197313612338116,0.7717911771502881,0.07964663636429326,-0.461921363084559,1.3527370657928346,1.1408351124528977,-0.09169695314578175,1.190248945910407
1.1113044481788865,10.9847053170229,2.977309904525705,-1.5125685925482841,2.8100106132784033,4.007115030078109,0.6980925172485277,0.9265746733142688,0.8334697757646297,0.04117773153221238,0.9551937675097599,3.49966811830651,0.7179920450247219,0.9708378209104112,1.2095567854823337,3.7590240425460983,1.3595964203571003,2.2520021065889573,1.6117098011938433,0.5657434801555241,0.6405776072379312,2.257541691023441,2.1542184186236506,1.7008909431289971,-0.7147865056856941,1.670779558397663,1.6319246411590849,1.0598886669080023,-0.2990345632822894,4.700376388656472,1.8922749112738513,3.1146834237537204,0.25795925737541137,1.5866964794636174,-0.42540131519788194,1.8428505357789777,0.6734951523811448,0.24177359921441877,2.2617390798711225,-0.30456531527768826,0.9106416299549638,1.2352012272227455,1.8667210920748507,-0.9010932957993101,0.25647517066694536,1.0036825702183378,1.4927226112698613,3.3674742267479107,2.7679812022741466,-0.03394156105210733,4.1811037307765195,-0.15230827497749166,1.1821947090923122,0.6679716575012162,2.6592750225819497,2.4540283645691687,0.5071831720656677,1.6178081660268842,1.5375993615340626,0.4368587282051477,1.1366120498398764,0.596187207923093,2.5506614815017743,4.231036727304449,0.9662740336282718,0.8009131843073689,3.040626043335429,1.3959052813843478,1.2492918515970326,0.7562660207447895,1.4760922629560957,4.26703338590933,0.06805969331613049,3.0260219642812167,3.75076508706064,3.7389655975280593,-0.7994725867390701,1.2957179566191634,0.9292023875459332,1.8050470781195573,0.2477528970696885,1.90506932963329,-0.06820225862609197,1.3496458569856944,0.2572574000060054,2.71039386802822,-0.4473242463071613,2.9296925992663185,0.0795502370730331,3.6840613993989075,2.6077121332184765,3.352489982250102,1.3181839188400382,-0.10978311396319412,1.360124456944838,0.7094973876208082,0.018345151089830702,-0.5319870786320671,1.2923720776898575,1.0839482842666515,-0.15421873634518019,1.13112869822579
1.115666675056711,-5.57428190110313,2.9259522602625445,-1.5822440616485995,2.7538108081279358,3.9596669454127715,0.6381532192848511,0.8653336538707361,0.7729782747294556,-0.024511400538950956,0.8952044283387759,3.451699023661103,0.6590981884824461,0.9067108065152043,1.154550366546262,3.7050451242971363,1.300673401212524,2.196893085988245,1.556010132192007,0.5040797683525731,0.5841750833283785,2.2007612807858763,2.1012367948953337,1.6428812906999635,-0.7783450112744252,1.6132149368948727,1.5778154347835096,1.0004548832613525,-0.36266896347337335,4.653545550458018,1.8332678048357696,3.0643498782752143,0.19500670295900735,1.532148054061233,-0.4910566316690632,1.7944378601172797,0.6096316578430436,0.17997379840058658,2.20306087328167,-0.3666461308872116,0.849768216383169,1.1753202994946501,1.8126639993498601,-0.9607664208794846,0.19188697120691234,0.9448739602943721,1.4329419018747802,3.3171841144064196,2.716279797567279,-0.10108366469224928,4.129812101221394,-0.21016739930817968,1.1295482033184023,0.6028682629053186,2.6004825095908704,2.4039124796027185,0.4432242951874743,1.569772292834865,1.4857896282704026,0.3795152606248523,1.0779587676487645,0.5350549155184752,2.492716386687581,4.1835827611921,0.9110991656494438,0.7433023134958678,2.99053090065806,1.3348796232027345,1.1872297931960039,0.7015640831349363,1.422929130225828,4.22201448184761,0.0127514545090327,2.9776129784044594,3.703856099574529,3.693184944344045,-0.8643050387197907,1.2359160121684711,0.870566283858017,1.7419494342240658,0.18629552558624163,1.8462978804304806,-0.12927429998427253,1.293234860074311,0.1960616623671263,2.65572253778958,-0.5147298469918496,2.8777583989434463,0.020221346869281787,3.6318731733414618,2.556479382413105,3.306300211736766,1.259311395913475,-0.1721584950921981,1.3005175526558614,0.6472035980913189,-0.04295633418462258,-0.6020527941795657,1.2320070895868678,1.0270614560804145,-0.2167405195446005,1.072008450541182
1.1200289019345355,-6.23514237170223,2.874594615999386,-1.6519195307489025,2.697611002977471,3.9122188607474246,0.5782139213211588,0.8040926344271973,0.7124867736942657,-0.09020053261012684,0.8352150891677763,3.4037299290157,0.6002043319401673,0.842583792120007,1.0995439476102056,3.651066206048159,1.241750382067948,2.141784065387527,1.500310463190152,0.4424160565496128,0.5277725594188287,2.1439808705483028,2.0482551711670203,1.5848716382709387,-0.8419035168631563,1.5556503153920882,1.5237062284079317,0.9410210996147088,-0.42630336366447913,4.606714712259571,1.7742606983976847,3.0140163327966807,0.13205414854258446,1.477599628658852,-0.5567119481402352,1.7460251844555847,0.5457681633049272,0.11817399758676694,2.1443826666922305,-0.42872694649674437,0.7888948028113867,1.115439371766564,1.7586069066248793,-1.0204395459596716,0.12729877174686055,0.8860653503703875,1.3731611924797054,3.2668940020649337,2.664578392860415,-0.16822576833238495,4.078520471666281,-0.26802652363886453,1.0769016975445052,0.5377648683094303,2.541689996599784,2.3537965946362682,0.37926541830927474,1.521736419642849,1.4339798950067582,0.32217179304456633,1.019305485457637,0.4739226231138791,2.434771291873398,4.136128795079754,0.855924297670613,0.6856914426843668,2.940435757980703,1.273853965021118,1.1251677347949782,0.6468621455250829,1.3697659974955507,4.176995577785922,-0.042556784298068306,2.929203992527709,3.6569471120884405,3.647404291160049,-0.9291374907005114,1.1761140677177693,0.8119301801701071,1.6788517903285551,0.12483815410281662,1.7875264312276802,-0.19034634134243755,1.2368238631629214,0.13486592472823478,2.601051207550946,-0.5821354476765536,2.825824198620573,-0.03910754333446648,3.579684947284022,2.505246631607746,3.260110441223433,1.200438872986912,-0.23453387622119587,1.2409106483668848,0.5849098085618452,-0.10425781945907586,-0.6721185097270643,1.1716421014838938,0.9701746278941807,-0.2792623027439958,1.0128882028565742
1.1243911288123603,-3.55888805334944,2.8232369717362156,-1.7215949998492182,2.6414111978270185,3.864770776082085,0.5182746233574853,0.7419488148154925,0.6519952726590885,-0.155889664681309,0.7752257499967705,3.3557608343702805,0.5413104753978759,0.7784567777247908,1.04453752867414,3.597087287799182,1.1828273629233688,2.0866750447868174,1.4446107941883157,0.38075234474665554,0.47137003550927603,2.0872004603107426,1.9952735474386942,1.5268619858418864,-0.9054620224518968,1.498085693889301,1.4695970220323626,0.8815873159680463,-0.48993776385556,4.559883874061127,1.7152535919596066,2.9636827873181684,0.0691015941261679,1.4230512032564708,-0.6223672646114132,1.6976125087938898,0.4819046687668136,0.05637419677293165,2.085704460102784,-0.4908077621062771,0.7280213892396015,1.0555584440384749,1.7045498138998918,-1.080112671039843,0.06271057228681198,0.8272567404464215,1.3133804830846116,3.216603889723439,2.6128769881535314,-0.23536787197253317,4.02722884211114,-0.32588564796955566,1.0242551917705984,0.47266147371353884,2.482897483608707,2.3036807096697896,0.31530654143107817,1.473700546450811,1.3821701617431041,0.26482832546427715,0.9606522032665281,0.4127903307092643,2.3768261970591986,4.088674828967405,0.8007494296917756,0.6280805718728719,2.8903406153033337,1.2128283068395047,1.0631056763939466,0.5921602079152297,1.3166028647652923,4.131976673724211,-0.09786502310517864,2.8807950066509482,3.6100381246023296,3.601623637976041,-0.9939699426812383,1.1163121232670832,0.7532940764821878,1.6157541464330543,0.06338078261937596,1.7287549820248704,-0.2514183827006056,1.180412866251541,0.07367018708934625,2.5463798773123028,-0.6495410483612545,2.7738899982976974,-0.09843643353820225,3.5274967212265853,2.4540138808023686,3.213920670710084,1.1415663500603364,-0.2969092573501999,1.1813037440779115,0.5226160190323434,-0.16555930473352598,-0.7421842252745693,1.111277113380923,0.9132877997079221,-0.3417840859434036,0.9537679551719696
1.128753355690185,8.46333831355062,2.7718793274730515,-1.7912704689495367,2.585211392676557,3.8173226914167415,0.45833532539381794,0.6781241316698117,0.5915037716239082,-0.22157879675246928,0.7152364108257583,3.307791739724874,0.48241661885559384,0.7143297633295935,0.9895311097380681,3.5431083695502075,1.1239043437787832,2.0317425869829,1.3920337934731253,0.31908863294369527,0.41496751159972944,2.0304200500731753,1.9422919237103835,1.4688523334128494,-0.969020528040631,1.440521072386498,1.4154878156567812,0.8221535323213809,-0.5535721640466501,4.513053035862679,1.656246485521531,2.9133492418396507,0.006149039709757553,1.3685027778540866,-0.6880225810825883,1.6491998331321944,0.4180411742287,-0.00542560404090664,2.027026253513336,-0.552888577715816,0.6671479756678129,0.995677516310373,1.6504927211748954,-1.1397857961200395,-0.0018776271732272587,0.7684481305224493,1.2535997736895241,3.1663137773819443,2.5611755834466647,-0.3025099756126751,3.975937212556018,-0.3837447723002343,0.9716086859966919,0.40755807911763187,2.4241049706176154,2.2535648247033393,0.2513476645528816,1.4256646732587888,1.3303604284794535,0.20748485788397242,0.9019989210753976,0.3516580383046589,2.318881102245025,4.041220862855062,0.7455745617129292,0.5704697010613677,2.8402454726259743,1.1518026486578883,1.0010436179929179,0.5374582703053701,1.263439732035009,4.086957769662507,-0.15317326191228275,2.8323860207741856,3.563129137116216,3.555842984792039,-1.0588023946619685,1.056510178816375,0.6946579727942686,1.5526565025375565,0.0019234111359447414,1.6699835328220705,-0.31249042405878935,1.1240018693401608,0.012474449450460945,2.4917085470736566,-0.716946649045946,2.721955797974812,-0.15776532374195357,3.4753084951691307,2.4027811299970026,3.1677309001967453,1.082693827133789,-0.3592846384792039,1.1216968397889318,0.4603222295028573,-0.2268607900079917,-0.812249940822071,1.0509121252779363,0.8564009715216883,-0.4043058691428114,0.8946477074873556
1.1331155825680097,9.42938443776229,2.7205216832098937,-1.8609459380498585,2.5290115875260835,3.769874606751407,0.3983960274301287,0.6142994485241278,0.5310122705887186,-0.28726792882364827,0.6552470716547556,3.2598226450794607,0.42352276231330555,0.650202748934368,0.9345246908019931,3.489129451301223,1.0649813246342135,1.977267517732377,1.3401124611984445,0.25742492114074433,0.35856498769017664,1.9736396398356046,1.8893102999820697,1.4108426809838064,-1.0325790336293683,1.3829564508837169,1.361378609281206,0.762719748674731,-0.6172065642377528,4.466222197664219,1.597239379083456,2.8630156963611135,-0.056803514706668445,1.3139543524516992,-0.7536778975537601,1.6007871574704902,0.35417767969058644,-0.06722540485473255,1.9683480469238803,-0.614969393325355,0.6062745620960213,0.935796588582287,1.5964356284499048,-1.1994589212002265,-0.06646582663327272,0.7096395205984773,1.1938190642944493,3.1160236650404523,2.509474178739791,-0.3696520792528295,3.9246455830008893,-0.4416038966309192,0.9189621802227914,0.34245468452174355,2.3653124576265236,2.2034489397368766,0.18759591871869663,1.3776288000667758,1.2785506952157994,0.15014139030368956,0.8433456388842855,0.2905257459000441,2.260936007430826,3.9937668967427102,0.6903996937340984,0.5128588302498664,2.7901503299485926,1.090776990476275,0.9389815595918829,0.4827563326955262,1.2102765993047475,4.041938865600796,-0.20848150071938998,2.7839770348974344,3.516220149630124,3.5100623316080304,-1.1236348466426826,0.996708234365689,0.6360218691063431,1.4895588586420552,-0.059533960347477155,1.6112120836192638,-0.3735624654169543,1.0675908724287648,-0.04872128818841809,2.4370372168350194,-0.7843522497306468,2.670021597651936,-0.21709421394570183,3.423120269111691,2.3515483791916223,3.1215411296834086,1.0238213042072257,-0.4216600196082142,1.0620899354999458,0.3980284399733618,-0.2881622752824418,-0.8823156563695634,0.990547137174953,0.7995141433354513,-0.46682765234222234,0.8355274598027382
1.1374778094458342,-4.88278418233372,2.669164038946735,-1.9306214071501584,2.4728117823756284,3.722426522086045,0.3384567294664613,0.5504747653784532,0.4705207695535508,-0.3529570608948148,0.5952577324837622,3.211853550434042,0.3646289057710236,0.5860757345391738,0.8795182718659398,3.4351505330522647,1.0060583054896373,1.9227924484818473,1.2881911289237666,0.19576120933777774,0.30216246378062384,1.9168592295980347,1.8363286762537527,1.3528330285547725,-1.0961375392180994,1.3253918293809328,1.3072694029056278,0.7032859650280812,-0.6808409644288305,4.419391359465782,1.5382322726453805,2.812682150882601,-0.11975606912307879,1.259405927049318,-0.8193332140249414,1.5523744818088014,0.29031418515246976,-0.12902520566856157,1.9096698403344499,-0.6770502089348847,0.5454011485242389,0.8759156608541978,1.542378535724924,-1.259132046280401,-0.13105402609330263,0.6508309106745114,1.1340383548993649,3.065733552698961,2.45777277403292,-0.43679418289295896,3.8733539534457613,-0.4994630209616103,0.8663156744488849,0.27735128992583646,2.306519944635437,2.1533330547704326,0.12505698780289476,1.329592926874738,1.2267409619521519,0.09279792272339737,0.7846923566931612,0.2293934534954356,2.20299091261664,3.946312930630361,0.6352248257552611,0.4552479594383655,2.7400551872712207,1.029751332294665,0.8769195011908513,0.42805439508566967,1.1571134665744736,3.996919961539102,-0.26378973952649093,2.735568049020671,3.4693111621440256,3.464281678424026,-1.1884672986233973,0.9369062899149936,0.57738576541843,1.426461214746545,-0.12099133183091776,1.5524406344164607,-0.43463450677512866,1.0111798755173909,-0.1099170258273034,2.3823658865963857,-0.8517578504153476,2.61808739732907,-0.2764231041494438,3.3709320430542506,2.3003156283862536,3.07535135917007,0.9649487812806627,-0.48403540073722756,1.0024830312109754,0.3357346504438913,-0.3494637605568888,-0.9523813719170622,0.930182149071979,0.7426273151492051,-0.5293494355416302,0.7764072121181336
1.1418400363236592,10.1964251961628,2.617806394683562,-2.00029687625048,2.4166119772251538,3.674978437420701,0.27851743150278463,0.4866500822327724,0.4100292685183705,-0.4186461929659969,0.5352683933127595,3.163884455788632,0.3057350492287353,0.5219487201439577,0.824511852929865,3.3811716148032778,0.9471352863450488,1.868317379231305,1.2362697966490983,0.13409749753481748,0.24575993987108347,1.8600788193604674,1.7833470525254393,1.2948233761257295,-1.1596960448068399,1.267827207878133,1.2531601965300618,0.6438521813814124,-0.7444753646199238,4.3725605212673155,1.4792251662072833,2.7623486054040898,-0.18270862353949224,1.2048575016469463,-0.8849885304961103,1.5039618061471127,0.2264506906143563,-0.19082500648239997,1.8509916337449883,-0.7391310245444205,0.4845277349524537,0.8160347331260993,1.4883214429999276,-1.318805171360591,-0.19564222555335747,0.592022300750533,1.0742576455042712,3.015443440357479,2.406071369326053,-0.5039362865331103,3.822062323890629,-0.5573221452923076,0.8136691686749782,0.21224789532995136,2.247727431644348,2.1032171698039663,0.06251805688708356,1.2815570536827188,1.1749312286884916,0.03545445514309575,0.7260390745020397,0.168261161090827,2.1450458178024467,3.8988589645179967,0.5800499577764209,0.39763708862684877,2.6899600445938603,0.9687256741130486,0.8148574427898132,0.37335245747581003,1.1039503338441994,3.9519010574773947,-0.3190979783335919,2.687159063143911,3.4224021746579147,3.4185010252400234,-1.2532997506041241,0.877104345464301,0.5187496617305107,1.363363570851047,-0.18244870331436458,1.4936691852136355,-0.4957065481332936,0.9547688786059918,-0.17111276346619186,2.327694556357746,-0.9191634511000422,2.5661531970061846,-0.3357519943531858,3.3187438169968084,2.2490828775808787,3.0291615886567245,0.9060762583540964,-0.5477374903564888,0.9428761269219832,0.2734408609144051,-0.41076524583135143,-1.022447087464567,0.8698171609689986,0.6857404869629558,-0.5918712187410287,0.7172869644335165
1.1462022632014837,-4.47083852483422,2.5664487504204008,-2.069972345350777,2.3604121720746987,3.6275303527553735,0.21857813353910172,0.42282539908709804,0.3495377674831871,-0.4843353250371572,0.47527905414175053,3.115915361143216,0.24684119268646265,0.45782170574875725,0.7695054339938117,3.3271926965543157,0.8882699427085841,1.813842309980769,1.1843484643744144,0.0724337857318571,0.18935741596153377,1.803298409122897,1.7303654287971255,1.2368137236966925,-1.223254550395571,1.2102625863753487,1.19905099015449,0.5844183977347688,-0.8081097648110172,4.325729683068872,1.4202180597692082,2.7120150599255686,-0.2456611779559026,1.1503090762445558,-0.9506438469672883,1.4555491304854082,0.16258719607624583,-0.2526248072962321,1.7923134271555397,-0.8012118401539594,0.42365432138066517,0.7561538053980008,1.4342643502749404,-1.3784782964407656,-0.26023042501338733,0.5332136908265577,1.0144769361091839,2.965153328015983,2.3543699646191696,-0.5710783901732522,3.770770694335507,-0.6151812696229895,0.7610226629010715,0.1471445007340536,2.1889349186532687,2.0531012848375,-2.087402872130717e-05,1.2335211804906965,1.1231214954248534,-0.021889012437187105,0.6673857923109248,0.10712886868621851,2.0871007229882546,3.85140499840566,0.5248750897975867,0.34002621781536013,2.6398649019165044,0.9077000159314383,0.7527953843887782,0.31865051986596304,1.0507872011139348,3.9068821534156966,-0.3744062171406898,2.6387500772671633,3.3754931871718137,3.372720372056019,-1.318132202584851,0.8173024010135994,0.4601135580426039,1.3002659269555366,-0.24390607479778648,1.4348977360108415,-0.5567785894914618,0.8983578816946147,-0.23230850110507717,2.273023226119106,-0.9865690517847461,2.514218996683306,-0.3950808845569309,3.266555590939359,2.1978501267755135,2.9829718181433753,0.8472037354275335,-0.6120499790034427,0.8832692226330223,0.21114707138491273,-0.47206673110580155,-1.092512803012069,0.8094521728660091,0.6288536587767157,-0.6543930019404458,0.658166716748918
1.1505644900793084,9.1524769681125,2.515091106157233,-2.1396478144510924,2.3042123669242374,3.580082268090024,0.1586388355754188,0.35900071594142036,0.28904626644799736,-0.5500244571083394,0.41528971497074785,3.0679462664978123,0.18794733614417436,0.3936946913535474,0.7144990150577459,3.2732137783053386,0.8330541964474374,1.7593672407302392,1.1324271320997397,0.010770073928899948,0.13295489205198718,1.7465179988853234,1.6773838050688024,1.1788040712676586,-1.286813055984302,1.1526979648725706,1.1449417837789178,0.5249846140881096,-0.8717441650021011,4.278898844870424,1.3612109533311267,2.6616815144470376,-0.3086137323723286,1.0957606508421716,-1.0162991634384726,1.4071364548237288,0.09872370153812915,-0.31442460811006423,1.7336352205660968,-0.8632926557634891,0.3627809078088736,0.6962728776699147,1.3802072575499469,-1.4381514215209559,-0.3248186244734391,0.4744050809025919,0.9546962267141057,2.914863215674492,2.302668559912303,-0.6382204938134035,3.7194790647803817,-0.6730403939536711,0.7083761571271681,0.08204110613815285,2.130142405662177,2.002985399871041,-0.0625598049445294,1.1854853072986742,1.0713117621611932,-0.07923248001749189,0.6087325101198033,0.04599657628160381,2.029155628174064,3.8039510322933108,0.46970022181874327,0.2819534824252422,2.5897697592391316,0.8466743577498188,0.6907333259877557,0.2639485822561034,0.9976240683836639,3.861863249353986,-0.4297144559478001,2.5903410913904095,3.3285841996857064,3.3269397188720102,-1.3829646545655685,0.7575004565629038,0.4014774543546846,1.237168283060045,-0.30536344628123024,1.3761262868080257,-0.6178506308496423,0.8419468847832312,-0.2935042387439625,2.2183518958804713,-1.0539746524694376,2.462284796360433,-0.4544097747606823,3.2143673648819258,2.1466173759701324,2.9367820476300457,0.7883312125009703,-0.6763624676503937,0.8236623183440426,0.14885328185542968,-0.5333682163802673,-1.1625785185595676,0.7490871847630352,0.5719668305904664,-0.7169147851398536,0.6008388991364253
1.154926716957133,-5.83134957801935,2.463733461894072,-2.209323283551411,2.2480125617737725,3.532634183424686,0.09869953761174832,0.2951760327957428,0.22855476541282027,-0.6157135891795027,0.3553003757997545,3.0199771718523962,0.12905347960190483,0.32956767695834377,0.6594925961216711,3.219234860056364,0.7778384501862816,1.7048921714797032,1.0805057998250807,-0.0508936378740541,0.07655236814243749,1.6897375886477597,1.6244021813404792,1.1207944188386219,-1.3503715615730425,1.095133343369777,1.090832577403352,0.4655508304414534,-0.9353785651931975,4.232068006671978,1.3022038468930515,2.611347968968529,-0.37156628678873266,1.0412122254397904,-1.0819544799096383,1.358723779162015,0.034860207000018795,-0.376224408923887,1.6749570139766476,-0.925373471373025,0.3019074942370882,0.6363919499418254,1.3261501648249658,-1.4978245466011395,-0.3894068239334721,0.41559647097861663,0.8949155173190213,2.8645731033329973,2.250967155205438,-0.7053625974535455,3.668187435225259,-0.7308995182843623,0.6557296513532676,0.016937711542258316,2.0713498926710843,1.9528695149045807,-0.1250987358603281,1.1374494341066457,1.0195020288975425,-0.13657594759778097,0.550079227928679,-0.015135716123001686,1.9712105333598842,3.756497066180965,0.4145253538399155,0.22081445537041544,2.539674616561766,0.7856486995682119,0.6286712675867272,0.2092466446462532,0.9444609356533868,3.816844345292295,-0.48502269475490106,2.5419321055136432,3.2816752121996053,3.2811590656880085,-1.4477971065462985,0.6976985121122177,0.34284135066675603,1.1740706391645408,-0.36682081776465836,1.3173548376052318,-0.6789226722078041,0.7855358878718446,-0.35469997638283846,2.1636805656418163,-1.121380253154129,2.410350596037567,-0.5137386649644305,3.1621791388244826,2.095384625164777,2.8905922771167063,0.7294586895744104,-0.7406749562973383,0.7640554140550693,0.08655949232594351,-0.5946697016547174,-1.2326442341070631,0.688722196660061,0.5150800024042264,-0.7794365683392458,0.5454182431630499
1.1592889438349578,9.36165402744643,2.412375817630908,-2.2789987526517232,2.1918127566233085,3.4851860987593426,0.038760239648074735,0.23135134965005577,0.16806326437763996,-0.6814027212506817,0.29531103662873925,2.97200807720698,0.07015962305961343,0.26544066256313703,0.6044861771856054,3.1652559418073833,0.7226227039251225,1.650417102229164,1.0285844675503937,-0.1125573496770238,0.020149844232884684,1.6329571784102048,1.5714205576121658,1.0627847664095817,-1.4139300671617736,1.0375687218669836,1.0367233710277675,0.4061170467947942,-0.9990129653842938,4.185237168473505,1.2431967404549573,2.561014423490004,-0.43451884120516177,0.9866638000374062,-1.1476097963808227,1.3092145020287047,-0.029003287538094724,-0.4380242097377191,1.6162788073871954,-0.987454286982564,0.24103408066529974,0.5765110222137269,1.2720930720999724,-1.5574976716813236,-0.45399502339353004,0.35678786105464766,0.8351348079239278,2.814282990991509,2.199265750498564,-0.7725047010936967,3.6168958056701275,-0.7887586426150535,0.6030831455793548,-0.0481656830536456,2.0125573796799987,1.9027536299381242,-0.18763766677614246,1.089413560914611,0.9676922956338792,-0.19391941517807637,0.4914259457375514,-0.07626800852761018,1.9132654385456884,3.709043100068606,0.35935048586106266,0.15967542831558257,2.4914015314311504,0.7246230413865924,0.5666092091856922,0.15454470703639056,0.891297802923116,3.7718254412305843,-0.5403309335619989,2.4935231196368894,3.2347662247135096,3.2353784125040006,-1.5126295585270224,0.6378965676615285,0.28420524697883043,1.1109729952690335,-0.42827818924808647,1.2585833884024251,-0.7399947135659785,0.729124890960452,-0.41589571402173625,2.109009235403189,-1.1887858538388394,2.358416395714678,-0.5730675551681725,3.109990912767037,2.044151874359402,2.844402506603368,0.6705861666478472,-0.8049874449442922,0.7044485097660707,0.02426570279644802,-0.6559711869291707,-1.302709949654571,0.6283572085570746,0.458193174217977,-0.8419583515386724,0.48999758718966513
1.1636511707127823,-6.1966093164678,2.3610181733677464,-2.3486742217520327,2.1356129514728464,3.4377380140939993,-0.021179058315611288,0.1675266665043844,0.10757176334245644,-0.7470918533218451,0.235321697457749,2.924038982561574,0.011265766517325138,0.20131364816791464,0.5494797582495428,3.1112770235584186,0.6674069576639605,1.5959420329786347,0.976663135275722,-0.17422106147997785,-0.03625267967666185,1.5761767681726313,1.5184389338838458,1.0047751139805512,-1.4774885727505076,0.9810668349319558,0.9826141646521984,0.34668326314814113,-1.0626473655753716,4.138406330275064,1.1841896340168852,2.5106808780114864,-0.49747139562156584,0.9321153746350253,-1.2132651128519854,1.2582947308161818,-0.0928667820762083,-0.4998240105515637,1.557600600797753,-1.0495351025920967,0.18016066709351441,0.5166300944856377,1.218035979374982,-1.6171707967615074,-0.5185832228535693,0.29797925113067547,0.7779666802942014,2.7639928786500167,2.1475643457916913,-0.8396468047338419,3.565604176115002,-0.8466177669457414,0.5504366398054574,-0.1132690776495433,1.9537648666889,1.8526377449716673,-0.25017659769194117,1.0413776877225887,0.915882562370244,-0.25126288275837483,0.4327726635464426,-0.13740030093222494,1.855320343731499,3.6615891339562667,0.30531547779443,0.0985364012607558,2.4434198389886834,0.6635973832049729,0.5045471507846604,0.09984276942653725,0.8381346701928514,3.72680653716887,-0.5956391723690968,2.445114133760123,3.187857237227396,3.1895977593199953,-1.5774620105077555,0.5780946232108204,0.2255691432909237,1.047875351373545,-0.48973556073153024,1.1998119391996156,-0.8010667549241497,0.6727138940490653,-0.4770914516606216,2.0543379051645454,-1.25619145452354,2.3064821953918058,-0.6323964453719145,3.0578026867095973,1.9929191235540304,2.798212736090022,0.6117136437212904,-0.869299933591243,0.6448416054771036,-0.03802808673303193,-0.7172726722036084,-1.3727756652020697,0.5679922204540975,0.401306346031737,-0.9044801347380645,0.43457693121629604
1.168013397590607,9.16365506923567,2.309660529104585,-2.418349690852345,2.079413146322385,3.390289929428647,-0.08111835627929115,0.10370198335871306,0.047080262307273024,-0.8127809853930241,0.17533235828674,2.8760698879161604,-0.047628090024959935,0.1371866337727079,0.4944733393134835,3.0572981053094406,0.6121912114028107,1.5414669637280987,0.9247418030010475,-0.23588477328293816,-0.09265520358622714,1.5193963579350676,1.4654573101555195,0.9467654615515142,-1.541047078339239,0.925604275803942,0.9285049582766265,0.28724947950149127,-1.126281765766468,4.09157549207661,1.1251825275788006,2.460347332532968,-0.5604239500379855,0.877566949232641,-1.2789204293231728,1.20737495960364,-0.1567302766143187,-0.5616238113653896,1.4989223942083039,-1.1116159182016263,0.11928725352172898,0.4567491667575422,1.1639788866499854,-1.6768439218416882,-0.5831714223136117,0.2391706412067034,0.7218459985286396,2.713702766308531,2.09586294108482,-0.9067889083739837,3.5143125465598732,-0.9044768912764325,0.49443548730724407,-0.17837247224543157,1.89497235369783,1.802521860005214,-0.3127155286077461,0.9933418145305601,0.864072829106584,-0.30860635033866085,0.37411938135530876,-0.1985325933368366,1.7973752489173156,3.6141351678439175,0.25224297792501293,0.037397374205925926,2.3954381465462165,0.6025717250233658,0.44248509238362554,0.045140831816687044,0.7849715374625772,3.6817876331071604,-0.6509474111762039,2.3967051478833747,3.1409482497412977,3.1438171061359776,-1.642294462488476,0.5182926787601247,0.16693303960300443,0.9847777074780377,-0.5511929322149615,1.1410404899968123,-0.8621387962823146,0.6163028971376787,-0.53828718929951,1.9996665749259115,-1.323597055208241,2.2545479950689264,-0.6917253355756503,3.005614460652148,1.9416863727486555,2.752022965576683,0.552841120794721,-0.9336124222381907,0.5852347011881145,-0.1003218762625212,-0.7785741574780897,-1.4428413807495715,0.507627232351114,0.34441951784549696,-0.9670019179374724,0.3791562752429175
1.1723756244684316,8.90042344690795,2.2583028848414246,-2.488025159952654,2.0232133411719175,3.3428418447633153,-0.14105765424297095,0.039877300213029154,-0.01341123872791039,-0.8784701174641876,0.1153430191157373,2.828100793270748,-0.10652194656723263,0.07305961937751371,0.43946692037741464,3.003319187060476,0.5569754651416519,1.486991894477572,0.872820470726376,-0.2975484850859016,-0.14905772749576746,1.4626159476975034,1.4124756864272214,0.8887558091224774,-1.6046055839279794,0.8701417166759253,0.8743957519010543,0.22781569585482886,-1.1899161659575674,4.044744653878166,1.066175421140716,2.4100137870544405,-0.6233765044544053,0.8230185238302536,-1.3445757457943417,1.1564551883911138,-0.2205937711524385,-0.6234236121792217,1.4402441876188579,-1.1736967338111683,0.05841383994993743,0.3968682390294499,1.1099217939250046,-1.7365170469218723,-0.6477596217736447,0.1803620312827281,0.6657253167630777,2.663412653967036,2.0441615363779464,-0.9739310120141289,3.4630209170047577,-0.962336015607108,0.43830272859218633,-0.24347586684133238,1.836179840706744,1.7524059750387508,-0.3752544595235511,0.9453059413385441,0.8122630958429362,-0.3659498179189624,0.31546609916419377,-0.25966488574143887,1.739430154103123,3.5666812017315657,0.19917047805559895,-0.02374165284890073,2.3474564541037557,0.5415460668417493,0.3804230339825938,-0.009561105793172597,0.7318084047323157,3.6367687290454684,-0.7062556499833018,2.348296162006612,3.094039262255194,3.0980364529519786,-1.7071269144691843,0.45849073430943244,0.10829693591509137,0.9216800635825304,-0.6126503036983958,1.082269040794009,-0.9232108376404984,0.5598919002263016,-0.5994829269383891,1.9449952446872587,-1.3910026558929354,2.2026137947460507,-0.7510542257794142,2.953426234594696,1.8904536219432904,2.7058331950633434,0.49396859786816427,-0.9979249108851448,0.5256277968991472,-0.16261566579200737,-0.8398756427525367,-1.5129070962970763,0.44726224424813377,0.28753268965925693,-1.0295237011368772,0.3237356192695422
1.1767378513462565,8.22146627165645,2.2069452405782473,-2.5577006290529756,1.967013536021453,3.2953937600979692,-0.20099695220663827,-0.023947382932645367,-0.07390273976309691,-0.9441592495353635,0.055353679944728285,2.7801316986253344,-0.16541580310952086,0.008932604982297532,0.3844605014413459,2.949340268811495,0.5017597188804928,1.432516825227036,0.820899138451695,-0.35921219688886186,-0.20546025140531404,1.4058355374599205,1.3594940626988983,0.8307461566934156,-1.6681640895167071,0.8146791575479022,0.8202865455254793,0.1683819122081759,-1.2535505661486486,3.99791381567971,1.00716831470265,2.3596802415759193,-0.6863290588708187,0.7684700984278756,-1.410231062265523,1.1055354171785752,-0.2844572656905583,-0.6852234129930477,1.3815659810294119,-1.2357775494207073,-0.002459573621851008,0.3369873113013514,1.055864701200008,-1.7961901720020592,-0.7123478212336933,0.12155342135875291,0.6096046349975126,2.6131225416255353,1.9924601316710702,-1.0410731156542707,3.411729287449626,-1.020195139937799,0.3821699698771379,-0.30857926143723313,1.7773873277156518,1.702290090072282,-0.4377933904393591,0.8972700681465218,0.7604533625792762,-0.4232932854992516,0.25681281697307556,-0.3207971781460568,1.681485059288924,3.5192272356192325,0.14609797818617565,-0.08488067990373993,2.2994747616612825,0.4805204086601298,0.31836097558156196,-0.06426304340302902,0.6786452720020386,3.591749824983758,-0.7615638887904184,2.2998871761298547,3.047130274769086,3.0522557997679796,-1.7719593664499114,0.3986887898587369,0.04966083222715956,0.8585824196870293,-0.6741076751818302,1.0234975915912057,-0.9842828789986727,0.5034809033149088,-0.6606786645772901,1.8903239144486188,-1.4584082565776333,2.1506795944231785,-0.810383115983156,2.901238008537268,1.839220871137906,2.659643424550004,0.43509607494159175,-1.0622373995321017,0.466020892610177,-0.22490945532149353,-0.901177128026993,-1.5829728118445814,0.38689725614515036,0.23064586147300759,-1.0920454843362943,0.2683149632961668
1.181100078224081,-6.31646635221869,2.155587596315087,-2.624234515792881,1.9108137308709943,3.247945675432632,-0.26093625017031813,-0.087772066078323,-0.13439424079827722,-1.00984838160653,-0.004635659226265076,2.732162603979919,-0.22430965965179978,-0.055194409412902934,0.3294540825052771,2.895361350562524,0.44654397261933687,1.3780417559764968,0.7689778061770143,-0.42087590869182534,-0.26186277531486996,1.3490551272223628,1.3065124389706002,0.7727365042643879,-1.7317225951054445,0.7592165984198824,0.7661773391499134,0.10894812856152591,-1.3171849663397355,3.951082977481253,0.9481612082645685,2.309346696097392,-0.749281613287226,0.7139216730254851,-1.4758863787366978,1.0546156459660492,-0.34832076022866554,-0.747023213806886,1.3228877744399723,-1.29785836503024,-0.06333298719363956,0.27710638357327155,1.001807608475027,-1.8558632970822369,-0.7769360206937357,0.0627448114347714,0.5534839532319444,2.5628324292840556,1.9407587269642088,-1.108215219294419,3.360437657894491,-1.076320339207609,0.32603721116207707,-0.3736826560331277,1.7185948147245564,1.6521742051058317,-0.5003323213551704,0.849234194954515,0.7086436293156284,-0.48063675307954384,0.19815953478196047,-0.38192947055065596,1.623539964474747,3.471773269506868,0.09302547831678976,-0.1460197069585698,2.2514930692188253,0.4194947504785228,0.256298917180524,-0.11896498101289482,0.6254821392717647,3.546730920922057,-0.8168721275975163,2.251478190253107,3.000221287282997,3.006475146583969,-1.836791818430635,0.33888684540803826,-0.008975271460737844,0.7954847757915315,-0.7355650466652583,0.9647261423883897,-1.045354920356825,0.4470699064035223,-0.7218744022161723,1.8356525842099758,-1.525813857262334,2.098745394100308,-0.8697120061869013,2.8490497824798258,1.787988120332544,2.6134536540366717,0.37622355201503177,-1.1265498881790403,0.40641398832120035,-0.2872032448509828,-0.96247861330144,-1.6530385273920707,0.32653226804217017,0.17375903328676134,-1.1545672675356928,0.21289430732278514
1.1854623051019058,9.00119872106835,2.104229952051928,-2.6903034505169696,1.854613925720533,3.2004975907672755,-0.32087554813399793,-0.15159674922400995,-0.19488574183345753,-1.075537513677709,-0.06462499839727404,2.6841935093345155,-0.2832035161940974,-0.1193214238081221,0.2744476635692208,2.84138243231354,0.39132822635817477,1.3235666867259641,0.7170564739023426,-0.4825396204947856,-0.31826529922441027,1.292274716984783,1.2535308152422646,0.7147268518353542,-1.7952811006941756,0.7037540392918562,0.7120681327743319,0.049514344914866726,-1.380819366530832,3.9042521392828125,0.8891541018264899,2.2590131506188857,-0.8122341677036551,0.6593732476231164,-1.5415416952078667,1.0036958747535136,-0.412184254766776,-0.8088230146207056,1.264209567850517,-1.3599391806397696,-0.12420640076541867,0.21722545584516673,0.9477505157500272,-1.9155364221624238,-0.8415242201537811,0.003936201510814863,0.4973632714663825,2.5118175114094443,1.8890573222573324,-1.1753573229345609,3.309146028339378,-1.1321075943857428,0.2699044524470069,-0.43878605062902537,1.6598023017334829,1.6020583201393654,-0.5628712522709752,0.8011983217624707,0.6568338960519684,-0.5379802206598423,0.13950625259084537,-0.44306176295527383,1.5655948696605508,3.424319303394519,0.039952978447354015,-0.20715873401339652,2.203511376776367,0.3584690922969127,0.19423685877949837,-0.17366691862273254,0.5723190065414876,3.501712016860349,-0.8721803664046016,2.203069204376341,2.9533122997968837,2.9606944933999664,-1.901624270411365,0.27908490095735206,-0.06761137514866644,0.7323871318960304,-0.7970224181486989,0.9059546931855864,-1.106426961715015,0.390658909492142,-0.7830701398550481,1.7809812539713483,-1.5932194579470287,2.0468111937774136,-0.9290408963906432,2.79686155642237,1.7367553695271696,2.56726388352332,0.3173510290884811,-1.1908623768260036,0.3468070840322144,-0.3494970343804721,-1.0237800985759027,-1.7231042429395786,0.26616727993918676,0.11687220510051821,-1.2170890507351193,0.15747365134940672
1.1898245319797303,-5.10897491253963,2.0528723077887703,-2.7563723852410513,1.7984141205700686,3.153049506101951,-0.38081484609767463,-0.2154214323696782,-0.2553772428686379,-1.141226645748866,-0.12461433756827678,2.636224414689112,-0.3420973727363763,-0.18344843820332263,0.21944124463314896,2.787403514064575,0.33611248009703454,1.2690916174754343,0.6651351416276619,-0.5442033322977303,-0.37466782313396624,1.2354943067472222,1.200549191513948,0.6567171994063266,-1.858839606282913,0.6482914801638393,0.6579589263987569,-0.009919438731792574,-1.4444537667219066,3.8574213010843614,0.8301469953884115,2.208679605140352,-0.8751867221200591,0.604824822220726,-1.6071970116790448,0.9527761035409812,-0.47604774930489574,-0.8706228154345409,1.205531361261065,-1.4220199962493054,-0.185079814337204,0.15734452811707433,0.8936934230250431,-1.975209547242614,-0.906112419613808,-0.054872408413154106,0.4412425897008174,2.4596890853713766,1.837355917550468,-1.2424994265746996,3.2578543987842465,-1.1878948495638766,0.21377169373195848,-0.5038894452249169,1.6010097887424004,1.5519424351729152,-0.6254101831867771,0.7531624485704518,0.6050241627883364,-0.5953236882401408,0.08085297039972095,-0.5041940553598793,1.5076497748463737,3.3768653372821635,-0.013119521422044311,-0.2682977610682357,2.1555296843339002,0.2974434341152963,0.13217480037847595,-0.22836885623259212,0.519155873811223,3.456693112798642,-0.9274886052117151,2.1546602184995747,2.906403312310779,2.9149138402159585,-1.966456722392095,0.2192829565066441,-0.1262474788365764,0.6692894880005293,-0.8584797896321333,0.8471832439827893,-1.167499003073171,0.33424791258074305,-0.8442658774939336,1.7263099237327018,-1.6606250586317202,1.9948769934545474,-0.9883697865943852,2.744673330364937,1.6855226187217915,2.5210741130099903,0.2584785061619118,-1.2551748654729389,0.28720017974323786,-0.4117908239099551,-1.0850815838503527,-1.793169958487071,0.205802291836219,0.05998537691428141,-1.2796108339345085,0.10205299537604373
1.1941867588575552,7.37093090188676,2.0015146635256027,-2.8224413199651375,1.7422143154196037,3.1056014214365923,-0.4407541440613513,-0.27924611551536205,-0.3158687439038276,-1.2069157778200483,-0.1846036767392764,2.588255320043686,-0.4009912292786646,-0.24757545259853247,0.16443482569708323,2.733424595815598,0.2808967338358693,1.214616548224892,0.6132138093529842,-0.6058670441006906,-0.43107034704351904,1.1787138965096582,1.1475675677856279,0.5987075469772773,-1.9223981118716533,0.5928289210358226,0.6038497200231785,-0.06935322237844244,-1.5080881669130122,3.8105904628858953,0.7711398889503269,2.1583460596618345,-0.9381392765364913,0.5502763968183355,-1.6728523281502197,0.901856332328455,-0.5399112438429999,-0.9324226162483731,1.146853154671622,-1.4841008118588415,-0.2459532279089925,0.09746360038898827,0.8396363303000496,-2.034882672322798,-0.970700619073869,-0.11368101833713873,0.3851219079352586,2.407560659333293,1.7856545128435817,-1.3096415302148574,3.2065627692291123,-1.2436821047420137,0.1576389350168914,-0.5689928398208207,1.5422172757512989,1.5018265502064458,-0.6879491141025852,0.7051265753784168,0.5532144295246637,-0.6526671558204331,0.02219968820860274,-0.5653263477644909,1.4497046800321718,3.3294113711698206,-0.06619202129147705,-0.32943678812306554,2.107547991891427,0.23641777593367364,0.07011274197743167,-0.2830707938424517,0.4659927410809551,3.4116742087369474,-0.9827968440188223,2.1062512326228173,2.8594943248246905,2.8691331870319505,-2.0312891743728128,0.1594810120559611,-0.18488358252449877,0.6061918441050158,-0.9199371611155583,0.7884117947799736,-1.2285710444313451,0.27783691566936275,-0.9054616151328189,1.671638593494068,-1.728030659316424,1.9429427931316654,-1.0476986767981242,2.692485104307491,1.6342898679164233,2.4748843424966473,0.1996059832353393,-1.319487354119896,0.22759327545426444,-0.4740846134394444,-1.1463830691248122,-1.8632356740345855,0.1454373037332356,0.0030985487280350554,-1.3421326171339194,0.04663233940265277
1.1985489857353797,7.85324980445229,1.9501570192624358,-2.888510254689229,1.6860145102691362,3.058153336771242,-0.5006934420250436,-0.34307079866103346,-0.3763602449390141,-1.2726049098912147,-0.24459301591027288,2.540286225398276,-0.45988508582094034,-0.3117024669937455,0.10942840676102072,2.6794456775666173,0.22568098757471655,1.1601414789743656,0.5612924770783125,-0.6675307559036603,-0.48747287095306563,1.1219334862720878,1.0945859440573142,0.5406978945482341,-1.9859566174603782,0.537366361907812,0.549740513647619,-0.12878700602509546,-1.5717225671041024,3.7637596246874576,0.7121327825122392,2.108012514183325,-1.0010918309528987,0.4957279714159637,-1.738507644621401,0.8509365611159163,-0.6037747383811197,-0.9942224170622083,1.0881749480821794,-1.5461816274683835,-0.30682664148077166,0.03758267266089288,0.7855792375750719,-2.094555797402988,-1.0352888185339113,-0.1724896282611046,0.3290012261696842,2.3554322332952315,1.7339531081367239,-1.3767836338550086,3.1552711396739923,-1.2994693599201381,0.10150617630183367,-0.6340962344167121,1.4834247627602097,1.4517106652399956,-0.7504880450183902,0.6570907021864103,0.5014046962610192,-0.7100106234007222,-0.03645359398252168,-0.6264586401690931,1.3917595852179885,3.281957405057481,-0.11926452116087849,-0.39057581517787665,2.0595662994489663,0.17539211775206975,0.008050683576406148,-0.3377727314523019,0.4128296083506874,3.3666553046752403,-1.0381050828259233,2.0578422467460635,2.812585337338592,2.8233525338479577,-2.0961216263535425,0.09967906760527179,-0.24351968621241804,0.5430942002095274,-0.9813945325990021,0.7296779296063796,-1.28964308578951,0.2214259187579637,-0.9666573527717042,1.6169672632554215,-1.795436260001131,1.8910085928087959,-1.1070275670018754,2.640296878250048,1.5830571171110577,2.428694571983314,0.1407334603087731,-1.383799842766853,0.1679863711652816,-0.5363784029689243,-1.2076845543992687,-1.9333013895820748,0.08507231563026163,-0.05378827945820175,-1.404654400333324,-0.008788316570716326
1.2029112126132044,-4.85288318768007,1.8987993749992744,-2.954579189413315,1.6298147051186775,3.010705252105917,-0.5606327399887048,-0.4068954818067142,-0.436851745974185,-1.3382940419623877,-0.30458235508127873,2.4923171307528635,-0.5187789423632192,-0.37582948138894284,0.054421987824942564,2.625466759317643,0.17046524131356067,1.1056664097238234,0.5093711448036318,-0.7291944677066176,-0.5438753948626247,1.0651530760345114,1.0416043203289973,0.48268824211920336,-2.0495151230491153,0.48190380277978573,0.49563130727204374,-0.18822078967175787,-1.6353569672951864,3.7169287864890013,0.6531256760741608,2.057678968704791,-1.064044385369312,0.44117954601358267,-1.804162961092576,0.8000167899033841,-0.6676382329192426,-1.0560222178760341,1.029496741492724,-1.608262443077913,-0.3677000550525601,-0.02229825506720262,0.7315221448500846,-2.1542289224831688,-1.0998770179939568,-0.231298238185083,0.27288054440412546,2.3033038072571603,1.682251703429847,-1.4439257374951442,3.1039795101188643,-1.3552566150982688,0.04537341758677904,-0.6991996290126254,1.4246322497691333,1.4015947802735234,-0.8130269759342013,0.6090548289943816,0.44959496299736523,-0.7673540909810144,-0.0951068761736461,-0.6875909325737111,1.3338144904037927,3.234503438945116,-0.17233702103030496,-0.45171484223271585,2.0115846070064993,0.11436645957045644,-0.05401137482462248,-0.3924746690621552,0.3596664756204071,3.3216364006135333,-1.0934133216330273,2.0094332608693,2.765676349852491,2.777571880663955,-2.160954078334254,0.04233145637655977,-0.3021557899003373,0.47999655631402316,-1.0428519040824333,0.6722724490115595,-1.3507151271476876,0.1650149218465896,-1.0278530904105927,1.5622959330167847,-1.8628418606858226,1.83907439248592,-1.1663564572056269,2.588108652192596,1.5318243663056863,2.3825048014699783,0.08186093738223499,-1.4481123314137883,0.10837946687630184,-0.5986721924984166,-1.268986039673719,-2.003367105129586,0.024707327527265677,-0.11282003244662886,-1.4671761835327317,-0.06420897254410735
1.207273439491029,7.05867875979856,1.847441730736101,-3.020648124137404,1.5736148999682131,2.963257167440558,-0.6205720379523877,-0.47072016495239183,-0.49734324700936844,-1.4039831740335602,-0.3645716942522815,2.444348036107451,-0.5776727989055044,-0.43995649578415896,-0.0005844311111137257,2.5714878410686746,0.11524949505239845,1.051191340473278,0.4574498125289571,-0.7908581795095684,-0.6002779187721525,1.0083726657969472,0.9886226966006806,0.4246785896901635,-2.113073628637853,0.42644124365177527,0.4415221008964686,-0.24765457331840152,-1.6989913674862798,3.6700979482905636,0.5941185696360949,2.0073454232262797,-1.1269969397857256,0.3866311206111922,-1.8698182775637322,0.7490970186908579,-0.7315017274573499,-1.1178220186898695,0.9708185349032721,-1.6703432586874458,-0.4285734686243517,-0.0821791827952949,0.6774650521250818,-2.2139020475633497,-1.1644652174539898,-0.29010684810904885,0.21675986263857283,2.2511753812190793,1.630550298722983,-1.5110678411352831,3.052687880563745,-1.41104387027639,-0.010759341128281807,-0.7643030236085075,1.365839736778038,1.3514788953070853,-0.87556590685,0.5610189558023531,0.39778522973371133,-0.8246975585613036,-0.1537601583647643,-0.7487232249783196,1.2758693955896125,3.187049472832764,-0.22540952089970645,-0.5128538692875488,1.963602914564045,0.05334080138883701,-0.1160734332256605,-0.44717660667201165,0.3065033428901456,3.2766174965518253,-1.1487215604401313,1.9610242749925464,2.7187673623663766,2.731791227479947,-2.2257865303149806,-0.013933599798652052,-0.3607918935882566,0.41689891241850974,-1.1043092755658614,0.6148669684167456,-1.4117871685058618,0.10860392493521243,-1.089048828049484,1.5076246027781541,-1.9302474613705265,1.7871401921630408,-1.2256853474093625,2.5359204261351618,1.480591615500315,2.336315030956645,0.022988414455665684,-1.5124248200607453,0.0487725625873191,-0.6609659820278904,-1.3302875249481656,-2.0734328206770813,-0.035657660575708294,-0.17212736155064928,-1.5296979667321426,-0.11962962851746395
1.211635666368854,-4.90150738489428,1.7960840864729584,-3.0867170588614856,1.5174150948177452,2.9158090827752243,-0.6805113359160737,-0.5345448480980757,-0.5578347480445457,-1.4696723061047268,-0.4245610334232842,2.3963789414620438,-0.6365666554477896,-0.5040835101793657,-0.05559085004718872,2.5175089228197036,0.06003374879124257,0.9967162712227513,0.40552848025428867,-0.8525218913125319,-0.656680442681721,0.9515922555593801,0.9356410728723636,0.3666689372611265,-2.176632134226584,0.3709786845237366,0.38741289452088723,-0.30708835696506387,-1.7626257676773731,3.62326711009211,0.5351114631979976,1.957011877747752,-1.1899494942021516,0.33208269520880795,-1.9354735940349292,0.6981772474783223,-0.7953652219954572,-1.1796218195037078,0.9121403283138323,-1.732424074296988,-0.4894468821961433,-0.14206011052339346,0.6234079594000945,-2.273575172643527,-1.2290534169140415,-0.34891545803302726,0.16063918087300466,2.1990469551810152,1.5788488940160967,-1.5782099447754314,3.0013962510086136,-1.4668311254545303,-0.06689209984333327,-0.8294064182044114,1.307047223786955,1.3013630103406286,-0.9381048377658112,0.5129830826103245,0.34597549647005743,-0.8820410261416052,-0.21241344055586997,-0.8098555173829313,1.217924300775423,3.1395955067204246,-0.278482020769136,-0.573992896342388,1.9156212221215843,-0.007684856792779415,-0.17813549162669856,-0.5018785442818681,0.2533402101598684,3.231598592490121,-1.2040297992472324,1.9126152891157797,2.6718583748802667,2.686010574295933,-2.2906189822957144,-0.0701986559738702,-0.41942799727617275,0.3538012685230181,-1.1657666470493084,0.5574614878219257,-1.4728592098640236,0.05219292802380726,-1.1502445656883726,1.4529532725394954,-1.9976530620552242,1.7352059918401557,-1.2850142376131233,2.483732200077716,1.4293588646949493,2.2901252604432747,-0.035884108470906784,-1.5767373087076961,-0.010834341701651207,-0.7232597715573953,-1.3915890102226345,-2.1434985362245924,-0.09602264867869792,-0.23143469065467598,-1.5922197499315474,-0.17505028449086119
1.2159978932466784,6.10666966704512,1.7447264422097721,-3.1527859935855655,1.4612152896672994,2.8683609981098774,-0.7404506338797535,-0.598369531243747,-0.618326249079726,-1.5353614381758933,-0.48455037259429007,2.3484098468166277,-0.6954605119900777,-0.5682105245745818,-0.11059726898324812,2.463530004570723,0.0048180025300961216,0.9422412019722184,0.35360714797962034,-0.9141856031154922,-0.7130829665912581,0.8948118453218099,0.8826594491440469,0.3086592848320959,-2.240190639815315,0.3155161253957385,0.3333036881453245,-0.36652214061172006,-1.8262601678684507,3.5764362718936535,0.47610435675991614,1.9066783322692336,-1.2529020486185556,0.2775342698064175,-2.001128910506104,0.6472574762657837,-0.8592287165335739,-1.2414216203175306,0.8534621217243896,-1.7945048899065177,-0.5503202957679162,-0.20194103825149518,0.5693508666751104,-2.3332482977237174,-1.2936416163740776,-0.40772406795698685,0.10451849910743649,2.1469185291429467,1.5271474893092354,-1.6453520484155701,2.9501046214535007,-1.522618380632661,-0.12302485855839101,-0.894509812800306,1.2482547107958755,1.251247125374147,-1.000643768681613,0.4649472094183148,0.2941657632064161,-0.9393844937218974,-0.27106672274698507,-0.8709878097875335,1.1599792059612208,3.0921415406080692,-0.331554520638525,-0.6351319233972023,1.8676395296791204,-0.06871051497439584,-0.24019755002773036,-0.5565804818917215,0.2001770774296069,3.1865796884284237,-1.2593380380543335,1.8642063032390415,2.624949387394177,2.6402299211119242,-2.3554514342764254,-0.12646371214909458,-0.4780641009641014,0.29070362462750143,-1.2272240185327363,0.500056007227137,-1.5339312512222012,-0.0042180688875637085,-1.2114403033272423,1.3982819423008739,-2.065058662739925,1.6832717915172923,-1.3443431278168654,2.4315439740202764,1.378126113889578,2.243935489929939,-0.09475663139745116,-1.6410497973546376,-0.07044124599063717,-0.7855535610868845,-1.4528904954970878,-2.2135642517720786,-0.15638763678165946,-0.2907420197586995,-1.6547415331309427,-0.23047094046422723
1.2203601201245031,-6.91680394188281,1.6933687979466205,-3.2188549283096446,1.4050154845168161,2.820912913444543,-0.8003899318434209,-0.6621942143894184,-0.6788177501149187,-1.6010505702470754,-0.5445397117652959,2.3004407521712213,-0.7543543685323473,-0.6323375389697697,-0.1656036879193294,2.4095510863217484,-0.05039774373107225,0.8877661327216826,0.3016858157049238,-0.9758493149184462,-0.7694854905008235,0.8380314350842457,0.8296778254157113,0.2506496324030496,-2.303749145404052,0.26005356626770304,0.27919448176974626,-0.42595592425836054,-1.889894568059541,3.5296054336952,0.41709725032183775,1.8563447867907124,-1.3158546030349754,0.22298584440404878,-2.0667842269772727,0.5963377050532515,-0.9230922110716905,-1.3032214211313564,0.794783915134925,-1.8565857055160535,-0.6111937093397234,-0.26182196597956875,0.5152937739501138,-2.392921422803898,-1.3582298158341295,-0.4665326778809621,0.04839781734187776,2.0947901031048666,1.4754460846023556,-1.7124941520557277,2.8988129918983656,-1.5784056358107885,-0.17915761727345186,-0.9596132073962067,1.1894621978047708,1.2011312404076904,-1.0631826995974212,0.41691133622627374,0.24235602994276217,-0.9967279613021864,-0.3297200049381157,-0.9321201021921577,1.1020341111470437,3.0446875744957174,-0.38462702050795766,-0.6962709504520477,1.8196578372366436,-0.1297361731560122,-0.302259608428759,-0.6112824195015903,0.14701394469934226,3.141560784366722,-1.3146462768614375,1.815797317362266,2.5780403999080637,2.594449267927926,-2.420283886257149,-0.1827287683242877,-0.5367002046520176,0.22760598073200344,-1.288681390016174,0.4426505266322919,-1.593363708304117,-0.06062906579895028,-1.272636040966134,1.3436106120622213,-2.1324642634246196,1.6313375911944072,-1.4036720180206042,2.3793557479628307,1.3268933630842032,2.1977457194166092,-0.15362915432402985,-1.705362286001595,-0.13004815027961686,-0.8478473506163737,-1.5141919807715567,-2.28362996731959,-0.2167526248846553,-0.3500493488627262,-1.717263316330363,-0.2858915964376182
1.2247223470023276,8.8832971683153,1.6420111536834499,-3.28492386303373,1.3488156793663733,2.773464828779203,-0.8603292298071101,-0.7260188975350961,-0.7393092511500959,-1.6667397023182358,-0.6045290509362862,2.2524716575258017,-0.8132482250746356,-0.696464553364989,-0.2206101068553732,2.355572168072774,-0.10561348999223441,0.833291063471159,0.2497644834302617,-1.0375130267214097,-0.8258880144103606,0.7812510248466911,0.7766962016874039,0.19263997997401583,-2.367307650992802,0.20459100713968614,0.22508527539417733,-0.48538970790502606,-1.9535289682506374,3.4827745954967497,0.3580901438837625,1.8060112413121974,-1.3788071574513858,0.16843741900166775,-2.132439543448445,0.545417933840719,-0.9869557056098103,-1.3650212219451885,0.7361057085455041,-1.9186665211255862,-0.6720671229115025,-0.32170289370766103,0.4612366812251235,-2.452594547884076,-1.422818015294153,-0.5253412878049374,-0.007722864423687303,2.042661677066814,1.4237446798954914,-1.7796362556958696,2.847521362343234,-1.6341928909889223,-0.2352903759885065,-1.0247166019920981,1.1306696848137006,1.1510153554412337,-1.1257216305132198,0.3677411174402493,0.19054629667909884,-1.0540714288824757,-0.3883732871292339,-0.99325239459676,1.0440890163328418,2.9972336083833904,-0.4376995203773716,-0.7574099775068807,1.771676144794183,-0.19076183133761299,-0.3640094525166134,-0.6659843571114374,0.09385081196905887,3.0965418803050246,-1.3699545156685353,1.7673883314855277,2.5311314124219653,2.5486686147439173,-2.485116338237879,-0.23899382449951206,-0.5953363083399306,0.1645083368365149,-1.3501387614996052,0.38524504603749055,-1.6509537124993927,-0.11704006271033057,-1.3338317786050191,1.2889392818235876,-2.199869864109308,1.5794033908715284,-1.4630009082243398,2.3271675219054035,1.2756606122788223,2.151555948903286,-0.21250167725058672,-1.7696747746485395,-0.18965505456859344,-0.9101411401458475,-1.575493466045988,-2.3536956828670696,-0.2771176129876325,-0.40935667796673414,-1.779785099529777,-0.34131225241098734
1.2290845738801524,-5.96920843709718,1.5906535094202952,-3.350992797757822,1.2926158742158993,2.72601674411385,-0.9202685277707805,-0.7898435806807893,-0.7998007521852762,-1.7324288343894054,-0.6645183901072951,2.2045025628803954,-0.8721420816169363,-0.760591567760202,-0.27561652579144513,2.301593249823802,-0.1608292362533778,0.7788159942206168,0.19784315115559015,-1.09917673852437,-0.8822905383199103,0.7244706146091178,0.7237145779590932,0.13463032754498205,-2.4308661565815237,0.14912844801167557,0.1709760690186084,-0.5448234915516853,-2.017163368441728,3.435943757298296,0.2990830374456903,1.7556776958336762,-1.4417597118678085,0.11388899359927407,-2.1980948599196166,0.4944981626281866,-1.0508192001479175,-1.4268210227590208,0.6774275019560394,-1.9807473367351065,-0.732940536483291,-0.38158382143577213,0.4071795885001457,-2.5122676729642626,-1.4874062147542142,-0.5833218600807683,-0.06384354618924926,1.9910770233081505,1.3720432751886147,-1.8467783593360085,2.7962297327881114,-1.689980146167056,-0.29142313470356734,-1.089819996587999,1.0718771718226083,1.1008994704747772,-1.1882605614290247,0.31638832575084397,0.1387365634154606,-1.1114148964627866,-0.4470265693203677,-1.0543846870013622,0.9861439215186647,2.949779642271019,-0.49077202024676997,-0.8185490045617012,1.723694452351719,-0.25178748951923563,-0.42408281038858936,-0.7206862947213002,0.04068767923877559,3.0515229762433105,-1.4252627544756393,1.7189793456087517,2.484222424935858,2.5028879615599218,-2.5499487902186058,-0.2952588806747052,-0.6539724120278562,0.10141069294100136,-1.4115961329830333,0.3278395654426799,-1.7085437166946842,-0.1734510596217108,-1.3950275162439107,1.2342679515849506,-2.2672754647940057,1.5274691905486584,-1.5223297984280881,2.2749792958479507,1.2244278614734632,2.1053661783899154,-0.2713742001771592,-1.8339872632954966,-0.24926195885757002,-0.9724349296753336,-1.63679495132046,-2.4237613984145874,-0.3374826010906127,-0.4686640070707702,-1.8423068827291849,-0.3967329083843534
1.233446800757977,5.80185779574104,1.5392958651571276,-3.4170617324819172,1.2364160690654378,2.6785686594485156,-0.980207825734451,-0.8536682638264701,-0.8602922532204629,-1.7981179664605937,-0.7245077292782884,2.1565334682349793,-0.9310359381591965,-0.8247185821554149,-0.33062294472750453,2.2486348083646543,-0.2160449825145399,0.7243409249700841,0.14592181888090616,-1.1608404503273273,-0.9386930622294507,0.6681194888380035,0.6707329542307734,0.07662067511595139,-2.4920979644561925,0.09366588888365879,0.11686686264303003,-0.6042572751983353,-2.0807977686328174,3.3891129190998397,0.2400759310076056,1.7053441503551425,-1.5047122662842187,0.05934056819688982,-2.2637501763908014,0.44357839141565736,-1.1146826946860187,-1.4886208235728529,0.6187492953665936,-2.0428281523446485,-0.7938139500550732,-0.4414647491638457,0.353122495775146,-2.5719407980444497,-1.5519944142142597,-0.6407864061189501,-0.11996422795480804,1.9409307211432874,1.320341870481738,-1.9139204629761535,2.7449381032329736,-1.745767401345187,-0.3475558934186219,-1.1549233911838779,1.0130846588315225,1.0507835855083143,-1.2507994923448391,0.26503553406143554,0.08692683015179115,-1.1687583640430788,-0.5056798515114828,-1.1155169794059865,0.9281988267044781,2.9023256761586884,-0.543844520116187,-0.879688031616531,1.6757127599092458,-0.3128131477008333,-0.48415616826054975,-0.775388232331141,-0.012475453491485933,3.006504072181607,-1.4805709932827402,1.6705703597320258,2.4373134374497596,2.457107308375929,-2.6147812421993235,-0.35152393684993893,-0.7126085157157691,0.03831304904550037,-1.4730535044664803,0.2704340848478849,-1.7661337208899726,-0.2298620565331161,-1.456223253882793,1.1795966213463107,-2.3346810654787036,1.4755349902257828,-1.5816586886318458,2.2227910697905022,1.1731951106680947,2.0591764078765857,-0.33024672310371916,-1.8982997519424443,-0.3088688631465435,-1.0347287192048071,-1.698096436594904,-2.4938271139620953,-0.397847589193593,-0.5279713361747969,-1.904828665928574,-0.45215356435773807
1.2378090276358016,-7.41280382582332,1.4879382208939698,-3.48313066720599,1.1802162639149827,2.631120574783166,-1.0401471236981277,-0.9174929469721446,-0.9207837542556369,-1.8638070985317696,-0.7844970684493007,2.108564373589563,-0.9899297947014848,-0.8888455965506186,-0.3856293636635795,2.1966324004039306,-0.2712607287756958,0.669865855719548,0.09400048660623161,-1.2225041621302875,-0.9950955861390065,0.6133133843579308,0.6177513305024533,0.018611022686901957,-2.5522098203064196,0.038203329755632676,0.062757656267458,-0.6636910588449789,-2.1444321688239047,3.3422820809013922,0.1810688245695241,1.6550106048766333,-1.5676648207006385,0.004792142794515009,-2.329405492861976,0.39265862020312814,-1.1785461892241447,-1.5504206243866787,0.5600710887771445,-2.1049089679541906,-0.8546873636268555,-0.5013456768919349,0.29906540305016494,-2.6316139231246245,-1.6165826136742865,-0.698250952157132,-0.17608490972037621,1.890784418978409,1.2686404657748893,-1.9810625666162955,2.6936464736778607,-1.8015546565233238,-0.40368865213367966,-1.2200267857797789,0.9542921458404396,1.0006677005418576,-1.3133384232606409,0.2136827423720301,0.03511709688814968,-1.2261018316233554,-0.564333133702601,-1.1766492718105854,0.8702537318902948,2.8548717100463215,-0.5969170199856072,-0.9408270586713765,1.6277310674667913,-0.37383880588245905,-0.5442295261325194,-0.8300901699409912,-0.0656385862217444,2.9614851681199115,-1.5358792320898444,1.622161373855244,2.390404449963656,2.411326655191915,-2.67961369418006,-0.40778899302514143,-0.7712446194036822,-0.024784594850000674,-1.534510875949905,0.21302860425304926,-1.8237237250852734,-0.28627305344448706,-1.517418991521669,1.124925291107655,-2.4020866661634166,1.42360078990291,-1.6409875788355783,2.170602843733068,1.1219623598627169,2.0129866373632463,-0.38911924603026976,-1.9626122405894013,-0.36847576743552,-1.097022508734309,-1.7608069222566032,-2.5638928295095846,-0.458212577296567,-0.587278665278808,-1.9673504491279974,-0.5075742203311198
1.2421712545136263,-6.86948207797266,1.436580576630793,-3.5491996019300824,1.1240164587645118,2.5836724901178227,-1.1000864216618043,-0.9813176301178128,-0.9812752552908328,-1.9294962306029237,-0.8444864076203096,2.060595278944157,-1.0488236512437699,-0.9529726109458159,-0.4406357825996514,2.1458891496250434,-0.32647647503685795,0.6153907864690182,0.04207915433156628,-1.2841678739332445,-1.0514981100485499,0.5585072798778301,0.5647697067741366,-0.039398629742138036,-2.612321676156668,-0.017259229372377893,0.008648449891882848,-0.7231248424916507,-2.2080665690149823,3.2954512427029545,0.12206171813144884,1.604677059398106,-1.6306173751170614,-0.04975628260786613,-2.3950608093331542,0.3417388489905957,-1.242409683762249,-1.6122204252005201,0.5013928821876956,-2.16698978356372,-0.915560777198644,-0.5612266046200304,0.24500831032516213,-2.691287048204824,-1.6811708131343444,-0.7557154981953045,-0.2322055914859381,1.8406381168135335,1.2169390610680157,-2.0489775534689345,2.6423548441227416,-1.8573419117014514,-0.459821410848728,-1.2851301803756732,0.8954996328493539,0.9505518155753947,-1.375877354176446,0.1623299506825967,-0.016692636375504222,-1.2834452992036602,-0.6229864158937254,-1.2377815642151972,0.8123086370760866,2.807417743933981,-0.6499895198550181,-1.0019660857261843,1.5797493750243305,-0.4348644640640723,-0.604302884004483,-0.884792107550857,-0.11880171895203084,2.9164662640582044,-1.5911874708969453,1.5737523879784934,2.3434954624775415,2.3655460020078998,-2.7444461461607714,-0.4640540492003596,-0.8298807230915921,-0.08788223874550166,-1.595968247433349,0.1556231236582417,-1.8813137292805366,-0.34268405035588606,-1.5786147291605668,1.0702539608690056,-2.469492266848099,1.371666589580031,-1.7003164690393267,2.1184146176756196,1.0707296090573548,1.9667968668499258,-0.44799176895684223,-2.0269247292363617,-0.42808267172449976,-1.159316298263811,-1.8238462268645605,-2.6339585450570864,-0.5185775653995504,-0.6465859943828285,-2.029872232327402,-0.5629948763044857
1.246533481391451,8.11930641870184,1.385222932367635,-3.6152685366541677,1.0678166536140534,2.536224405452482,-1.1600257196254873,-1.0451423132635091,-1.0417667563259942,-1.9951853626740996,-0.904475746791306,2.012626184298747,-1.107717507786055,-1.0170996253410414,-0.4956422015357108,2.0973047318597207,-0.3816922212980013,0.5609157172184824,-0.00984217794312392,-1.3458315857362018,-1.1079006339581152,0.5037011753977418,0.5117880830458259,-0.09740828217117181,-2.6724335320069015,-0.07272178850040723,-0.04546075648368608,-0.7825586261383036,-2.2717009692060914,3.2486204045044946,0.06305461169336102,1.5543435139195971,-1.693569929533475,-0.10430470801025349,-2.460716125804323,0.2908190777780758,-1.3062731783003718,-1.6740202260143555,0.44271467559825584,-2.2290705991732596,-0.9764341907704324,-0.6211075323481258,0.19095121760017497,-2.7509601732849864,-1.7457590125943805,-0.81318004423348,-0.2883262732514938,1.790491814648677,1.1652376563611295,-2.1178463231771163,2.5910632145676065,-1.9131291668795758,-0.5159541695637951,-1.3502335749715773,0.8367071198582554,0.9004359306089411,-1.4384162850922446,0.11097715899318827,-0.06850236963916123,-1.3407887667839555,-0.6816396980848498,-1.2989138566198088,0.7543635422619126,2.7599637778216257,-0.7030620197244226,-1.0631051127810267,1.5317676825818605,-0.49589012224567935,-0.6643762418764495,-0.9394940451607197,-0.17196485168229236,2.8714473599964974,-1.6464957097040496,1.5253434021017267,2.296586474991444,2.3197653488239167,-2.8092785981414954,-0.520319105375562,-0.8885168267795114,-0.1509798826410027,-1.657425618916777,0.09821764306342795,-1.9389037334758281,-0.39909504726727263,-1.6398104667994426,1.015582630630381,-2.5368978675328,1.3197323892571615,-1.759645359243078,2.066226391618179,1.0194968582519863,1.9206070963365678,-0.5068642918834115,-2.0912372178833,-0.4876895760134732,-1.2216100877932814,-1.8868855314725366,-2.704024260604591,-0.5789425535025307,-0.7058933234868583,-2.0923940155267973,-0.6184155322778642
1.2508957082692758,7.83143597894834,1.3338652881044832,-3.6813374713782467,1.0116168484635826,2.4887763207871423,-1.2199650175891734,-1.1089669964091713,-1.1022582573611934,-2.0608744947452755,-0.9644650859623151,1.96465708965334,-1.1666113643283402,-1.0812266397362325,-0.5506486204717796,2.0487203140944077,-0.43690796755917594,0.5064406479679464,-0.06176351021779858,-1.4074952975391684,-1.1643031578676588,0.44889507091765346,0.4588064593175123,-0.1554179346002087,-2.7325453878571286,-0.12818434762842712,-0.09956996285925812,-0.8419924097849536,-2.335335369397188,3.2017895663060383,0.004047505255273198,1.5040099684410666,-1.7565224839498914,-0.1588531334126252,-2.526371442275498,0.23989930656552472,-1.3701366728384792,-1.7358200268281845,0.38403646900881316,-2.291151414782795,-1.0373076043422147,-0.6809884600762244,0.1368941248751846,-2.810633298365185,-1.8103472120544104,-0.8706445902716775,-0.34444695501706823,1.740345512483789,1.1135362516542466,-2.186715092885316,2.539771585012481,-1.9689164220577002,-0.5720869282788498,-1.415336969567478,0.777914606867157,0.8503200456424689,-1.5009552160080557,0.05962436730377352,-0.12031210290281202,-1.3981322343642542,-0.7402929802759618,-1.3600461490244329,0.6964184474477229,2.71250981170929,-0.7561345195938397,-1.1242441398358598,1.4837859901393935,-0.5569157804273052,-0.7244495997484036,-0.9941959827705636,-0.22512798441255077,2.826428455934783,-1.7018039485111474,1.4769344162249791,2.2496774875053394,2.273984695639899,-2.874111050122216,-0.576584161550774,-0.9471529304674338,-0.21407752653651624,-1.7188829904002145,0.040812162468598534,-1.9964937376711194,-0.45550604417864976,-1.7010062044383218,0.9609113003917535,-2.6043034682175072,1.2703379615276744,-1.81897424944682,2.014038165560737,0.9682641074466054,1.8744173258232253,-0.5657368148099622,-2.155549706530251,-0.5472964803024498,-1.2839038773227645,-1.9499248360805066,-2.774089976152087,-0.6393075416055234,-0.765200652590863,-2.154915798726208,-0.6738361882512396
1.2552579351471003,-6.3545925875325,1.2825076438413126,-3.747406406102339,0.9554170433131242,2.4413282361218176,-1.2799043155528564,-1.1727916795548394,-1.1627497583963675,-2.126563626816445,-1.0244544251333147,1.9166879950079208,-1.2255052208706254,-1.1453536541314642,-0.605655039407839,2.0001358963290947,-0.49212371382032244,0.4519655787174167,-0.1136848424924638,-1.4691590093421163,-1.2207056817772053,0.39408896643756197,0.4058248355892017,-0.21342758702924558,-2.792657243707361,-0.1846483232375385,-0.15367916923483332,-0.9014261934316128,-2.3989697695882715,3.1549587281075873,-0.054959601182792694,1.4536764229625452,-1.8194750383663019,-0.21340155881500944,-2.592026758746682,0.18897953535299228,-1.4340001673765894,-1.7976198276420134,0.32535826241936094,-2.353232230392331,-1.0981810179140095,-0.7408693878043198,0.08283703215020366,-2.8703064234453723,-1.8749354115144716,-0.9281091363098437,-0.40056763678262075,1.69019921031892,1.0618348469473886,-2.25558386259351,2.488479955457356,-2.024703677235837,-0.6282196869939137,-1.4804403641633694,0.7191220938760774,0.8002041606760215,-1.5634941469238608,0.008271575614364979,-0.17212183616645343,-1.4554757019445401,-0.7989462624670769,-1.4211784414290354,0.6384733526335271,2.6650558455969406,-0.8092070194632537,-1.1853831668906865,1.435804297696933,-0.6179414386089122,-0.7845229576203827,-1.0488979203804232,-0.2782911171428217,2.7814095518730886,-1.7571121873182702,1.4285254303482158,2.2027685000192374,2.2282040424558973,-2.9389435021029273,-0.6328492177259921,-1.0057890341553593,-0.2771751704320017,-1.7803403618836395,-0.016593318126199685,-2.054083741866417,-0.5119170410900363,-1.7611044925310546,0.9062399701531072,-2.671709068902201,1.22180189452638,-1.878303139650562,1.9618499395032971,0.9170313566412338,1.828227555309905,-0.6246093377365127,-2.2192096914863426,-0.6069033845914326,-1.3461976668522568,-2.0129641406884637,-2.8441556916995827,-0.6996725297084974,-0.8245079816948897,-2.2174375819256253,-0.7292568442246056
1.259620162024925,6.4823424335673,1.2311499995781483,-3.8134753408264244,0.8992172381626626,2.3938801514564645,-1.3398436135165237,-1.2366163627005295,-1.2232412594315478,-2.1922527588876113,-1.0844437643043174,1.8687189003625078,-1.2843990774128886,-1.2094806685266524,-0.6606614583439109,1.9515514785637904,-0.5473394600814815,0.39749050946686826,-0.16560617476713535,-1.5308227211450922,-1.2771082056867549,0.33928286195748625,0.3528432118608661,-0.27143723945828563,-2.8527690995576007,-0.24121974439341254,-0.20778837561041474,-0.9608599770782627,-2.4626041697793495,3.1081278899091345,-0.11396670762088978,1.403342877484024,-1.8824275927827183,-0.2679499842174062,-2.657682075217857,0.13805976414045995,-1.497863661914706,-1.859419628455855,0.26668005582991816,-2.415313046001879,-1.1590544314858011,-0.8007503155324184,0.028779939425213286,-2.9299795485255533,-1.9395236109745109,-0.9855736823480226,-0.4566883185481827,1.6400529081540445,1.0101334422405086,-2.324452632301682,2.437188325902228,-2.080490932413968,-0.6843524457089651,-1.5455437587592609,0.6603295808849821,0.7500882757095619,-1.626033077839675,-0.04308121607505594,-0.22393156943011044,-1.512819169524826,-0.8575995446582232,-1.4823107338336405,0.5805282578193283,2.6176018794845852,-0.8622795193326708,-1.2465221939455224,1.387822605254466,-0.6789670967905255,-0.844596315492343,-1.1035998579902704,-0.331454249873105,2.736390647811384,-1.8124204261253494,1.3801164444714558,2.155859512533146,2.1824233892718956,-3.0037759540836664,-0.6891142739011915,-1.0644251378432723,-0.3402728143275183,-1.8417977333670708,-0.07399879872101656,-2.1116737460616832,-0.5683280380014322,-1.8209754468987271,0.8515686399144609,-2.739114669586896,1.1732658275250982,-1.937632029854307,1.9096617134458478,0.8657986058358622,1.7820377847965438,-0.6834818606630884,-2.2815831957389583,-0.6665102888804029,-1.4084914563817335,-2.0760034452964273,-2.9142214072471058,-0.7600375178114746,-0.8838153107989102,-2.2799593651250176,-0.7846775001979935
1.2639823889027497,-6.26730554236779,1.179792355314981,-3.879544275550516,0.8430174330121887,2.3464320667911114,-1.3997829114802034,-1.3004410458462135,-1.2837327604667281,-2.257941890958781,-1.1444331034753077,1.8207498057171014,-1.3432929339551989,-1.2736076829218652,-0.7156678772799954,1.9029670607984774,-0.6025552063426436,0.343015440216351,-0.21752750704182244,-1.5924864329480306,-1.333510729596311,0.28447675747739476,0.2998615881325618,-0.3294468918873256,-2.9128809554078403,-0.2977911655493085,-0.2618975819859899,-1.020293760724925,-2.5262385699704524,3.061297051710681,-0.17297381405896822,1.3530093320055088,-1.9453801471991319,-0.32249840961978415,-2.723337391689026,0.0852392374177171,-1.561727156452829,-1.9212194292696716,0.20800184924046605,-2.4773938616114153,-1.2199278450575708,-0.8606312432605044,-0.025277153299786415,-2.9896526736057343,-2.00411181043455,-1.0430382283862012,-0.5128090003137633,1.5899066059891787,0.9601034184748545,-2.393321402009885,2.3858966963471113,-2.1362781875920986,-0.7404852044240416,-1.6106471533551554,0.6015370678939118,0.6999723907430959,-1.68857200875548,-0.09443400776448002,-0.27574130269378616,-1.5701626371051371,-0.9162528268493195,-1.5434430262382461,0.5225831630051605,2.5701479133722396,-0.9153520192021003,-1.3076612210003522,1.3398409128120083,-0.7399927549721449,-0.904669673364316,-1.1583017956001236,-0.3846173826033791,2.6913717437496736,-1.8677286649324503,1.3317074585947049,2.108950525047038,2.1366427360878806,-3.0686084060643903,-0.7453793300764096,-1.123061241531198,-0.4033704582230068,-1.9032551048505144,-0.13140427931583343,-2.169263750256981,-0.6247390349128219,-1.8808464012664028,0.7968973096758365,-2.8065202702715846,1.1247297605237945,-1.9969609200580491,1.8574734873884113,0.8145658550304968,1.7358480142832076,-0.7423543835896546,-2.3439566999915673,-0.7261171931693857,-1.4707852459112416,-2.1390427499044096,-2.984287122794595,-0.8204025059144611,-0.9431226399029369,-2.3424811483244348,-0.8400981561713938
1.2683446157805744,6.52764791212958,1.1284347110518136,-3.9456132102745958,0.7868176278617272,2.298211952539692,-1.4597222094438802,-1.3642657289918847,-1.3442242615019084,-2.3236310230299573,-1.2044224426463228,1.7727807110716884,-1.4021867904974807,-1.3377346973170718,-0.770674296216036,1.8543826430331707,-0.6577709526037933,0.2885403709657931,-0.26944883931648145,-1.6541501447509972,-1.3899132535058607,0.22967065299729394,0.24687996440423876,-0.38745654431635945,-2.9729928112580613,-0.35436258670519505,-0.3189114133073964,-1.0797275443715812,-2.589872970161548,3.014466213512243,-0.231980920497031,1.3026757865269907,-2.0083327016155486,-0.3770468350221653,-2.7889927081601984,0.029000504252043924,-1.6255906509909301,-1.983019230083516,0.14932364265102016,-2.539474677220932,-1.2808012586293622,-0.9205121709885937,-0.0793342460247643,-3.049325798685909,-2.0687000098945956,-1.1005027744243925,-0.5689296820793253,1.5397603038242968,0.9103306068052592,-2.46219017171806,2.334605066791961,-2.192065442770248,-0.7966179631390932,-1.675750547951078,0.5427445549028165,0.6498565057766454,-1.751110939671288,-0.1457867994538854,-0.3275510359574182,-1.6275061046854231,-0.9749061090404407,-1.6045753186428515,0.46463806819096154,2.5226939472598904,-0.9684245190715017,-1.368800248055179,1.2918592203695383,-0.8010184131537582,-0.9647430312362795,-1.2130037332099957,-0.4377805153336406,2.6463528396879665,-1.9230369037395576,1.2832984727179448,2.0620415375609342,2.090862082903885,-3.133440858045108,-0.8016443862516277,-1.1816973452191233,-0.466468102118511,-1.9647124763339583,-0.18880975991063476,-2.2268537544522915,-0.6811500318241959,-1.9432171040989294,0.7422259794371902,-2.8739258709562856,1.0761936935224845,-2.05628981026181,1.805285261330962,0.7633331042251255,1.6896582437698717,-0.8012269065162207,-2.406330204244183,-0.7857240974583655,-1.5330790354407215,-2.2014036253175977,-3.054352838342103,-0.880767494017435,-1.002429969006973,-2.4050029315238364,-0.8955188121447473
1.272706842658399,-6.45227881726562,1.0770770667886618,-4.011682144998675,0.7306178227112656,2.245434363497351,-1.5196615074075508,-1.4280904121375624,-1.404715762537073,-2.3893201551011267,-1.2644117818173255,1.7248116164262661,-1.4610806470397502,-1.406311770832005,-0.8256807151521016,1.805798225267851,-0.7129866988649523,0.23042378589011847,-0.321370171591178,-1.7158138565539638,-1.446315777415404,0.17486454851720568,0.19389834067592193,-0.44546619674540566,-3.033104667108301,-0.41093400786106604,-0.3762295474549185,-1.139161328018228,-2.6535073703526324,2.9676353753137734,-0.2909880269351157,1.2523422410484788,-2.071285256031968,-0.431595260424537,-2.8546480246313886,-0.027238228913647966,-1.6894541455290562,-2.044819030897342,0.09064543606157116,-2.601555492830462,-1.341674672201151,-0.9803930987166922,-0.133391338749764,-3.1089989237661015,-2.133288209354641,-1.1579673204625587,-0.6250503638448872,1.4896140016594372,0.8605577951356549,-2.531058941426238,2.283313437236842,-2.2478526979483537,-0.8527507218541477,-1.740853942546957,0.48395204191174,0.5997406208101732,-1.8136498705871025,-0.19713959114329072,-0.37936076922106277,-1.684849572265709,-1.0335593912315684,-1.66570761104746,0.4066929733767657,2.475239981147535,-1.0214970189409,-1.4299392751099995,1.2438775279270713,-0.8620440713353714,-1.024816389108246,-1.2677056708198553,-0.49094364806391144,2.6013339356262657,-1.9783451425466678,1.2348894868411877,2.0151325500748545,2.045081429719871,-3.198273310025831,-0.8579094424268395,-1.2403334489070303,-0.529565746014012,-2.0261698478173957,-0.24621524050544852,-2.28444375864757,-0.7375610287355794,-2.006295593740812,0.6875546491985531,-2.9413314716409857,1.0276576265211714,-2.1156187004655393,1.7530970352735225,0.7121003534197632,1.6434684732565261,-0.8600994294427714,-2.4687037084967924,-0.8453310017473358,-1.5953728249702046,-2.262524917071432,-3.1244185538895923,-0.9411324821204153,-1.061737298110981,-2.467524714723241,-0.9509394681181258
1.2770690695362237,9.1872427019395,1.0257194225254944,-4.077751079722755,0.6726942928698387,2.1926567744549974,-1.5840303740863813,-1.49191509528324,-1.4652072635722784,-2.4550092871723024,-1.3244011209883313,1.6768425217808687,-1.5199745035820387,-1.475770929573888,-0.8806871340881798,1.7572138075025474,-0.7682024451260956,0.1706152892691577,-0.3732915038658463,-1.7797160080190824,-1.5027183013249537,0.12005844403712673,0.1409167169476082,-0.5034758491744332,-3.0932165229585404,-0.4691219827558697,-0.43354768160244683,-1.1985951116648934,-2.717141770543723,2.920804537115342,-0.34999513337320654,1.2020086955699356,-2.1342378104483757,-0.4861436858269306,-2.920303341102567,-0.08347696207933986,-1.7533176400671728,-2.1066188317111614,0.03196722947211905,-2.6636363084400294,-1.40254808577293,-1.0402740264447752,-0.18744843147476054,-3.1686720488462825,-2.1978764088146803,-1.2154318665007218,-0.6811710456104523,1.4394676994945586,0.8107849834660692,-2.5999277111344474,2.232021807681723,-2.306603568713749,-0.9088834805692054,-1.8059573371428483,0.4251595289206478,0.5496247358437258,-1.876188801502898,-0.2484923828327117,-0.43117050248471667,-1.7421930398460075,-1.0922126734226771,-1.726839903452081,0.34874787856257927,2.427786015035208,-1.0745695188103204,-1.4910783021648388,1.1958958354846136,-0.9230697295169847,-1.0884694530447567,-1.322407608429696,-0.5444985304602797,2.556315031564565,-2.0336533813537656,1.1812359319878956,1.9682235625887345,1.9993007765358872,-3.263105762006555,-0.9162276894250136,-1.2989695525949432,-0.5962018238003166,-2.087627219300808,-0.3036207211002685,-2.342033762842849,-0.7939720256469815,-2.0736185871015733,0.6328833189599039,-3.0087370723256743,0.9791215595198801,-2.174947590669294,1.7009088092160825,0.6608676026143885,1.5972787027431903,-0.91897195236935,-2.5310772127494205,-0.9049379060363185,-1.6576666144996939,-2.3236462088253225,-3.194484269437094,-1.0014974702233925,-1.121044627214998,-2.530046497922652,-1.0063601240915168
1.2814312964140484,-8.97595954839995,0.9736219724982529,-4.14382001444684,0.6142151816410972,2.1398791854126564,-1.649310208716439,-1.555739778428905,-1.5256987646074587,-2.5206984192434723,-1.3843904601593342,1.6288734271354495,-1.5788683601243299,-1.545230088315783,-0.9356935530242516,1.7086293897372247,-0.8234181913872609,0.11080679264816884,-0.4252128361405085,-1.8467236148353006,-1.5591208252345035,0.06525233955702903,0.08793509321927573,-0.561485501603467,-3.15332837880878,-0.531038244055371,-0.49370087974551036,-1.2580288953115466,-2.7807761707348,2.8739736989168794,-0.409002239811285,1.1516751500914266,-2.1971903648647952,-0.5406921112293243,-2.985958657573745,-0.13971569524501304,-1.8212873466290096,-2.1684186325250003,-0.02671097711733933,-2.725717124049546,-1.4634214993447279,-1.100154954172877,-0.24150552419973215,-3.2318195157971195,-2.2624646082747195,-1.2750390972418,-0.7372917273760141,1.3893213973296925,0.7610121717964866,-2.6687964808426257,2.1807301781265878,-2.367733612321976,-0.965016239284257,-1.8710607317387429,0.366367015929565,0.49950885087726604,-1.9387277324187122,-0.2998451745221233,-0.48298023574836746,-1.7995365074262997,-1.1508659556137983,-1.7879721958566865,0.29080278374838653,2.3803320489228366,-1.1276420186797311,-1.5549908302140796,1.1479141430421622,-0.9840953876986012,-1.1538846554237365,-1.3794762037996378,-0.6030083544566176,2.5112961275028605,-2.088961620160857,1.127487669926433,1.9213145751026237,1.9535201233518669,-3.3285731462264465,-0.9778369225210157,-1.3576056562828689,-0.6646413755459762,-2.151534107705961,-0.36102620169507293,-2.3996237670381344,-0.8503830225583617,-2.142037898772825,0.5775359038944818,-3.0761426730104064,0.9305854925185826,-2.234276480873045,1.6487205831586274,0.6096348518089982,1.5510889322298602,-0.9778444752958976,-2.59345071700203,-0.9645448103252983,-1.719960404029177,-2.3847675005791693,-3.264549984984602,-1.0646282108505054,-1.180351956319028,-2.5925682811220696,-1.0617807800648829
1.2857935232918731,-7.30186358931993,0.9169102114223673,-4.2098889491709315,0.5557360704123682,2.087101596370294,-1.714590043346491,-1.6195644615746014,-1.5861902656426266,-2.5863875513146546,-1.448829443280164,1.5809043324900396,-1.6420002061056824,-1.6146892470576844,-0.9906999719603111,1.658857970489594,-0.8783854150390281,0.05099829602719563,-0.47713416841518935,-1.9137312216515314,-1.6155233491440657,0.007989285089094689,0.034953469490974554,-0.6194240162780735,-3.2134402346590125,-0.5929545053548817,-0.5563700454695876,-1.3174626789581931,-2.8444105709258967,2.8271428607184346,-0.46800934624935714,1.1013416046129023,-2.260142919281215,-0.5952405366317022,-3.0516139740449297,-0.19595442841070498,-1.890499981850672,-2.2302184333388384,-0.08735008512239084,-2.78905292277525,-1.524294912916513,-1.1600358819009693,-0.29556261692472563,-3.296842723314148,-2.329291700621803,-1.337855698705029,-0.7946288448941177,1.3361868825752323,0.7101985129815549,-2.7376652505508225,2.129438548571472,-2.4288636559302033,-1.0211489979993271,-1.93616412633465,0.3075745029384822,0.44939296591080635,-2.0012666633345235,-0.3511979662115411,-0.5357449395590931,-1.8568799750066045,-1.2095192378049198,-1.8491044882613137,0.23285768893420944,2.3328780828104883,-1.1807145185491639,-1.6214809800548617,1.0961333781825915,-1.0451443940908312,-1.2192998578026977,-1.4395298661058753,-0.6615181784529494,2.46627722344115,-2.1442698589679736,1.0737394078649516,1.8744055876165289,1.9077394701678523,-3.3987598684187166,-1.0394461556170302,-1.4187920011118245,-0.7330809272916545,-2.218343081418667,-0.41843168228990235,-2.457213771233432,-0.9083376998202225,-2.2104572104440767,0.5175103636267173,-3.1435482736951013,0.8820494255172757,-2.2936053710767963,1.596532357101194,0.5575902268891337,1.504899161716512,-1.0387445818370367,-2.655824221254652,-1.0241517146142685,-1.78225419355866,-2.4458887923330286,-3.3346157005321038,-1.1303443332168883,-1.2396592854230515,-2.660365965027066,-1.1172014360382614
1.2901557501696976,5.64630389369335,0.8601984503464908,-4.277288230156207,0.49300946953626745,2.034324007327953,-1.7798698779765676,-1.683389144720273,-1.646681766677813,-2.652076683385811,-1.5122858436517754,1.531774028585698,-1.706250883706966,-1.6841484057995642,-1.0457063908963704,1.6049123519231745,-0.9363043182851245,-0.00881020059376203,-0.5297311510985938,-1.9807388284677152,-1.671925873053609,-0.05217620703581771,-0.018028154237345384,-0.6755452123715923,-3.2737008460502093,-0.6548707666543768,-0.6190392111936522,-1.3808814981337958,-2.9080449711169933,2.7758199756892044,-0.5283269363042086,1.0510080591343778,-2.323095473697622,-0.655074266521609,-3.120520859437643,-0.25219316157637817,-1.9597126170723342,-2.292018234152664,-0.1513883892542417,-2.856494842480621,-1.5851683264882985,-1.2199168096290522,-0.3496197096497222,-3.3618659308311516,-2.3992396000533334,-1.4006723001682735,-0.8561106855948655,1.2806819554388555,0.6550642927388923,-2.8105152105426203,2.0731522979140227,-2.4899936995384113,-1.07728175671436,-2.0012675209305506,0.2487819899473901,0.39586006817202135,-2.0643384662635844,-0.40505848437586023,-0.5929162033911206,-1.9142234425868967,-1.268172519996035,-1.9148176752477188,0.17411048545112007,2.2851966411191746,-1.2389374156592061,-1.687971129895663,1.0427942295909716,-1.1115329021976232,-1.2847150601816901,-1.4995835284121375,-0.7200280024492904,2.421258319379449,-2.1995780977750687,1.0199911458035014,1.8225162575656142,1.8619588169838563,-3.4689465906109733,-1.1010553887130197,-1.4827873586954934,-0.801520479037314,-2.2851520551313165,-0.47583716288470984,-2.515094139265617,-0.970109389703308,-2.278876522115328,0.4574848233589307,-3.210953874379789,0.8335133585159722,-2.352934261280529,1.544344131043754,0.5009957423759852,1.45609179984902,-1.1029771070014407,-2.720763674957679,-1.0837586189032482,-1.8445479830881493,-2.5080579431380663,-3.40955758181184,-1.1960604555832712,-1.2989666145270813,-2.728243060723191,-1.1726220920116461
1.2945179770475224,5.8943200141702,0.8034866892705959,-4.348725679877262,0.4291659036464973,1.9815464182856035,-1.8451497126066225,-1.7481697672528382,-1.711796484594897,-2.7209464426683354,-1.5757422440234117,1.4818994447349476,-1.7705015613082373,-1.7536075645414562,-1.1007128098324424,1.550966733356755,-0.9949949449269514,-0.06861869721473529,-0.5870218997012461,-2.0477464352839307,-1.7283283969631524,-0.11234169916072079,-0.07245437899452273,-0.7316664084651172,-3.339182840988614,-0.7167870279538813,-0.6817083769177419,-1.4456801047248882,-2.97617702731267,2.723625026532331,-0.5927025851377735,0.9976023272478718,-2.3879282394631103,-0.7149856844861704,-3.191542024943681,-0.30843189474206384,-2.028925252293978,-2.3548328222733987,-0.21542669338608006,-2.9239367621860044,-1.6460417400600964,-1.2821666985376332,-0.4072302083797634,-3.4268891383481614,-2.469187499484867,-1.4634889016315151,-0.9175925262956008,1.2251770283024666,0.59993007249623,-2.884748808586604,2.016497265338704,-2.551123743146645,-1.133414515429446,-2.06918718337469,0.18704957118579524,0.34037856521774623,-2.1322470095924215,-0.4634218021007867,-0.6500874672231358,-1.974732068846451,-1.3305094975450076,-1.981313953615991,0.11079614812422844,2.2323726437532283,-1.2973730986766498,-1.7544612797364578,0.9894550809993612,-1.177921410304403,-1.3501302625606764,-1.5596371907184063,-0.7785378264456189,2.3712278779459206,-2.2548863365821665,0.9662428837420325,1.7702438469161528,1.815654760991605,-3.5391333128032496,-1.1626646218090373,-1.5467827162791494,-0.8699600307830018,-2.351961028843985,-0.5332426434795237,-2.5780540885296164,-1.0318810795863997,-2.34729583378658,0.3974592830911534,-3.27835947506449,0.7849772915146684,-2.415265979822497,1.4921559049863051,0.444401257862871,1.4045352970973195,-1.1672096321658576,-2.7885039832407656,-1.143365523192231,-1.9068417726176448,-2.574548139237927,-3.4849868674347197,-1.261776577949673,-1.3604681156349097,-2.796120156419322,-1.2288529127021839
1.298880203925347,-7.05474360483435,0.7467749281947258,-4.420163129598324,0.3653223377567053,1.92876882924325,-1.9104295472367054,-1.81737075993119,-1.7776593496666062,-2.792008897536623,-1.6391986443950168,1.4269098486687268,-1.8347522389095086,-1.8230667232833482,-1.160507816512995,1.497021114790342,-1.0536855715687534,-0.12842719383570228,-0.6443126483038921,-2.114754042100158,-1.7847309208727022,-0.17250719128565511,-0.13081165971891767,-0.7877876045586234,-3.4046648359270186,-0.7787032892533794,-0.7443775426418097,-1.5104787113159683,-3.0451829627206815,2.671430077375473,-0.6570782339713541,0.9418953124331921,-2.4562558675183737,-0.7748971024507505,-3.262563190449738,-0.36467062790775573,-2.098137887515634,-2.4220088541413594,-0.27946499751792153,-2.991378681891387,-1.7106174012529076,-1.3474220435137678,-0.4666601194075116,-3.491912345865191,-2.53913539891641,-1.526305503094744,-0.9790743669963331,1.1696721011660867,0.5447958522535581,-2.9589824066306,1.959842232763364,-2.612253786754847,-1.193067627433169,-2.1396643927480814,0.12288341023676563,0.28489706226344913,-2.200155552921256,-0.5217851198257507,-0.7072587310551571,-2.0374488801329234,-1.3945354214401608,-2.0478102319842444,0.04748181079733682,2.1795486463872944,-1.3558087816940878,-1.8209514295772589,0.9361159324077537,-1.2443099184111919,-1.4155454649396502,-1.61969085302465,-0.8370476504419537,2.320838140093711,-2.3123988794508854,0.9124946216805698,1.7179714362667007,1.7644972223270592,-3.6093200349955072,-1.2242738549050425,-1.6107780738628308,-0.9383995825286644,-2.41877000255666,-0.5915974372345832,-2.6410140377936218,-1.0936527694694913,-2.4157151454578383,0.3374337428233638,-3.3473921373299644,0.736441224513374,-2.478675135592903,1.4367090947485952,0.3878067733497287,1.3529787943456222,-1.231442157330274,-2.8562442915238773,-1.203737884716337,-1.9728701825408683,-2.641038335337769,-3.56041615305758,-1.3274927003160373,-1.4251500969563087,-2.8639972521154533,-1.2896500724878175
1.3032424308031718,5.43710675174934,0.6900631671188431,-4.491600579319378,0.3014787718669194,1.8759912402009034,-1.9757093818667448,-1.8865717526095227,-1.8435222147383123,-2.863071352404905,-1.7026550447666406,1.3719202526024776,-1.8990029165107922,-1.8925258820252342,-1.2208925961237407,1.4430754962239256,-1.1123761982105616,-0.18823569045667865,-0.7016033969065318,-2.1817616489163667,-1.8453946201615752,-0.2326726834105769,-0.18916894044330634,-0.8439088006521421,-3.470146830865417,-0.8406195505528995,-0.8070467083658869,-1.575277317907067,-3.1141888981286856,2.619235128218609,-0.7214538828049379,0.8861882976185125,-2.524583495573662,-0.8348085204153213,-3.333584355955776,-0.4209093610734539,-2.167350522737315,-2.4891848860092955,-0.34350330164976617,-3.058820601596758,-1.776870607243051,-1.4126773884899055,-0.5260900304352536,-3.5569355533822007,-2.609083298347956,-1.5891221045579857,-1.0405562076970465,1.114167174029707,0.4896616320108831,-3.0332160046745837,1.9031872001880268,-2.6733838303630932,-1.2545804173518722,-2.2101416021214915,0.05871724928773914,0.22941555930916147,-2.2680640962500873,-0.5801484375506709,-0.7644299948871847,-2.100165691419371,-1.4585613453353015,-2.114306510352516,-0.015832526529545476,2.126724649021348,-1.4142444647115253,-1.8874415794180537,0.8827767838161558,-1.3106984265179842,-1.4809606673186362,-1.6797445153309063,-0.8955574744382948,2.270448402241488,-2.3730888691113994,0.858746359619101,1.6656990256172641,1.7133396836625259,-3.679506757187796,-1.285883088001035,-1.674773431446512,-1.006839134274346,-2.4855789762693474,-0.6543862954864257,-2.703973987057621,-1.1554244593525955,-2.48413445712909,0.2774082025555803,-3.4201802387072426,0.6831365490956811,-2.542084291363296,1.379140494318353,0.33121228883658327,1.3014222915939497,-1.2956746824946783,-2.923984599806964,-1.2687284039229172,-2.0405437219624316,-2.7075285314376174,-3.6358454386804473,-1.3932088226824266,-1.4898320782776953,-2.931874347811603,-1.3504472322734387
1.3076046576809963,-7.08113979558972,0.633351406042973,-4.5630380290404275,0.2376352059771274,1.8232136511585624,-2.040989216496803,-1.955772745287849,-1.909385079810034,-2.9341338072731924,-1.7661114451382518,1.3169306565362473,-1.9632535941120635,-1.9619850407671262,-1.2812773757344984,1.3891298776575123,-1.17106682485237,-0.24804418707764564,-0.7588941455091903,-2.2487692557325696,-1.907183182683685,-0.29283817553548624,-0.24752622116769502,-0.9000299967456609,-3.535628825803828,-0.9025358118523977,-0.8697158740899703,-1.6400759244981595,-3.1831948335366844,2.5670401790617543,-0.7858295316384905,0.8304812828038579,-2.592911123628932,-0.8947199383799109,-3.4046055214618267,-0.47714809423914584,-2.236563157958971,-2.5563609178772815,-0.40754160578162324,-3.126262521302123,-1.8431238132331755,-1.477932733466056,-0.5855199414629768,-3.6219587608992105,-2.6790311977794907,-1.6519387060212334,-1.1020380483977974,1.058662246893321,0.4345274117682175,-3.10744960271858,1.846532167612702,-2.734513873971289,-1.3160932072705753,-2.280618811494902,-0.005448911661281142,0.17393405635488313,-2.335972639578915,-0.6385117552756286,-0.8216012587192185,-2.162882502705819,-1.522587269230442,-2.180802788720757,-0.07914686385642772,2.0739006516554204,-1.4726801477289695,-1.9539317292588798,0.8294376352245547,-1.3770869346247574,-1.54637586969761,-1.7397981776371374,-0.9540672984346235,2.220058664389285,-2.4337788587719444,0.8049980975576383,1.6134266149678151,1.6621821449979801,-3.74969347938006,-1.3474923210970275,-1.7387687890301682,-1.075278686020021,-2.5523879499820286,-0.7171751537382745,-2.7669339363216263,-1.217196149235681,-2.552553768800329,0.21738266228780934,-3.492968340084527,0.6292150921185096,-2.605493447133677,1.3215718938881138,0.27461780432346283,1.2498657888422462,-1.3599072076590826,-2.9917249080900694,-1.3337189231294784,-2.1082172613839956,-2.774018727537472,-3.7112747243033146,-1.4589249450487844,-1.5545140595990632,-2.999751443507722,-1.4112443920590725
1.311966884558821,-7.97434265764359,0.5766396449670779,-4.634475478761488,0.17379164008734782,1.7704360621162156,-2.106269051126861,-2.0249737379661754,-1.9752479448817402,-3.005196262141487,-1.8295678455098507,1.2619410604700045,-2.0275042717133287,-2.0314441995090182,-1.3416621553452752,1.3351842590910834,-1.2297574514941907,-0.30785268369861574,-0.8161848941118364,-2.315776862548785,-1.9689717452057698,-0.3530036676604018,-0.30588350189209623,-0.9614960261593443,-3.601110820742207,-0.9644520731519022,-0.9323850398140568,-1.7048745310892333,-3.2522007689446886,2.51484522990489,-0.8502051804720773,0.7747742679891907,-2.6612387516842206,-0.9546313563444879,-3.475626686967871,-0.533386827404844,-2.3057757931806275,-2.6235369497452297,-0.4715799099134616,-3.1937044410075,-1.9093770192233501,-1.5431880784421999,-0.644949852490725,-3.686981968416239,-2.7489790972110244,-1.7147553074844686,-1.1635198890985359,1.0031573197569257,0.3793931915255425,-3.181683200762576,1.7898771350373555,-2.795643917579522,-1.3776059971892596,-2.3510960208682934,-0.06961507261029204,0.11845255340057981,-2.4038811829077558,-0.6968750730005426,-0.8787725225512462,-2.225599313992279,-1.5866131931255891,-2.2472990670890165,-0.14246120118331623,2.0210766542894776,-1.5311158307464197,-2.020421879099656,0.776098486632941,-1.443475442731556,-1.6117910720765898,-1.7998518399433936,-1.0125771224309643,2.1696689265370814,-2.4944688484324704,0.7512498354961477,1.5611542043183502,1.6110246063334344,-3.8198802015723237,-1.4091015541930454,-1.8027641466138307,-1.1437182377656963,-2.619196923694691,-0.7799640119901232,-2.829893885585638,-1.2789678391187729,-2.620973080471587,0.15735712202002594,-3.5657564414618044,0.5752936351413258,-2.6689026029040885,1.264003293457884,0.21802331981033618,1.198309286090555,-1.4241397328234866,-3.0594652163731624,-1.398709442336021,-2.175890800805572,-2.840508923637308,-3.7867040099261997,-1.52464106741518,-1.6191960409204622,-3.0676285392038345,-1.4720415518447063
1.3163291114366458,-8.41400213184893,0.5199278838912078,-4.705912928482538,0.10994807419756203,1.7176584730738653,-2.171548885756919,-2.0941747306445144,-2.0411108099534525,-3.0762587170097806,-1.893024245881487,1.206951464403774,-2.091754949314606,-2.1009033582509042,-1.402046934956002,1.281238640524661,-1.2884480781359926,-0.36766118031958905,-0.8734756427145012,-2.382784469365,-2.0307603077278795,-0.41316915978532986,-0.3642407826164849,-1.0230152857597803,-3.666592815680624,-1.0263683344514005,-0.9950542055381153,-1.7696731376803383,-3.3212067043527,2.4626502807480444,-0.9145808293056267,0.7190672531745299,-2.729566379739496,-1.0145427743090525,-3.546647852473935,-0.5896255605704984,-2.3749884284022897,-2.6907129816131974,-0.5356182140453,-3.2611463607128774,-1.975630225213481,-1.6084434234183251,-0.7043797635184483,-3.7520051759332427,-2.8189269966425705,-1.7775719089477102,-1.2250017297992617,0.9476523926205551,0.3242589712828988,-3.255916798806572,1.733222102462028,-2.856773961187743,-1.4391187871079811,-2.4215732302417035,-0.13378123355931543,0.06297105044630769,-2.471789726236584,-0.7552383907255004,-0.9359437863832614,-2.288316125278733,-1.65063911702073,-2.3137953454572884,-0.20577553851022035,1.968252656923544,-1.5895515137638574,-2.086912028940451,0.7227593380413337,-1.5098639508383482,-1.677206274455551,-1.85990550224965,-1.071086946427293,2.1192791886848594,-2.55515883809299,0.6975015734347005,1.5088817936689105,1.5598670676688948,-3.8900669237646,-1.4707107872890628,-1.8667595041974931,-1.212157789511365,-2.6860058974073535,-0.8427528702419594,-2.8923456640742637,-1.3407395290018709,-2.689392392142839,0.09733158175223,-3.6385445428390826,0.5213721781641514,-2.7323117586744763,1.2064346930276573,0.16142883529719698,1.1467527833388702,-1.4883722579879095,-3.127205524656249,-1.4636999615425883,-2.243564340227148,-2.906999119737163,-3.8603630717659403,-1.5903571897815691,-1.6838780222418237,-3.1355056348999844,-1.5328387116303337
1.3206913383144705,-7.75635572201501,0.46321612281530655,-4.777350378203592,0.04610450830778878,1.664880884031515,-2.2368287203869706,-2.1633757233228286,-2.106973675025146,-3.1463158522532266,-1.9564806462531046,1.1519618683375563,-2.1560056269158894,-2.1703625169928022,-1.46243171456676,1.227293021958257,-1.3471387047777883,-0.42746967694055604,-0.9307663913171409,-2.4497920761812217,-2.0925488702499644,-0.4733346519102392,-0.42259806334089856,-1.0845345453601976,-3.7320748106190162,-1.0882845957509049,-1.0577233712622176,-1.8344717442714182,-3.3902126397606978,2.410455331591174,-0.978956478139198,0.6633602383598629,-2.7978940077947785,-1.074454192273642,-3.6176690179799733,-0.6458642937361778,-2.4442010636239457,-2.757889013481152,-0.5996565181771508,-3.3285882804182734,-2.0418834312036305,-1.6736987683944753,-0.763809674546184,-3.8170283834502596,-2.888874896074104,-1.840388510410933,-1.2864835705000064,0.8921474654841723,0.2691247510402176,-3.3301503968505557,1.6765670698867126,-2.9179040047959637,-1.5006315770266716,-2.492050439615089,-0.19794739450833254,0.0074895474920169125,-2.539698269565421,-0.813601708450433,-0.9931150502152952,-2.351032936565187,-1.7146650409158581,-2.3802916238255483,-0.2690898758371151,1.9154286595575976,-1.6479871967813076,-2.153402178781252,0.6694201894497138,-1.5762524589451339,-1.7426214768345496,-1.9199591645558998,-1.1295967704236403,2.06888945083265,-2.615848827753517,0.6437533113732348,1.4566093830194649,1.5087095290043677,-3.9602536459568576,-1.5323200203850742,-1.9307548617811807,-1.2805973412570402,-2.7528148711200346,-0.905541728493777,-2.9523818697314166,-1.4025112188849627,-2.757811703814072,0.03730604148446526,-3.711332644216367,0.4674507211869863,-2.7957209144448756,1.148866092597415,0.10483435078405168,1.0951962805871915,-1.5526047831523198,-3.1949458329393483,-1.5286904807491557,-2.3112378796487176,-2.973489315836999,-3.9339440277348157,-1.6560733121479583,-1.7485600035632165,-3.203382730596096,-1.5936358714159673
1.325053565192295,5.9806135881719,0.4065043617394489,-4.848787827924653,-0.01773905758200023,1.6121032949891714,-2.3021085550170346,-2.2325767160011862,-2.1728365400968648,-3.2141691938325527,-2.0199370466247095,1.0969722722713195,-2.2202563045171484,-2.239821675734682,-1.5228164941775244,1.173347403391847,-1.4058293314196215,-0.48727817356152925,-0.9880571399197806,-2.516799682997424,-2.154337432772068,-0.5335001440351548,-0.4809553440652873,-1.1460538049606084,-3.797556805557421,-1.150200857050403,-1.1203925369862695,-1.8992703508624982,-3.459218575168703,2.358260382434313,-1.0433321269727722,0.6076532235451957,-2.8662216358500414,-1.1343656102382127,-3.6886901834860177,-0.702103026901876,-2.513413698845614,-2.825065045349101,-0.6636948223089892,-3.396030200123631,-2.1081366371937613,-1.7389541133706068,-0.8232395855739447,-3.8820515909672944,-2.958822795505644,-1.9019272054702583,-1.3479654112007324,0.8366425383477862,0.21399053079753638,-3.404383994894527,1.6199120373113847,-2.9790340484041717,-1.5621443669453872,-2.562527648988512,-0.26211355545733717,-0.04799195546229268,-2.607606812894258,-0.8719650261753845,-1.0502863140473226,-2.41374974785166,-1.7786909648110114,-2.446787902193826,-0.3324042131639786,1.8626046621916605,-1.706422879798739,-2.2198923286220467,0.6160810408581003,-1.6426409670519198,-1.8080366792135296,-1.9800128268621686,-1.186355781908871,2.018499712980434,-2.676538817414049,0.590005049311769,1.4043369723700125,1.4575519903398095,-4.030440368149134,-1.5939292534810607,-1.9947502193648556,-1.3490368930026966,-2.8196238448326962,-0.968330586745632,-3.012418075388556,-1.464282908768048,-2.8262310154853303,-0.022719498783324354,-3.7841207455936576,0.4135292642098086,-2.8591300702152687,1.0912974921671852,0.048239866270918697,1.0436397778354942,-1.6168373083167553,-3.2626861412224537,-1.593680999955717,-2.3789114190702687,-3.0399795119368536,-4.007524983703711,-1.7217894345143288,-1.8132419848846093,-3.271259826292221,-1.654433031201595
1.32941579207012,5.24354853666315,0.3497926006635663,-4.9202252776457085,-0.08158262347179224,1.5593257059468086,-2.3673883896471115,-2.299871296362565,-2.2386994051685773,-3.282022535411879,-2.0833934469963333,1.0419826762050768,-2.2845069821184194,-2.3092808344765805,-1.5832012737882761,1.1194017848254212,-1.4645199580614234,-0.5470866701824962,-1.0453478885224392,-2.583807289813633,-2.216125995294159,-0.5936656361600703,-0.5393126247897009,-1.2075730645610192,-3.8630388004958185,-1.2121171183498949,-1.183061702710353,-1.9640689574536032,-3.5282245105766883,2.3060654332774577,-1.1077077758063405,0.551946208730516,-2.9345492639053363,-1.194277028202796,-3.759711348992081,-0.7583417600675493,-2.58262633406727,-2.8922410772170615,-0.7277331264408463,-3.463472119829021,-2.1743898431839295,-1.8042094583467445,-0.8826694966016804,-3.9470747984843166,-3.0287706949371653,-1.9629099683297362,-1.409447251901471,0.7811376112113941,0.15885631055487393,-3.4786175929385292,1.563257004736032,-3.0401640920123993,-1.6236571568640776,-2.6330048583619092,-0.32627971640636677,-0.10347345841657724,-2.675515356223084,-0.9303283439003173,-1.1074575778793627,-2.476466559138114,-1.8427168887061458,-2.5132841805620796,-0.3957185504908765,1.8097806648257173,-1.7648585628161955,-2.2863824784628353,0.5627418922664991,-1.7090294751587307,-1.873451881592522,-2.0400664891684186,-1.2430301313365972,1.9681099751282243,-2.7372288070745814,0.5362567872503032,1.3520645617205604,1.4063944516752576,-4.100627090341404,-1.6555384865770781,-2.0587455769485183,-1.4174764447483907,-2.8864328185453836,-1.0311194449974932,-3.072454281045708,-1.5260545986511271,-2.8946503271565875,-0.08012873344205979,-3.8569088469709483,0.3596078072326373,-2.9225392259856617,1.033728891736943,-0.008354618242220502,0.9920832750838093,-1.6810698334811593,-3.3304264495055467,-1.658671519162272,-2.446584958491851,-3.1064697080367205,-4.081105939672586,-1.7875055568807057,-1.8779239662059894,-3.339136921988371,-1.7152301909872347
1.3337780189479445,5.67746420805093,0.2930808395876713,-4.991662727366751,-0.1454261893615718,1.5065481169044712,-2.4326682242771698,-2.3658817051759584,-2.304562270240277,-3.34987587699123,-2.146849847367951,0.98699308013884,-2.348757659719684,-2.37873999321846,-1.6435860533990154,1.0654561662589985,-1.523210584703238,-0.6068951668034758,-1.1026386371250914,-2.650814896629873,-2.27791455781625,-0.6538311282849921,-0.5976699055140834,-1.269092324161474,-3.928520795434217,-1.2740333796494183,-1.2457308684344301,-2.0288675640446896,-3.5972304459847173,2.2538704841205845,-1.172083424639896,0.4962391939158677,-3.0028768919606,-1.2541884461673667,-3.8307325144981252,-0.8145804932332412,-2.651838969288945,-2.9594171090850283,-0.7917714305726784,-3.530914039534392,-2.2406430491740545,-1.869464803322901,-0.9420994076294161,-4.0120980060013265,-3.0987185943687052,-2.0238927311892327,-1.4709290926022032,0.7256326840750142,0.10372209031220525,-3.552851190982519,1.5066019721606978,-3.101294135620626,-1.6851699467827994,-2.7034820677353135,-0.39044587735539016,-0.15895496137085557,-2.7434238995519022,-0.9886916616252688,-1.1646288417114028,-2.5391833704245927,-1.906742812601299,-2.5797804589303324,-0.459032887817765,1.7569566674597927,-1.8232942458336332,-2.3528726283036363,0.5094027436748918,-1.7754179832654917,-1.9388670839714832,-2.100120151474675,-1.2997044807643234,1.9177202372760147,-2.797918796735095,0.48250852518883747,1.2997921510711021,1.3552369130107245,-4.17081381253368,-1.717147719673071,-2.122740934532187,-1.4859159964940596,-2.9532417922580647,-1.0939083032493044,-3.1324904867028547,-1.5878262885342251,-2.9630696388278333,-0.13696130564518127,-3.9296969483482203,0.305686350255466,-2.985948381756036,0.9761602913067193,-0.06494910275533466,0.9405267723321058,-1.7453023586455823,-3.398166757788646,-1.7236620383688332,-2.514258497913415,-3.17295990413655,-4.154686895641455,-1.8532216792470761,-1.9426059475273698,-3.4070140176844834,-1.7760273507728686
1.338140245825769,-7.65952987027068,0.236369078511795,-5.0631001770878,-0.2092697552513451,1.4537705278621398,-2.4979480589072276,-2.4318921139893632,-2.3704251353119767,-3.4177292185705497,-2.2103062477395685,0.9320034840726097,-2.413008337320968,-2.4481991519603645,-1.7039708330097796,1.011510547692604,-1.5819012113450461,-0.6667036634244303,-1.1599293857277373,-2.7178225034460572,-2.339703120338335,-0.7139966204099077,-0.6560271862384658,-1.3306115837618662,-3.9940027903726154,-1.3359496409489164,-1.3084000341585074,-2.0936661706357755,-3.6662363813927037,2.2016755349637354,-1.2364590734734828,0.440532179101188,-3.0712045200158693,-1.314099864131944,-3.901753680004176,-0.8708192263989268,-2.7210516045105955,-3.026593140952971,-0.8558097347045293,-3.598355959239769,-2.306896255164191,-1.9347201482990264,-1.001529318657158,-4.077121213518337,-3.1686664938002522,-2.084875494048723,-1.5324109333029354,0.6701277569386284,0.04858787006954901,-3.6270847890264966,1.4499469395853828,-3.1624241792288537,-1.7466827367015023,-2.7739592771087045,-0.45461203830439484,-0.2144364643251589,-2.811332442880733,-1.047054979350189,-1.2218001055434118,-2.601900181711028,-1.9707687364964148,-2.6462767372986047,-0.522347225144666,1.704132670093837,-1.8817299288510523,-2.419362778144431,0.45606359508329075,-1.8418064913722962,-2.0042822863504757,-2.1601738137809123,-1.3563788301920745,1.8673304994237865,-2.8586087863956156,0.4287602631273718,1.2475197404216563,1.3040793743461787,-4.241000534725932,-1.778756952769076,-2.1867362921158433,-1.5543555482397222,-3.020050765970727,-1.1566971615011594,-3.1925266923599755,-1.6495979784173107,-3.031488950499079,-0.19379387784830904,-4.002485049725523,0.2517648932782821,-3.049357537526449,0.9185916908764897,-0.12154358726847381,0.8889702695804209,-1.8095348838099865,-3.4659070660717264,-1.7886525575753944,-2.581932037334979,-3.2394501002363985,-4.228267851610331,-1.9189378016134653,-2.0072879288487373,-3.4748911133806146,-1.836824510558496
1.3425024727035937,-8.90570426146136,0.1796573174359124,-5.134537626808873,-0.2731133211411403,1.4009929388197708,-2.563227893537304,-2.4979025228027685,-2.4362880003836955,-3.4855825601498696,-2.2737626481111795,0.8770138880063918,-2.477259014922252,-2.5176583107022568,-1.7643556126205375,0.9575649291261752,-1.6405918379868418,-0.7265121600454035,-1.2172201343303835,-2.784830110262285,-2.4014916828604447,-0.7741621125348233,-0.7143844669628733,-1.3921308433622896,-4.059484785311026,-1.3978659022484208,-1.3710691998825846,-2.158464777226862,-3.735242316800683,2.149480585806881,-1.3008347223070449,0.38482516428653346,-3.1395321480711766,-1.3740112820965207,-3.9727748455102265,-0.9270579595646,-2.7902642397322577,-3.093769172820938,-0.9186860020272356,-3.6657978789451526,-2.3731494611543287,-1.9999754932751765,-1.0609592296848875,-4.142144421035353,-3.238614393231792,-2.1458582569082196,-1.5938927740036613,0.6146228298022487,-0.006546350173113447,-3.7013183870704927,1.3932919070100487,-3.2235542228370617,-1.8081955266201928,-2.8444364864821274,-0.5187781992534057,-0.2699179672794372,-2.8792409862095774,-1.1054182970751278,-1.2789713693754394,-2.664616992997476,-2.0347946603915803,-2.712773015666845,-0.585661562471542,1.6513086727279,-1.9401656118685087,-2.485852927985232,0.4027244464916834,-1.9081949994790697,-2.0696974887294495,-2.220227476087162,-1.4130531796198134,1.8169407615715956,-2.919298776056154,0.37501200106591226,1.1952473297722102,1.2529218356816265,-4.311187256918214,-1.8403661858650873,-2.2507316496995244,-1.622795099985391,-3.086859739683402,-1.2200238109191992,-3.25256289801714,-1.711369668300396,-3.0999082621703247,-0.2506264500514306,-4.075273151102783,0.1978434363011108,-3.112766693296842,0.8610230904462473,-0.178138071781613,0.8374137668287422,-1.8737674089743905,-3.5336473743548193,-1.853643076781962,-2.6496055767565547,-3.305940296336253,-4.301848807579213,-1.984653923979842,-2.071969910170143,-3.542768209076746,-1.897621670344111
1.3468646995814184,-7.04766833557576,0.12294555636004234,-5.205975076529941,-0.3369568870309167,1.3482153497774396,-2.6285077281673432,-2.563912931616155,-2.502150865455408,-3.5534359017291957,-2.33721904848281,0.8220242919401552,-2.541509692523505,-2.587117469444136,-1.8247403922312768,0.9036193105597528,-1.6992824646286502,-0.7863206566663643,-1.2745108829330356,-2.851837717078493,-2.4632802453825233,-0.8343276046597325,-0.7727417476872495,-1.4536501029627131,-4.1249667802494185,-1.459782163547894,-1.4337383656066556,-2.2232633838179545,-3.8042482522087067,2.09728563665002,-1.3652103711406192,0.3291181494718538,-3.2078597761264342,-1.4339227000611041,-4.043796011016271,-0.9832966927302857,-2.8594768749539323,-3.1609452046888986,-0.9814623969627074,-3.7332397986505104,-2.4394026671444777,-2.0652308382513143,-1.120389140712617,-4.207167628552357,-3.308562292663326,-2.20684101976771,-1.6553746147043873,0.5591179026658626,-0.061680570415788394,-3.7755519851144825,1.3366368744347334,-3.2846842664452893,-1.869708316538902,-2.9149136958555193,-0.5829443602024416,-0.3253994702337467,-2.9471495295384145,-1.1637816148000608,-1.336142633207467,-2.7273338042839486,-2.0988205842867274,-2.77926929403513,-0.6489758997984243,1.600016233215088,-1.9986012948859653,-2.5523430778260456,0.34938529790005723,-1.9745835075858744,-2.135112691108448,-2.280281138393431,-1.4697275290475456,1.7665510237193736,-2.9799887657166737,0.3212637390044403,1.1429749191227518,1.2017642970170745,-4.381373979110484,-1.90197541896108,-2.3147270072831807,-1.6912346517310664,-3.153668713396071,-1.2843688794399162,-3.3125991036742732,-1.773141358183494,-3.1683275738415952,-0.3074590222545458,-4.14806125248008,0.1439219793239519,-3.1761758490672287,0.8034544900160177,-0.23473255629475215,0.7858572640770449,-1.9379999341388134,-3.601387682637938,-1.9186335959885232,-2.7172791161781182,-3.37243049243612,-4.375429763548082,-2.0503700463462438,-2.136651891491523,-3.610645304772871,-1.9584188301297634
1.3512269264592431,7.78677585698055,0.06623379528414719,-5.277412526250989,-0.4008004529207025,1.2954377607350895,-2.6937875627974144,-2.6299233404295723,-2.5680137305271202,-3.6212892433085155,-2.4006754488544146,0.7670346958739187,-2.6057603701247816,-2.656576628186035,-1.8851251718420536,0.8496736919933425,-1.7579730912704834,-0.84612915328735,-1.3318016315356878,-2.9188453238947023,-2.5250688079046455,-0.8944930967846607,-0.8310990284116694,-1.5151693625631304,-4.190448775187822,-1.5216984248474172,-1.4964075313307452,-2.288061990409047,-3.873254187616711,2.0450906874931523,-1.429586019974181,0.2734111346571867,-3.276187404181722,-1.493834118025681,-4.114817176522328,-1.0395354258959837,-2.928689510175582,-3.2281212365568477,-1.044238791898179,-3.800681718355894,-2.5056558731346215,-2.1304861832274584,-1.1798190517403526,-4.272190836069379,-3.378510192094872,-2.2678237826272065,-1.7168564554051382,0.5036129755294703,-0.11681479065844463,-3.8497855831584724,1.279981841859387,-3.345814310053516,-1.9312211064576112,-2.9853909052289227,-0.6471105211514712,-0.3808809731880376,-3.015058072867239,-1.2221449325250184,-1.3933138970394947,-2.7900506155704026,-2.1628465081818495,-2.845765572403371,-0.7122902371253128,1.5489957553393443,-2.0570369779033966,-2.618833227666828,0.2960461493084686,-2.0409720156926605,-2.200527893487403,-2.340334800699675,-1.5264018784752842,1.7161612858671702,-3.0406787553771997,0.2675154769429683,1.0907025084733184,1.1506067583525539,-4.451560701302742,-1.9635846520570914,-2.378722364866868,-1.7596742034767479,-3.2204776871087457,-1.3487139479606332,-3.372635309331426,-1.8349130480665734,-3.2367468855128214,-0.3642915944576861,-4.2208493538573455,0.09000052234678058,-3.2395850048376342,0.7458858895857752,-0.2913270408078913,0.7343007613253538,-2.002232459303224,-3.6691279909210124,-1.9836241151950782,-2.7849526555997004,-3.438920688535956,-4.449010719516977,-2.1160861687126205,-2.2013338728128784,-3.6785224004690082,-2.0192159899153843
1.3555891533370676,-6.82333002361738,0.00952203420827713,-5.348849975972038,-0.4646440188104758,1.2426601716927457,-2.759067397427472,-2.6959337492429594,-2.6338765955988137,-3.689142584887848,-2.464131849226026,0.7120450998076882,-2.6700110477260655,-2.7260357869279144,-1.945509951452793,0.7957280734269387,-1.8166637179122853,-0.9059376499083107,-1.3890923801383277,-2.9858529307109114,-2.5868573704267366,-0.95465858890957,-0.8894563091360581,-1.57668862216356,-4.255930770126239,-1.5836146861469218,-1.5590766970548098,-2.352860597000121,-3.94226012302469,1.9928957383362975,-1.493961668807743,0.21770411984253835,-3.3445150322370045,-1.5537455359902457,-4.185838342028372,-1.0957741590616634,-2.997902145397238,-3.295297268424796,-1.1070151868336446,-3.868123638061271,-2.571909079124752,-2.1957415282036026,-1.239248962768101,-4.337214043586415,-3.448458091526418,-2.328806545486678,-1.778338296105858,0.44810804839310936,-0.17194901090112585,-3.9240191812024623,1.2233268092840652,-3.406944353661724,-1.9927338963763017,-3.0558681146023146,-0.7112766821004696,-0.43636247614232215,-3.08296661619607,-1.2805082502499574,-1.4504851608715161,-2.8527674268568566,-2.2268724320769904,-2.9122618507716487,-0.7756045744522013,1.4979752774636073,-2.115472660920847,-2.685323377507629,0.2427070007168488,-2.1073605237994464,-2.265943095866389,-2.4003884630059185,-1.5830762279030166,1.6657715480149602,-3.101368745037745,0.21376721488152128,1.03843009782386,1.0994492196880081,-4.5217474234949995,-2.025193885153084,-2.4427177224505368,-1.8281137552224167,-3.2872866608214393,-1.413059016481344,-3.4326715149885656,-1.8966847379496714,-3.3051661971840796,-0.4211241666608076,-4.29363745523463,0.036079065369602925,-3.3029941606080273,0.6883172891555642,-0.3479215253210117,0.6827442585736627,-2.066464984467628,-3.7368682992041116,-2.0486146344016456,-2.8526261950212577,-3.5054108846357916,-4.522591675485852,-2.181802291078991,-2.266015854134271,-3.746399496165127,-2.080013149701031
1.3599513802148924,-8.81030562202165,-0.047189726867605475,-5.420287425693093,-0.5284875847002616,1.189882582650383,-2.82434723205753,-2.7619441580563517,-2.699739460670532,-3.7569959264671926,-2.5275882495976436,0.657055503741464,-2.734261725327337,-2.7954949456698,-2.005894731063563,0.7417824548605099,-1.875354344554081,-0.965746146529284,-1.44638312874098,-3.052860537527139,-2.6486459329488214,-1.014824081034473,-0.9478135898604655,-1.6382078817639896,-4.321412765064619,-1.6455309474464137,-1.621745862778887,-2.4176592035912194,-4.011266058432714,1.9407007891794301,-1.5583373176413235,0.1619971050278587,-3.412842660292293,-1.6136569539548165,-4.256859507534429,-1.1520128922273614,-3.0671147806189003,-3.3624733002927574,-1.1697915817691165,-3.9355655577666484,-2.6371946995724507,-2.2609968731797463,-1.298678873795843,-4.402237251103406,-3.5184059909579455,-2.389789308346181,-1.8398201368065963,0.39260312125671715,-0.2270832311437883,-3.998252779246452,1.1666717767087187,-3.4680743972699455,-2.054246686295011,-3.126345323975725,-0.7754428430494993,-0.4918439790965942,-3.1508751595248956,-1.3388715679748902,-1.50765642470355,-2.915484238143323,-2.2908983559721308,-2.97875812913989,-0.838918911779096,1.4469547995878635,-2.173908343938272,-2.7518135273484177,0.18936785212525398,-2.1737490319062323,-2.3313582982453753,-2.460442125312162,-1.639750577330749,1.6153818101627444,-3.1620587346982525,0.16001895282004297,0.986157687174408,1.04829168102345,-4.591934145687282,-2.0868031182490894,-2.506713080034193,-1.8965533069680918,-3.354095634534083,-1.4774040850020738,-3.4927077206457113,-1.9584564278327505,-3.373585508855319,-0.47795673886394163,-4.366425556611914,-0.017842391607593378,-3.3664033163784275,0.630748688725322,-0.4045160098341447,0.631187755821984,-2.1306975096320384,-3.804608607487217,-2.1136051536082006,-2.9202997344428283,-3.571901080735646,-4.596172631454716,-2.2475184134453676,-2.3306978354556454,-3.814276591861251,-2.140810309486658
1.364313607092717,6.43419706676311,-0.10390148794348181,-5.491724875414148,-0.5923311505900537,1.1371049936080515,-2.8896270666876003,-2.8279545668697565,-2.7656023257422326,-3.8248492680465,-2.591044649969242,0.6020659076752337,-2.798512402928602,-2.8649541044117113,-2.0662795106743026,0.6878368362940996,-1.9340449711958956,-1.0255546431502447,-1.5036738773436196,-3.1198681443433482,-2.7104344954709374,-1.0749895731594012,-1.006170870584848,-1.6997271413644068,-4.38689476000303,-1.7074472087459118,-1.6844150285029766,-2.482457810182306,-4.080271993840718,1.888505840022569,-1.6227129664748916,0.10629009021318536,-3.4811702883475437,-1.6735683719193934,-4.327880673040474,-1.208251625393047,-3.1363274158405687,-3.429649332160724,-1.2325679767045945,-4.003007477472038,-2.7016644997576167,-2.3262522181558776,-1.3581087848235787,-4.46726045862041,-3.588353890389498,-2.4507720712056837,-1.9013019775073285,0.3370981941203248,-0.28221745138646326,-4.072486377290442,1.1100167441334035,-3.529204440878172,-2.11575947621372,-3.1968225333491285,-0.83960900399851,-0.5457379410413205,-3.218783702853745,-1.3972348856998291,-1.5648276885355712,-2.9782010494297646,-2.3549242798672716,-3.045254407508149,-0.9022332491059846,1.3959343217121138,-2.2323440269557286,-2.818303677189225,0.13602870353363405,-2.240137540013018,-2.396773500624355,-2.5204957876184118,-1.6964249267584814,1.5649920723105348,-3.2227487243587847,0.10627069075858975,0.9338852765249683,0.9971341423589042,-4.662120867879533,-2.1484123513451068,-2.570708437617868,-1.9649928587137608,-3.4209046082467767,-1.5417491535227843,-3.5527439263028517,-2.0202281177158485,-3.442004820526602,-0.5347893110670694,-4.439213657989199,-0.07176384858474594,-3.4298124721488206,0.5731800882950797,-0.46111049434727136,0.5796312530702867,-2.194930034796455,-3.87234891577031,-2.178595672814787,-2.987973273864398,-3.6383912768355007,-4.66975358742361,-2.313234535811738,-2.395379816777032,-3.882153687557407,-2.2016074692722984
1.3686758339705418,6.23010796925152,-0.16061324901937063,-5.563162325135197,-0.6561747164798145,1.0843274045656952,-2.9549069013176714,-2.8939649756831685,-2.8314651908139448,-3.892702609625851,-2.65450105034086,0.5470763116089847,-2.8627630805298914,-2.934413263153603,-2.126664290285073,0.633891217727671,-1.9927355978377037,-1.0853631397712242,-1.5609646259462906,-3.186875751159551,-2.7722230579930285,-1.1351550652843292,-1.0645281513092555,-1.761246400964824,-4.452376754941435,-1.7693634700454164,-1.7470841942270476,-2.5472564167733918,-4.149277929248729,1.8363108908657015,-1.6870886153084597,0.05058307539852447,-3.5494979164028386,-1.7334797898839767,-4.398901838546531,-1.2644903585587142,-3.2055400510622443,-3.4968253640286724,-1.2953443716400475,-4.070449397177397,-2.7661342999427703,-2.391507563132028,-1.417538695851308,-4.532283666137432,-3.65830178982102,-2.5117548340651807,-1.962783818208067,0.2815932669839514,-0.3373516716291195,-4.146719975334432,1.0533617115580696,-3.590334484486381,-2.1772722661324293,-3.267299742722545,-0.9037751649475334,-0.5994399420042942,-3.2866922461825574,-1.4555982034247805,-1.620815435607441,-3.0409178607162435,-2.4189502037624186,-3.1117506858764212,-0.9655475864328606,1.3449138438363701,-2.290779709973166,-2.884793827030026,0.08268955494202046,-2.30652604811981,-2.46218870300331,-2.580549449924681,-1.7530992761862076,1.5146023344583066,-3.2834387140193044,0.05252242869710522,0.8816128658755036,0.9459766036943646,-4.73230759007181,-2.2100215844411055,-2.6347037952015304,-2.0334324104594295,-3.487713581959439,-1.6060942220435264,-3.61278013196001,-2.081999807598959,-3.5104241321978416,-0.5916218832702034,-4.512001759366483,-0.1256853055619423,-3.493221627919226,0.5156114878648437,-0.5177049788603918,0.5280747503185956,-2.259162559960865,-3.9400892240534153,-2.243586192021336,-3.0556468132859864,-3.704881472935349,-4.7433345433924865,-2.37895065817814,-2.460061798098431,-3.950030783253532,-2.2624046290579134
1.3730380608483663,-7.63663659426159,-0.21732501009525318,-5.63459977485627,-0.7200182823696191,1.0315498155233513,-3.020186735947717,-2.959975384496561,-2.897328055885663,-3.9605559512051585,-2.717957450712496,0.4920867155427604,-2.927013758131144,-3.003872421895476,-2.1870490698958314,0.5799455991612608,-2.0514262244795183,-1.1451716363922162,-1.618255374548924,-3.2538833579757593,-2.8340116205151196,-1.1953205574092323,-1.122885432033644,-1.8227656605652414,-4.517858749879832,-1.8312797313449334,-1.8097533599511249,-2.6120550233644844,-4.218283864656746,1.784115941708847,-1.7514642641420217,-0.005123939416142642,-3.617825544458115,-1.7933912078485599,-4.469923004052576,-1.3207290917243997,-3.274752686283894,-3.56400139589664,-1.3581207665755255,-4.137891316882774,-2.8306041001279176,-2.4567629081081472,-1.4769686068790562,-4.5973068736544676,-3.728249689252566,-2.572737596924652,-2.0242656589088117,0.22608833984755916,-0.3924858918717882,-4.220953573378421,0.996706678982723,-3.6514645280946203,-2.2387850560511326,-3.3377769520959433,-0.9679413258965444,-0.6531419429673117,-3.3546007895113954,-1.5139615211497133,-1.6762144996011898,-3.103634672002716,-2.482976127657534,-3.178246964244675,-1.0288619237597554,1.2938933659606329,-2.349215392990604,-2.9512839768708146,0.02935040635041941,-2.372914556226596,-2.5276039053823087,-2.640603112230931,-1.8097736256139463,1.4642125966060968,-3.3441287036798437,-0.0012258333643480057,0.8293404552260639,0.8948190650298375,-4.80249431226408,-2.271630817537111,-2.6986991527852053,-2.101871962205105,-3.554522555672113,-1.6704392905642247,-3.6728163376171556,-2.1437714974820317,-3.578843443869074,-0.6484544554733124,-4.584789860743761,-0.1796067625390949,-3.5566307836896067,0.4580428874346326,-0.5742994633735372,0.47651824756691696,-2.323395085125282,-4.00782953233649,-2.3085767112278783,-3.1233203527075437,-3.771371669035185,-4.816915499361356,-2.444666780544517,-2.5247437794198113,-4.0179078789496385,-2.323201788843553
1.377400287726191,3.59715881434232,-0.274036771171117,-5.706037224577326,-0.7838618482593923,0.9787722264810075,-3.085466570577787,-3.0259857933099603,-2.963190920957363,-4.028409292784503,-2.781413851084114,0.43709711947652385,-2.991264435732428,-3.0733315806373813,-2.247433849506558,0.5259999805948508,-2.110116851121314,-1.2049801330131644,-1.6755461231515703,-3.320890964791981,-2.8958001830372044,-1.2554860495341602,-1.1812427127580327,-1.884284920165671,-4.583340744818231,-1.893195992644419,-1.8724225256751958,-2.6768536299555645,-4.28728980006472,1.731920992551992,-1.8158399129756022,-0.06083095423080981,-3.6861531725133903,-1.8533026258131307,-4.540944169558626,-1.3769678248900792,-3.343965321505544,-3.6311774277646007,-1.4208971615110035,-4.205333236588169,-2.895073900313071,-2.52201825308431,-1.536398517906792,-4.662330081171484,-3.798197588684106,-2.633720359784168,-2.0857474996095378,0.17058341271117317,-0.4476201121144569,-4.295187171422417,0.9400516464074014,-3.7125945717028346,-2.300297845969829,-3.4082541614693342,-1.0321074868455677,-0.7068439439303041,-3.422509332840245,-1.572324838874646,-1.7316135635949514,-3.1663514832891453,-2.5470020515526812,-3.24474324261294,-1.0921762610866563,1.2428728880848956,-2.407651076008067,-3.017774126711603,-0.023988742241200456,-2.439303064333388,-2.5930191077612887,-2.7006567745372054,-1.866447975041685,1.4138228587538997,-3.4048186933403635,-0.054974095425820046,0.777068044576618,0.8436615263652856,-4.872681034456344,-2.333240050633116,-2.7626945103688803,-2.17031151395078,-3.621331529384788,-1.7347843590849543,-3.7328525432742836,-2.205543187365124,-3.647262755540332,-0.7052870276764464,-4.657577962121058,-0.23352821951627872,-3.620039939460006,0.40047428700439025,-0.6308939478866701,0.4249617448152321,-2.3876276102896803,-4.075569840619601,-2.3735672304344457,-3.1909938921291197,-3.837861865135027,-4.890496455330268,-2.5103829029108997,-2.5894257607411912,-4.085784974645776,-2.3839989486291806
1.3817625146040158,5.83037841787445,-0.3307485322469996,-5.777474674298374,-0.8477054141491782,0.9259946374386512,-3.1507464052078573,-3.0919962021233713,-3.029053786029076,-4.096262634363817,-2.8448702514557187,0.3821075234103185,-3.0555151133337057,-3.142790739379273,-2.3078186291173157,0.47205436202841555,-2.1688074777631288,-1.2647886296341315,-1.7328368717542224,-3.387898571608196,-2.957588745559314,-1.3156515416590633,-1.2395999934824276,-1.9458041797660819,-4.648822739756629,-1.9551122539439358,-1.9350916913992604,-2.7416522365466696,-4.356295735472736,1.679726043395137,-1.8802155618091705,-0.11653796904547692,-3.7544808005686665,-1.9132140437777077,-4.611965335064683,-1.4332065580557773,-3.413177956727206,-3.6983534596325427,-1.483673556446469,-4.2727751562935214,-2.9595437004982124,-2.587273598060441,-1.5958284289345215,-4.7273532886885,-3.868145488115627,-2.6947031226436584,-2.14722934031027,0.11507848557479339,-0.5027543323571382,-4.369420769466401,0.8849862692341077,-3.773724615311056,-2.3618106358885385,-3.478731370842757,-1.096273647794585,-0.7605459448933092,-3.4904178761690696,-1.6306881565995974,-1.7870126275887066,-3.2290682945755993,-2.6110279754478283,-3.3112395209812124,-1.15549059841352,1.191852410209146,-2.4660867590254982,-3.0842642765524175,-0.07732789083278907,-2.505691572440168,-2.6584343101402688,-2.7607104368434303,-1.9231223244694362,1.3634331209016712,-3.4655086830008894,-0.10872235748728581,0.7247956339271473,0.792503987700746,-4.942867756648626,-2.394849283729121,-2.8266898679525365,-2.238751065696455,-3.6889686683774743,-1.7991294276056464,-3.792888748931448,-2.267314877248209,-3.715682067211584,-0.7621195998795617,-4.73036606349833,-0.2874496764934563,-3.683449095230406,0.342905686574148,-0.6874884323997967,0.3734052420635472,-2.451860135454109,-4.143310148902682,-2.4385577496410136,-3.2586674315507027,-3.9043520612348814,-4.964077411299132,-2.57609902527727,-2.654107742062566,-4.153662070341907,-2.4447961084148266
1.3861247414818405,-9.78341572520144,-0.3874602933228697,-5.84891212401943,-0.911548980038964,0.8732170483963011,-3.2160262398379214,-3.1580066109367637,-3.0949166511007755,-4.164115975943155,-2.908326651827343,0.3271179273440694,-3.119765790934964,-3.2122498981211587,-2.3682034087280863,0.41810874346201177,-2.227498104404937,-1.3245971262550986,-1.7901276203568748,-3.4549061784244115,-3.019377308081393,-1.3758170337839914,-1.2979572742068288,-2.007323439366493,-4.71430473469504,-2.0170285152434344,-1.9977608571233563,-2.8064508431377435,-4.425301670880729,1.6275310942382697,-1.944591210642726,-0.17192058864033066,-3.8228084286239614,-1.9731254617422909,-4.682986500570734,-1.4894452912214693,-3.4823905919488807,-3.7655294915005104,-1.546449951381922,-4.340217075998905,-3.024013500683365,-2.6525289430365913,-1.6550575247940744,-4.7923764962055095,-3.9380933875471857,-2.7556858855031425,-2.2087111810110143,0.05957355843841361,-0.5578885525998069,-4.443654367510403,0.8313971888503049,-3.834854658919264,-2.4233234258072414,-3.549208580216142,-1.1604398087435959,-0.8142479458563203,-3.558326419497888,-1.6890514743245302,-1.8424116915824682,-3.2917851058620657,-2.675053899342969,-3.3777357993494777,-1.2188049357404271,1.1408319323334148,-2.524056247769792,-3.150754426393206,-0.13066703942440888,-2.5720800805469475,-2.723849512519249,-2.8207640991496934,-1.9797966738971686,1.3130433830494679,-3.5261986726614225,-0.1624706195487453,0.6725232232777139,0.7413464490361941,-5.013054478840884,-2.4564585168251263,-2.8906852255362177,-2.3071906174421244,-3.7572770358122867,-1.8634744961263758,-3.8529249545885937,-2.32908656713132,-3.784101378882842,-0.818952172082702,-4.803154164875608,-0.3413711334706277,-3.7468582510008055,0.2853370861439245,-0.7440829169129297,0.32184873931184355,-2.5160926606185194,-4.211050457185775,-2.5035482688475934,-3.326340970972254,-3.970842257334742,-5.0376583672680075,-2.6418151476436655,-2.718789723383952,-4.221539166038045,-2.505593268200454
1.390486968359665,4.60055823756006,-0.44417205439877727,-5.920349573740472,-0.9753925459287435,0.8204394593539635,-3.281306074467974,-3.224017019750157,-3.1607795161724814,-4.231969317522475,-2.97178305219896,0.27212833127783276,-3.1840164685362353,-3.2817090568630514,-2.428588188338832,0.3641631248955891,-2.286188731046745,-1.384405622876078,-1.8474183689595083,-3.5219137852406144,-3.0811658706035088,-1.4359825259089196,-1.3563145549312363,-2.0688426989669226,-4.779786729633426,-2.0789447765429383,-2.0604300228474273,-2.87124944972883,-4.494307606288733,1.5753361450814152,-2.008966859476294,-0.2258816332986811,-3.8911360566792306,-2.0330368797068616,-4.754007666076766,-1.5456840243871361,-3.5516032271705367,-3.8327055233684524,-1.6092263463174188,-4.407658995704295,-3.088483300868525,-2.7177842880127168,-1.7132573852087554,-4.857399703722519,-4.008041286978719,-2.816668648362633,-2.2701930217117408,0.004068631302021397,-0.6130227728424631,-4.517887965554387,0.7778081084664767,-3.8959847025274916,-2.484836215725938,-3.6196857895895524,-1.2246059696926066,-0.8679499468193128,-3.62623496282672,-1.7474147920494754,-1.8978107555762296,-3.3545019171485198,-2.739079823238116,-3.4442320777177127,-1.2821192730673219,1.0898114544576714,-2.5819329342495196,-3.217244576234007,-0.18400618801602248,-2.638468588653746,-2.789264714898229,-2.8808177614559494,-2.0364710233248946,1.2626536451972459,-3.5868886623219485,-0.2162188816102173,0.6202508126282742,0.6901889103716545,-5.083241201033147,-2.5193252148082808,-2.95468058311988,-2.375630169187799,-3.825585403247092,-1.9278195646470928,-3.912961160245734,-2.390858257014399,-3.8525206905540745,-0.8757847442858234,-4.87594226625288,-0.3952925904478177,-3.8102674067711924,0.22776848571368224,-0.8006774014260751,0.27029223656015244,-2.5803251857829297,-4.278790765468874,-2.568538788054142,-3.3940145103938235,-4.037332453434578,-5.111239323236889,-2.7075312700100422,-2.783406082782143,-4.28941626173417,-2.566390427986094
1.3948491952374897,-8.14209755856596,-0.5008838154746411,-5.991787023461546,-1.0392361118185232,0.7676618703116258,-3.3465859090980317,-3.2900274285635493,-3.2266423812441936,-4.299822659101814,-3.035239452570571,0.21713873521160243,-3.248267146137513,-3.351168215604943,-2.488972967949584,0.310217506329179,-2.3448793576885594,-1.444214119497045,-1.9047091175621667,-3.5889213920568226,-3.1429544331256,-1.49614801803381,-1.4146718356556187,-2.130361958567346,-4.845268724571831,-2.1408610378424244,-2.123099188571486,-2.9360480563199474,-4.563313541696732,1.523141195924554,-2.0733425083098873,-0.27984267795703777,-3.9594636847345006,-2.092948297671432,-4.8250288315828165,-1.6019227575528219,-3.6208158623921864,-3.89988155523642,-1.6720027412528844,-4.4751009154096595,-3.152953101053666,-2.783039632988867,-1.7714572456234114,-4.92242291123953,-4.0779891864102344,-2.8776514112221356,-2.331674862412479,-0.0514362958343646,-0.6681569930851256,-4.592121563598384,0.724219028082655,-3.957114746135712,-2.546349005644654,-3.6901629989629505,-1.28877213064163,-0.9216519477823053,-3.694143506155557,-1.8057781097744081,-1.9532098195699912,-3.41721872843498,-2.803105747133257,-3.510728356085991,-1.3454336103942104,1.038790976581934,-2.6398096207292534,-3.2837347260747958,-0.23734533660761736,-2.7048570967605503,-2.8546799172771964,-2.940871423762193,-2.0931453727526335,1.212263907345036,-3.6475786519824682,-0.26996714367167685,0.5679784019787908,0.639031371707115,-5.153427923225423,-2.5824232582355133,-3.018675940703549,-2.4440697209334745,-3.893893770681923,-1.9921646331677976,-3.97299736590288,-2.452629946897503,-3.9209400022253265,-0.9326173164889574,-4.94873036763019,-0.4492140474249891,-3.873676562541598,0.1701998852834462,-0.8572718859392143,0.21873573380847378,-2.644557710947346,-4.346531073751973,-2.6335293072607158,-3.4616880498153995,-4.103822649534439,-5.184820279205765,-2.7732473923764127,-2.8475310843285158,-4.357293357430275,-2.627187587771716
1.3992114221153145,-7.9428902949274,-0.5575955765505299,-6.063224473182601,-1.1030796777083025,0.7148842812692695,-3.4118657437280895,-3.356037837376955,-3.292505246315913,-4.36767600068114,-3.098695852942183,0.162149139145347,-3.31251782373879,-3.420627374346841,-2.5493577475603413,0.2562718877627439,-2.4035699843303675,-1.5040226161179995,-1.9619998661648128,-3.6559289988730503,-3.204742995647697,-1.5577276667540059,-1.4730291163800324,-2.1918812181677634,-4.910750719510222,-2.2027772991419474,-2.185768354295588,-3.0008466629110204,-4.632319477104724,1.4709462467676928,-2.1377181571434614,-0.3338037226153757,-4.0277913127897955,-2.152859715636028,-4.896049997088868,-1.6581614907185138,-3.690028497613855,-3.9670575871043807,-1.7347791361883562,-4.542542835115043,-3.2174229012388134,-2.8482949779649926,-1.8296571060380986,-4.986450817215448,-4.147937085841788,-2.9386341740816198,-2.393156703113205,-0.1069412229707506,-0.7232912133278004,-4.666355161642366,0.6706299476988395,-4.018244789743926,-2.607861795563344,-3.76064020833636,-1.3529382915906596,-0.9753539487453229,-3.762052049484394,-1.8641414274993346,-2.0086088835637526,-3.4799355397214216,-2.8671316710284103,-3.5772246344542378,-1.4087479477210865,0.9877704987061906,-2.697686307208981,-3.350224875915603,-0.29068448519922474,-2.77124560486733,-2.920095119656157,-3.000925086068455,-2.149819722180366,1.1618741694928327,-3.7082686416430004,-0.3237154057331426,0.5157059913293573,0.5878738330425755,-5.223614645417687,-2.6455213016627708,-3.0826712982872237,-2.5125092726791562,-3.962202138116729,-2.0565097016885208,-4.033033571560026,-2.514401636780576,-3.9893593138965846,-0.989449888692079,-5.021518469007462,-0.5031355044021479,-3.9370857183119785,0.1126312848532226,-0.9138663704523284,0.167179231056789,-2.7087902361117635,-4.41427138203506,-2.6985198264672645,-3.5293615892369754,-4.170312845634281,-5.258401235174641,-2.838963514742808,-2.911656085874889,-4.425170453126425,-2.6879847475573433
1.4035736489931392,-8.04619145983456,-0.6143073376264063,-6.134661922903668,-1.1669232435980947,0.662106692226907,-3.4785054047143174,-3.4220482461903536,-3.358368111387625,-4.435529342260472,-3.1621522533138,0.10715954307913533,-3.376768501340055,-3.4900865330887276,-2.6097425271710994,0.20232626919635255,-2.4622606109721756,-1.5638311127389914,-2.0192906147674714,-3.722936605689253,-3.266531558169807,-1.6193704354037632,-1.5313863971044086,-2.253400477768193,-4.976232714448646,-2.2646935604414393,-2.2484375200196522,-3.065645269502113,-4.70132541251274,1.4187512976108316,-2.2020938059770234,-0.38776476727373244,-4.0961189408450895,-2.212771133600599,-4.967071162594931,-1.7144002238841995,-3.7592411328355366,-4.034233618972323,-1.797555531123828,-4.609984754820433,-3.2818927014239856,-2.9135503229411546,-1.887856966452792,-5.049742979568721,-4.217884985273328,-2.9996169369410977,-2.454638543813937,-0.16244615010711788,-0.7784254335704379,-4.7405887596863625,0.6170408673150114,-4.07937483335216,-2.669374585482072,-3.831117417709752,-1.4171044525396643,-1.0290559497083152,-3.8299605928132197,-1.9225047452242987,-2.064007947557533,-3.5426523510079004,-2.931157594923538,-3.6437209128225163,-1.4720622850479936,0.9367500208304531,-2.755562993688721,-3.416715025756398,-0.3440236337908258,-2.837634112974116,-2.985510322035168,-3.0609787483747057,-2.206494071608086,1.1114844316406232,-3.7689586313035397,-0.3774636677946271,0.4634335806799177,0.5367162943780424,-5.293801367609963,-2.708619345089991,-3.14666665587088,-2.580948824424806,-4.03051050555156,-2.1208547702092377,-4.093069777217153,-2.57617332666368,-4.057778625567855,-1.0462824608952066,-5.094306570384746,-0.5570569613793318,-4.000494874082365,0.05506268442298656,-0.9704608549654676,0.11562272830509779,-2.773022761276186,-4.4820116903181715,-2.7635103456738257,-3.597035128658545,-4.236803041734129,-5.3319821911435294,-2.9046796371091848,-2.975781087421268,-4.493047548822562,-2.748781907342977
1.4079358758709637,4.42576598358822,-0.6710190987022888,-6.206099372624723,-1.2307668094878867,0.6093291031845693,-3.5452562749253005,-3.488058655003746,-3.4242309764593184,-4.502825260210099,-3.2256086536854305,0.052169947012905005,-3.441019178941339,-3.559545691830613,-2.670127306781864,0.14838065062994243,-2.520951237614003,-1.6236396093599523,-2.076581363370111,-3.7899442125054623,-3.3283201206918855,-1.6810132040535017,-1.5897436778287972,-2.314919737368604,-5.041714709387032,-2.326609821740944,-2.31110668574373,-3.130443876093193,-4.770331347920739,1.3665563484539769,-2.266469454810573,-0.44172581193207666,-4.1644465689003285,-2.272682551565164,-5.038092328100969,-1.7706389570498664,-3.82845376805718,-4.10140965084029,-1.860331926059281,-4.67742667452581,-3.3463625016091205,-2.9788056679172925,-1.9460568268674543,-5.113035141921989,-4.287832884704874,-3.060599699800594,-2.516120384514663,-0.21795107724350388,-0.8335596538131191,-4.814822357730334,0.5634517869312021,-4.140504876960362,-2.7308873754007497,-3.90159462708315,-1.4812706134886815,-1.0827579506713079,-3.8978691361420443,-1.9808680629492188,-2.1194070115512695,-3.6053691622943544,-2.995183518818685,-3.710217191190769,-1.5353766223748635,0.8857295429547034,-2.81343968016843,-3.4832051755971802,-0.39736278238244566,-2.9040226210809017,-3.0509255244141356,-3.1210324106809555,-2.2631684210358367,1.0610946937884072,-3.8296486209640594,-0.4312119298560679,0.4111611700304655,0.4855587557134966,-5.363988089802227,-2.771717388517236,-3.210662013454562,-2.6493883761704877,-4.098818872986373,-2.185199838729961,-4.153105982874293,-2.6379450165467597,-4.126197937239082,-1.1031150330983157,-5.167094671762043,-0.6109784183564907,-4.063904029852772,-0.002505916007255693,-1.0270553394786006,0.06406622555340047,-2.83725528644059,-4.5497519986012716,-2.8285008648803807,-3.6647086680801095,-4.303293237833965,-5.405563147112399,-2.9703957594755677,-3.0399060889676655,-4.560924644518669,-2.8095790671286105
1.4122981027487884,-10.2660481145949,-0.7277308597781715,-6.277536822345765,-1.2946103753776663,0.5565515141422193,-3.6120071451362596,-3.5540690638171455,-3.4900938415310367,-4.568960219405753,-3.289065054057029,-0.002819649053331652,-3.505269856542604,-3.6290048505724926,-2.7305120863926033,0.0944350320634949,-2.5796418642558043,-1.6834481059809192,-2.1338721119727757,-3.8569518193217025,-3.3901086832139704,-1.7426559727032216,-1.6481009585532047,-2.376438996969015,-5.107196704325449,-2.3885260830404547,-2.3737758514678067,-3.195242482684292,-4.839337283328743,1.3143613992971033,-2.33084510364416,-0.4956868565904271,-4.232774196955605,-2.3325939695297593,-5.1091134936070075,-1.8268776902155832,-3.897666403278836,-4.168585682708232,-1.9231083209947528,-4.74486859423118,-3.4108323017942865,-3.0440610128934242,-2.0042566872821412,-5.176327304275275,-4.357780784136414,-3.121582462660097,-2.5776022252154016,-0.27345600437989614,-0.8886938740557879,-4.889055955774355,0.5098627065473866,-4.20163492056857,-2.7924001653194654,-3.972071836456566,-1.5454367744377049,-1.1364599516342877,-3.9657776794708877,-2.0392313806741518,-2.1748060755450185,-3.6680859735808147,-3.059209442713832,-3.7767134695590228,-1.5986909597017707,0.8347090650789661,-2.871316366648177,-3.5496953254379937,-0.45070193097406547,-2.9704111291876876,-3.116340726793122,-3.1810860729872052,-2.3198427704635693,1.0107049559361914,-3.890338610624579,-0.48496019191754614,0.35888875938100717,0.434401217048932,-5.434174811994497,-2.8348154319444623,-3.2746573710382307,-2.7178279279161437,-4.167127240421184,-2.2495449072506783,-4.213142188531439,-2.6997167064298573,-4.194617248910334,-1.1599476053014621,-5.239882773139315,-0.6648998753336682,-4.127313185623152,-0.06007451643748546,-1.0836498239917396,0.012509722801715584,-2.9014878116050005,-4.617492306884352,-2.8934913840869543,-3.732382207501673,-4.369783433933832,-5.47914410308128,-3.0361118818419506,-3.104031090514032,-4.628801740214812,-2.870376226914238
1.4166603296266131,4.47561131979847,-0.7844426208540602,-6.348974272066821,-1.3584539412674395,0.5037739250998816,-3.6787580153472312,-3.620079472630544,-3.5559567066027373,-4.635095178601411,-3.3525214544286595,-0.05729343184971136,-3.569520534143881,-3.6984640093143977,-2.7908968660033553,0.040489413497097226,-2.638332490897601,-1.7432566026018863,-2.1911628605754094,-3.9239594261379054,-3.45189724573608,-1.804298741352979,-1.7064582392776058,-2.437958256569451,-5.172678699263841,-2.4504423443399403,-2.4364450171918968,-3.260041089275366,-4.908343218736748,1.2621664501402672,-2.395220752477728,-0.54964790124879,-4.301101825010905,-2.392505387494336,-5.180134659113071,-1.8831164233812503,-3.966879038500492,-4.2357617145762,-1.9858847159302433,-4.812310513936551,-3.4753021019794392,-3.1093163578695684,-2.062456547696822,-5.239619466628542,-4.427728683567941,-3.1825652255195873,-2.639084065916146,-0.32896093151625716,-0.9438280942984754,-4.963289553818307,0.4562736261635524,-4.26276496417681,-2.8539129552381626,-4.042549045829983,-1.6096029353867218,-1.1901619525972928,-4.033686222799726,-2.097594698399109,-2.2302051395387927,-3.73080278486725,-3.1232353666089416,-3.8432097479273004,-1.662005297028653,0.7836885872032227,-2.9291930531279045,-3.6161854752787885,-0.5040410795656604,-3.036799637294492,-3.181755929172108,-3.241139735293461,-2.376517119891302,0.960315218083988,-3.9510286002851114,-0.5387084539790119,0.30602937161649535,0.38324367838439255,-5.5043615341867795,-2.8979134753717135,-3.3386527286218994,-2.7862674796618316,-4.2354356078559965,-2.3138899757713887,-4.273178394188604,-2.7614883963129495,-4.263036560581585,-1.216780177504565,-5.312670874516612,-0.7188213323108459,-4.190722341393558,-0.11764311686772777,-1.1402443085048666,-0.03904677994997552,-2.9657203367693983,-4.6852326151674575,-2.958481903293503,-3.8000557469232428,-4.43627363003368,-5.552725059050175,-3.1018280042083273,-3.168156092060417,-4.6966788359109435,-2.9311733866998715
1.4210225565044379,-8.5357887224428,-0.8411543819299179,-6.420411721787875,-1.422297507157238,0.450996336057519,-3.7455088855582144,-3.6860898814439427,-3.6218195716744432,-4.7012301377970696,-3.4159778548002704,-0.1105758669024896,-3.6337712117451524,-3.7679231680562957,-2.8512816456141383,-0.013456205069325322,-2.697023117539409,-1.8030650992228658,-2.248453609178055,-3.9909670329541136,-3.5136858082581712,-1.865941510002724,-1.7648155200019884,-2.4994775161698617,-5.2381606942022385,-2.512358605639464,-2.4991141829159673,-3.3248396958664648,-4.977349154144752,1.2099715009833811,-2.459596401311283,-0.6036089459071218,-4.369429453066175,-2.4524168054588946,-5.251155824619121,-1.9393551565469422,-4.036091673722154,-4.302937746444173,-2.0486611108657087,-4.879752433641935,-3.539771902164593,-3.1745717028457063,-2.1206564081114845,-5.30291162898181,-4.497676582999487,-3.2435479883790963,-2.700565906616866,-0.38446585865266186,-0.9989623145411128,-5.037523151862316,0.40268454577972435,-4.3238950077850244,-2.915425745156865,-4.1130262552033745,-1.6737690963357266,-1.243863953560304,-4.10159476612855,-2.1559580161240484,-2.2856042035325475,-3.793519596153729,-3.187261290504095,-3.909706026295548,-1.7253196343555228,0.732668109327473,-2.9870697396076134,-3.682675625119577,-0.5573802281572614,-3.103188145401278,-3.247171131551088,-3.3011933975997056,-2.4331914693190404,0.9099254802317658,-4.011718589945632,-0.5924567160404713,0.25230682335195886,0.33208613971985923,-5.574548256379037,-2.96101151879894,-3.4026480862055433,-2.8547070314074885,-4.303743975290815,-2.3782350442921185,-4.333214599845737,-2.823260086196041,-4.331455872252843,-1.2736127497077052,-5.385458975893871,-0.7727427892880234,-4.254131497163951,-0.17521171729793883,-1.1968387930180056,-0.09060328270165413,-3.0299528619338085,-4.7529729234505504,-3.0234724225000704,-3.8677292863448,-4.502763826133516,-5.626306015019038,-3.167544126574704,-3.2322810936067956,-4.764555931607056,-2.9919705464854927
1.4253847833822624,3.59216224230231,-0.8978661430058068,-6.491849171508931,-1.486141073047011,0.3982187470151688,-3.8122597557691984,-3.752100290257336,-3.687682436746168,-4.767365096992747,-3.4794342551718813,-0.16385830195526163,-3.698021889346424,-3.8373823267981813,-2.9116664252248645,-0.06740182363573544,-2.7557137441812296,-1.8628735958438327,-2.3057443577807013,-4.057974639770323,-3.57547437078025,-1.9275842786524562,-1.823172800726377,-2.5609967757702856,-5.303642689140643,-2.574274866938943,-2.5617833486400325,-3.3896383024575254,-5.046355089552751,1.1577765518265448,-2.523972050144864,-0.6575699905654785,-4.4377570811214575,-2.5123282234234594,-5.322176990125172,-1.9955938897126153,-4.105304308943829,-4.370113778312121,-2.1114375058011556,-4.945102125088681,-3.6042417023497277,-3.2398270478218434,-2.1788562685261654,-5.36620379133507,-4.567624482431022,-3.3045307512385618,-2.762047747317598,-0.43997078578904786,-1.0540965347838065,-5.111756749906318,0.34909546539590874,-4.385025051393252,-2.9769385350755746,-4.183503464576784,-1.73793525728475,-1.2975659545233151,-4.1695033094573875,-2.2143213338489685,-2.3410032675263093,-3.8562364074401954,-3.2512872143992357,-3.97620230466382,-1.7886339716824238,0.6816476314517419,-3.044946426087372,-3.7491657749603906,-0.6107193767488875,-3.169576653508045,-3.312586333930062,-3.3612470599059616,-2.4898658187467726,0.85953574237955,-4.072408579606158,-0.6462049781019371,0.19858427508740362,0.280928601055326,-5.644734978571301,-3.024109562226185,-3.4666434437892244,-2.923146583153157,-4.37205234272564,-2.4425801128128106,-4.393250805502902,-2.885031776079126,-4.399875183924077,-1.3304453219108392,-5.458247077271162,-0.8266642462651947,-4.317540652934344,-0.23278031772818109,-1.2534332775311385,-0.14215978545334523,-3.094185387098232,-4.820713231733643,-3.088462941706638,-3.9354028257663947,-4.569254022233378,-5.69988697098792,-3.2332602489410807,-3.296406095153162,-4.8324330273031935,-3.0527677062711387
1.429747010260087,-8.78853292509453,-0.9545779040816831,-6.563286621229992,-1.5499846389367908,0.3454411579728375,-3.8790106259801576,-3.8181106990707594,-3.75354530181788,-4.833500056188393,-3.5428906555435056,-0.21714073700803987,-3.762272566947689,-3.9068414855400677,-2.972051204835629,-0.12134744220215182,-2.8144043708230253,-1.922682092464806,-2.3630351063833848,-4.124982246586544,-3.6372629333023534,-1.9892270473021885,-1.8815300814507845,-2.622516035370708,-5.369124684079042,-2.6361911282384662,-2.624452514364103,-3.4544369090486367,-5.1153610249607615,1.1055816026696963,-2.588347698978432,-0.7115310352238227,-4.506084709176739,-2.5722396413880553,-5.39319815563121,-2.051832622878301,-4.174516944165479,-4.437289810180083,-2.17421390073664,-5.009572412083755,-3.6687115025348813,-3.305082392798,-2.2370561289408593,-5.429495953688331,-4.637572381862555,-3.365513514098052,-2.823529588018337,-0.4954757129254089,-1.1092307550264628,-5.185990347950296,0.29550638501209325,-4.446155095001485,-3.038451324994271,-4.25398067395017,-1.8021014182337733,-1.351267955486314,-4.237411852786225,-2.27268465157392,-2.3973121781986206,-3.918953218726643,-3.315313138294364,-4.042698583032067,-1.8519483090092999,0.6306271535759982,-3.1028231125670995,-3.815655924801198,-0.6640585253404887,-3.2359651616148497,-3.3780015363090294,-3.421300722212224,-2.546540168174511,0.8091460045273529,-4.133098569266696,-0.6999532401633967,0.14486172682286091,0.22977106239077394,-5.7149217007635835,-3.0872076056534237,-3.530638801372893,-2.991586134898845,-4.440360710160465,-2.5069251813335525,-4.453287011160029,-2.9468034659622244,-4.4682944955953285,-1.3872778941139545,-5.531035178648439,-0.8805857032423599,-4.3809498087047505,-0.29034891815842334,-1.310027762044259,-0.1937162882050426,-3.1584179122626486,-4.88845354001673,-3.153453460913193,-4.003076365187946,-4.63574421833322,-5.773467926956808,-3.2989763713074582,-3.3605310966995345,-4.900310122999325,-3.11356486605676
1.4341092371379118,3.99254262359866,-1.0112896651575531,-6.634724070951034,-1.6138282048265578,0.2926635689304936,-3.9457614961911345,-3.8841211078841464,-3.8194081668895805,-4.899635015384046,-3.6063470559151227,-0.2704231720608306,-3.8265232445489783,-3.976300644281972,-3.032435984446387,-0.17529306076858064,-2.873094997464827,-1.9824905890857605,-2.4203258549860056,-4.191989853402747,-3.699051495824457,-2.0508698159519394,-1.939887362175173,-2.6840352949711193,-5.434606679017434,-2.6981073895379453,-2.6871216800881994,-3.5192355156397293,-5.184366960368747,1.0533866535128102,-2.6527233478120005,-0.7654920798821732,-4.574412337232022,-2.632151059352613,-5.464219321137267,-2.108071356043993,-4.243729579387136,-4.504465842048037,-2.236990295672105,-5.074042699078798,-3.7331813027200287,-3.370337737774138,-2.295255989355534,-5.492788116041617,-4.707520281294108,-3.4264962769575487,-2.885011428719081,-0.5509806400618199,-1.1643649752691378,-5.260223945994285,0.241917304628259,-4.507285138609688,-3.099964114912993,-4.324457883323599,-1.8662675791827905,-1.4049699564493001,-4.305320396115069,-2.331047969298859,-2.454145321197821,-3.981670030013091,-3.379339062189504,-4.109194861400333,-1.9152626463362008,0.5796066757002547,-3.1606997990468155,-3.882146074641968,-0.717397673932096,-3.3023536697216294,-3.4434167386880157,-3.4813543845184736,-2.604354979556188,0.7587562666751244,-4.19378855892721,-0.7537015022248686,0.09113917855830567,0.17861352372622197,-5.785108422955841,-3.1503056490806625,-3.594634158956562,-3.0600256866445195,-4.508669077595258,-2.5712702498542637,-4.5133232168171755,-3.0085751558453158,-4.536713807266593,-1.4441104663170885,-5.603823280025724,-0.9345071602195375,-4.444358964475137,-0.34791751858865316,-1.3666222465574105,-0.24527279095673998,-3.2226504374270526,-4.956193848299823,-3.2184439801197673,-4.070749904609523,-4.702234414433074,-5.847048882925684,-3.3646924936738474,-3.4246560982459195,-4.96818721869545,-3.174362025842388
1.4384714640157366,4.116342929703,-1.0680014262334483,-6.706161520672102,-1.6776717707163498,0.2398859798881373,-4.012512366402112,-3.950131516697545,-3.88527103196128,-4.965769974579711,-3.6698034562867345,-0.32370560711360885,-3.890773922150262,-4.045759803023851,-3.0928207640571452,-0.22923867933498449,-2.9317856241066416,-2.0422990857067402,-2.477616603588677,-4.258997460218975,-3.760840058346554,-2.112512584601691,-1.9982446428995992,-2.745554554571549,-5.500088673955839,-2.7600236508374625,-2.7497908458122637,-3.5840341222308156,-5.253372895776771,1.001191704355949,-2.7170989966455688,-0.8194531245405235,-4.64273996528731,-2.6920624773172026,-5.53524048664333,-2.164310089209672,-4.312942214608804,-4.571641873916011,-2.2997666906075773,-5.138512986073847,-3.7976511029051823,-3.435593082750276,-2.3534558497702087,-5.556080278394885,-4.777468180725641,-3.4874790398170328,-2.9464932694198014,-0.6064855671981996,-1.2194991955118064,-5.334457544038275,0.1883282242444434,-4.568415182217927,-3.1614769048316766,-4.394935092696984,-1.9304337401318012,-1.4586719574123115,-4.373228939443881,-2.389411287023798,-2.510978464197008,-4.044386841299557,-3.4433649860846636,-4.175691139768604,-1.9785769836631018,0.5285861978245174,-3.218576485526568,-3.9486362244827626,-0.7707368225237096,-3.368742177828403,-3.508831941067002,-3.5414080468247366,-2.6624586247741586,0.7083665288229086,-4.254478548587731,-0.8074497642863344,0.037416630293756636,0.1274559850616762,-5.855295145148099,-3.2134036925079137,-3.658629516540243,-3.1284652383901763,-4.576977445030089,-2.635615318374974,-4.573359422474334,-3.0703468457283956,-4.605133118937839,-1.5009430385201852,-5.676611381403002,-0.9884286171966963,-4.507768120245549,-0.40548611901888293,-1.4232167310705373,-0.2968292937084248,-3.286882962591463,-5.0239341565829285,-3.28343449932631,-4.138423444031086,-4.768724610532916,-5.920629838894554,-3.4304086160402116,-3.4887810997923054,-5.036064314391581,-3.235159185628028
1.442833690893561,5.34903354214916,-1.1247131873093246,-6.777598970393138,-1.7415153366061356,0.18710839084578712,-4.0792632366131025,-4.016141925510937,-3.951133897032986,-5.031904933775364,-3.7332598566583455,-0.37698804216639337,-3.955024599751521,-4.115218961765738,-3.153205543667884,-0.28318429790140087,-2.9904762507484497,-2.1021075823277258,-2.5349073521913166,-4.326005067035164,-3.822628620868633,-2.174155353251423,-2.0566019236239566,-2.8070738141719787,-5.565570668894249,-2.8219399121369486,-2.8124600115363467,-3.648832728821902,-5.322378831184775,0.9489967551991005,-2.7814746454791432,-0.8734141691988803,-4.711067593342573,-2.7519738952817923,-5.606261652149356,-2.220548822375364,-4.3821548498304725,-4.638817905783941,-2.362543085543055,-5.202983273068884,-3.862120903090335,-3.500848427726414,-2.4116557101848834,-5.619372440748158,-4.8474160801571875,-3.548461802676523,-3.0079751101205456,-0.6619904943345731,-1.2746334157544752,-5.408691142082265,0.1347391438606279,-4.629545225826136,-3.222989694750386,-4.465412302070394,-1.9945999010808373,-1.51237395837531,-4.441137482772718,-2.447774604748731,-2.5678116071961767,-4.107103652586024,-3.5073909099798044,-4.242187418136858,-2.041891320989978,0.4775657199487864,-3.2764531720062706,-4.01512637432357,-0.8240759711153107,-3.4351306859352073,-3.5742471434459873,-3.601461709130974,-2.7205622699921097,0.6579767909706988,-4.315168538248281,-0.8611980263477876,-0.01630591797079861,0.07629844639713668,-5.925481867340375,-3.2765017359351463,-3.7226248741239054,-3.1969047901358767,-4.645285812464907,-2.699960386895685,-4.633395628131468,-3.132118535611462,-4.673552430609096,-1.5577756107233502,-5.749399482780293,-1.042350074173874,-4.5711772760159235,-0.46305471944913146,-1.4798112155836702,-0.34838579646009726,-3.351115487755873,-5.091674464866003,-3.348425018532865,-4.206096983452656,-4.835214806632765,-5.9942107948634415,-3.496124738406613,-3.5529061013386904,-5.103941410087718,-3.2959563454136678
1.4471959177713858,2.36599256329707,-1.1814249483852133,-6.8490364201142055,-1.8053589024959151,0.13433080180344326,-4.146014106824055,-4.082152334324343,-4.016996762104698,-5.0980398929710224,-3.7967162570299697,-0.4302704772191591,-4.019275277352799,-4.184678120507617,-3.213590323278636,-0.3371299164678297,-3.0491668773902703,-2.161916078948674,-2.592198100793956,-4.393012673851367,-3.884417183390749,-2.2357981219011807,-2.1149592043483767,-2.868593073772402,-5.6310176936628125,-2.8838561734364774,-2.875129177260437,-3.711541265851144,-5.391384766592749,0.8968018060422331,-2.845850294312717,-0.9273752138572058,-4.779395221397843,-2.8118853132463446,-5.677282817655426,-2.2767875555410377,-4.451367485052141,-4.7059939376519075,-2.425319480478527,-5.267453560063939,-3.926590703275476,-3.566103772702551,-2.4698555705995644,-5.682664603101426,-4.9173639795887345,-3.6094445655360197,-3.0694569508212712,-0.7174954214709653,-1.329767635997125,-5.482924740126249,0.08115006347681242,-4.690675269434375,-3.284502484669077,-4.53588951144378,-2.0587660620298482,-1.566075959338309,-4.509239720337279,-2.506137922473682,-2.624644750195377,-4.169820463872465,-3.571416833874939,-4.308683696505111,-2.1052056583168604,0.4265452420730429,-3.3343298584860293,-4.081616524164371,-0.8774151197069118,-3.5015191940420065,-3.6396623458249424,-3.6615153714372237,-2.7786659152100803,0.607587053118483,-4.375858527908795,-0.9149462884092596,-0.07002846623533515,0.02514090773259725,-5.995668589532658,-3.3395997793623726,-3.7866202317075617,-3.265344341881545,-4.713594179899713,-2.764305455416414,-4.693431833788614,-3.193890225494572,-4.741971742280329,-1.6146081829264718,-5.822187584157577,-1.0962715311510578,-4.63458643178633,-0.5206233198793425,-1.5364057000968032,-0.39994229921180086,-3.4153480129202896,-5.1594147731491145,-3.4134155377394446,-4.273770522874232,-4.901705002732601,-6.0677917508323045,-3.56184086077299,-3.617031102885063,-5.171818505783836,-3.356753505199295
1.4515581446492105,3.43137942148874,-1.2381367094610898,-6.920473869835273,-1.869202468385701,0.08155321276109317,-4.212764977035045,-4.148162743137742,-4.08285962717641,-5.1641748521666875,-3.860172657401587,-0.4835529122719374,-4.083525954954076,-4.254137279249515,-3.273975102889419,-0.3910755350342398,-3.1078575040320855,-2.221724575569647,-2.649488849396609,-4.460020280667595,-3.9462057459128337,-2.297440890550919,-2.173316485072759,-2.930112333372813,-5.695957688826663,-2.9457724347359697,-2.9377983429845074,-3.7717460796883886,-5.460390702000772,0.844606856885372,-2.9102259431462727,-0.9813362585155624,-4.847722849453132,-2.8717967312109334,-5.74830398316147,-2.3330262887067295,-4.520580120273778,-4.773169969519863,-2.4880958754139924,-5.331923847058983,-3.991060503460642,-3.6313591176786826,-2.5280554310142263,-5.745956765454699,-4.9873118790202495,-3.670427328395504,-3.1309387915219915,-0.7730003486073639,-1.384901856239794,-5.557158338170257,0.02756098309298438,-4.751805313042596,-3.3460152745877982,-4.606366720817196,-2.1229322229788714,-1.6197779603013076,-4.579952444754344,-2.5645012401986023,-2.6814778931945336,-4.232537275158932,-3.635442757770086,-4.375179974873383,-2.168519995643761,0.37552476419728065,-3.392206544965738,-4.1481066740051595,-0.9307542682985255,-3.5679077021487924,-3.7050775482039597,-3.7215690337434735,-2.83676956042802,0.5571973152662797,-4.436548517569321,-0.9686945504707192,-0.12375101449989662,-0.02601663093194856,-6.065855311724928,-3.4026978227896114,-3.850615589291243,-3.3337838936272144,-4.781902547334551,-2.8286505239371316,-4.753468039445766,-3.2556619153776456,-4.8103910539515935,-1.6714407551295871,-5.894975685534868,-1.1501929881282291,-4.697995587556717,-0.5781919203095848,-1.5930001846099298,-0.45149880196349196,-3.479580538084707,-5.227155081432195,-3.4784060569459996,-4.3414440622958015,-4.968195198832449,-6.141372706801187,-3.627556983139379,-3.6811561044314356,-5.239695601479974,-3.4175506649849288
1.455920371527035,4.16916658079225,-1.294848470536966,-6.991911319556316,-1.9330460342754805,0.02877562371874931,-4.279515847246009,-4.214173151951147,-4.148722492248105,-5.23030981136234,-3.9236290577731916,-0.5368353473247219,-4.147776632555341,-4.323596437991395,-3.3343598825001584,-0.4450211536006562,-3.1665481306739,-2.28153307219062,-2.7067795979992546,-4.527027887483817,-4.007994308434931,-2.35908365920067,-2.231673765797154,-2.9916315929732367,-5.760897683990489,-3.0076886960354683,-3.000467508708585,-3.8319508935256446,-5.528054075770795,0.792411907728511,-2.9746015919798534,-1.0352973031739254,-4.916050477508401,-2.9317081491755106,-5.819325148667509,-2.389265021872415,-4.589792755495434,-4.840346001387842,-2.5508722703494646,-5.396394134054038,-4.0555303036457895,-3.696614462654839,-2.5862552914289143,-5.809248927807954,-5.057259778451783,-3.7314100912550066,-3.192420632222748,-0.8285052757437248,-1.440036076482469,-5.631391936214235,-0.026028097290837438,-4.812935356650811,-3.4075280645065016,-4.6768439301906,-2.187098383927876,-1.6734799612643,-4.650665169171402,-2.622864557923541,-2.738311036193709,-4.295254086445367,-3.699468681665227,-4.441676253241624,-2.2318343329706307,0.32450428632156836,-3.450083231445479,-4.214596823845948,-0.9840934168901265,-3.6342962102555783,-3.7704927505829087,-3.7816226960497366,-2.8948732056459905,0.5068075774140699,-4.49723850722986,-1.0224428125321974,-0.17747356276442688,-0.07717416959648182,-6.136042033917185,-3.4657958662168626,-3.914610946874924,-3.402223445372896,-4.8502109147693435,-2.892995592457855,-4.813504245102893,-3.3174336052607556,-4.8788103656228206,-1.7282733273327149,-5.967763786912121,-1.2041144451054069,-4.761404743327116,-0.6357605207398271,-1.6495946691230627,-0.5030553047151893,-3.5438130632491047,-5.294895389715319,-3.543396576152567,-4.409117601717371,-5.034685394932303,-6.214953662770075,-3.693273105505762,-3.745281105977827,-5.307572697176092,-3.478347824770556
1.4602825984048597,5.20595557602677,-1.3515602316128548,-7.06334876927737,-1.9968896001652663,-0.024001965323594554,-4.346266717456987,-4.28018356076454,-4.2145853573198355,-5.296444770557999,-3.987085458144797,-0.5901177823774939,-4.212027310156625,-4.3930555967333,-3.3947446621109103,-0.4989667721670725,-3.2252387573156893,-2.3413415688115937,-2.7640703466019003,-4.5940354943000195,-4.0697828709570345,-2.4207264278504024,-2.290031046521543,-3.0531508525736664,-5.825837679154315,-3.0696049573349597,-3.0631366744326494,-3.8921557073629076,-5.595398429134959,0.7402169585716749,-3.0389772408134155,-1.089258347832257,-4.984378105563677,-2.991619567140094,-5.8903463141735655,-2.445503755038101,-4.659005390717097,-4.907522033255791,-2.61364866528493,-5.460864421049081,-4.120000103830918,-3.7618698076309647,-2.6444551518435953,-5.872541090161234,-5.127207677883323,-3.7923928541144907,-3.2539024729234622,-0.8840102028800921,-1.495170296725144,-5.705625534258231,-0.07961717767465298,-4.8740654002590125,-3.4690408544252174,-4.7473211395640105,-2.251264544876912,-1.727181962227305,-4.721377893588461,-2.6812278756484806,-2.7951441791928966,-4.35797089773184,-3.7634946055603615,-4.508172531609914,-2.2951486702975257,0.2734838084458061,-3.5079599179252066,-4.281086973686749,-1.0374325654817276,-3.7006847183623703,-3.835907952961901,-3.8416763583559925,-2.952976850863955,0.45641783956186655,-4.557928496890399,-1.0761910745936445,-0.23119611102898213,-0.12833170826102758,-6.206228756109443,-3.5281688609899824,-3.978606304458599,-3.4706629971185645,-4.918519282204168,-2.9573406609785717,-4.8735404507600455,-3.379205295143848,-4.947229677294084,-1.7839341615273974,-6.040551888289412,-1.258035902082578,-4.824813899097509,-0.6933291211700506,-1.7061891536361957,-0.5546118074668679,-3.60804558841354,-5.362635697998412,-3.608387095359128,-4.476791141138929,-5.101175591032152,-6.28853461873895,-3.758989227872126,-3.8094061075241807,-5.375449792872211,-3.5391449845561773
1.4646448252826845,3.77589586417455,-1.4082719926887375,-7.134786218998432,-2.0607331660550523,-0.07677955436595713,-4.413017587667977,-4.346193969577951,-4.280448222391529,-5.362579729753658,-4.050541858516408,-0.6434002174302909,-4.27627798775789,-4.462514755475173,-3.4551294417216747,-0.5529123907334764,-3.2839293839574912,-2.4011500654325544,-2.821361095204572,-4.661043101116235,-4.131571433479119,-2.482369196500147,-2.348388327245944,-3.114670112174065,-5.890777674318147,-3.1315212186344707,-3.125805840156727,-3.9523605212001645,-5.663711276924013,0.6880220094147824,-3.1033528896469775,-1.1432193924906262,-5.052705733618985,-3.051530985104659,-5.961367479679616,-2.5017424882037926,-4.728218025938766,-4.974698065123746,-2.6764250602204074,-5.525334708044111,-4.184469904016084,-3.8271251526070955,-2.7026550122582824,-5.9358332525145014,-5.197155577314869,-3.853375616973981,-3.3153843136242003,-0.9395151300164906,-1.5503045169677876,-5.779859132302208,-0.13320625805846226,-4.935195443867228,-3.5305536443439136,-4.817798348937401,-2.315430705825917,-1.7808839631902975,-4.792090618005501,-2.739591193373432,-2.851977322192072,-4.420687709018288,-3.82752052945549,-4.574668809978162,-2.3584630076244015,0.22246333057006884,-3.5658366044049155,-4.347577123527532,-1.090771714073341,-3.76707322646915,-3.9013231553408687,-3.901730020662236,-3.0110804960819193,0.40602810170964443,-4.618618486550912,-1.129939336655129,-0.2849186592935374,-0.17948924692557333,-6.276415478301719,-3.589612445961574,-4.042601662042249,-3.5391025488642276,-4.986827649638999,-3.0216857294992705,-4.9335766564171974,-3.4409769850269454,-5.0156489889653235,-1.8391108790835997,-6.113339989666715,-1.3119573590597495,-4.888223054867908,-0.7508977216002805,-1.762783638149335,-0.6061683102185466,-3.6722781135779377,-5.4303760062814925,-3.6733776145656893,-4.544464680560505,-5.167665787132006,-6.362115574707851,-3.824705350238509,-3.873531109070572,-5.443326888568349,-3.5999421443418296
1.4690070521605092,-10.4677986245202,-1.4649837537646138,-7.20622366871948,-2.124576731944838,-0.1295571434082885,-4.479768457878929,-4.412204378391332,-4.346311087463247,-5.428714688949323,-4.113998258888045,-0.6966826524830567,-4.340528665359154,-4.531973914217072,-3.515514221332432,-0.6068580092999052,-3.3426200105993304,-2.4609585620535404,-2.878651843807199,-4.7280507079324625,-4.193359996001229,-2.544011965149898,-2.4067456079703513,-3.176189371774507,-5.955717669481972,-3.193437479933981,-3.188475005880804,-4.012565335037403,-5.732445505846568,0.6358270602579401,-3.1677285384805582,-1.1971804371489767,-5.12103336167426,-3.111442403069236,-6.032388645185667,-2.5579812213694906,-4.797430661160428,-5.041874096991712,-2.7392014551558983,-5.589804995039185,-4.248939704201231,-3.892380497583252,-2.760854872672957,-5.999125414867781,-5.267103476746415,-3.9143583798334776,-3.376866154324939,-0.9950200571528891,-1.6054387372104562,-5.8540927303462045,-0.18679533844230278,-4.996325487475448,-3.592066434262617,-4.888275558310818,-2.37959686677494,-1.8345859641533087,-4.862803342422585,-2.7979545110983706,-2.9088104651912587,-4.483404520304773,-3.891546453350636,-4.641165088346409,-2.421777344951309,0.17144285269431903,-3.6237132908846617,-4.414067273368351,-1.1441108626649485,-3.8334617345759545,-3.9667383577198487,-3.961783682968492,-3.0691841412998775,0.3556383638574536,-4.679308476211433,-1.1836875987165947,-0.33864120755808635,-0.23064678559011909,-6.346602200493982,-3.651056030933159,-4.106597019625924,-3.607542100609902,-5.055136017073793,-3.0860307980199995,-4.993612862074343,-3.5027486749100314,-5.084068300636588,-1.894287596639802,-6.186128091043968,-1.3658788160369395,-4.951632210638302,-0.8084663220305227,-1.8193781226624677,-0.6577248129702314,-3.7365106387423603,-5.4981163145645855,-3.738368133772263,-4.612138219982081,-5.2341559832318545,-6.435696530676727,-3.8904214726048982,-3.937656110616957,-5.51120398426448,-3.6607393041274507
1.4733692790383337,2.85322273257417,-1.5216955148404652,-7.276868740087403,-2.1884202978346234,-0.18233473245066362,-4.54651932808992,-4.478214787204736,-4.412173952534942,-5.494849648144969,-4.1774546592596495,-0.7499650875358349,-4.404779342960432,-4.601433072958963,-3.575899000943159,-0.6608036278663153,-3.4020688692109617,-2.5207670586744886,-2.935942592409863,-4.7950583147486645,-4.255148558523326,-2.6056547337996427,-2.4651028886947337,-3.237708631374918,-6.020657664645804,-3.2553537412334856,-3.2511441716048752,-4.072770148874666,-5.8011797347691045,0.5836321111010792,-3.2321041873141256,-1.2511414818073083,-5.18936098972953,-3.171353821033806,-6.103409810691711,-2.614219954535164,-4.866643296382065,-5.109050128859637,-2.801977850091345,-5.654275282034222,-4.3134095043863905,-3.9576358425593776,-2.8190547330876194,-6.062417577221061,-5.337051376177955,-3.975341142692974,-3.4383479950256772,-1.0505249842892563,-1.6605729574531436,-5.928326328390188,-0.24038441882611206,-5.057455531083681,-3.6535792241813194,-4.95875276768421,-2.443763027723951,-1.8882879651163011,-4.933516066839637,-2.85631782882331,-2.965643608190428,-4.546121331591208,-3.955572377245777,-4.707661366714693,-2.4850916822782034,0.12042237481859419,-3.6815899773643954,-4.48055742320914,-1.1974500112565685,-3.899850242682728,-4.032153560098829,-4.021837345274743,-3.127287786517842,0.3052486260052377,-4.739998465871965,-1.2374358607780542,-0.3923637558226354,-0.28180432425465235,-6.416788922686252,-3.7124996159047567,-4.170592377209599,-3.6759816523555777,-5.12344438450863,-3.1503758665407045,-5.053649067731477,-3.5645203647931103,-5.15248761230784,-1.949464314195973,-6.258916192421271,-1.4198002730141046,-5.015041366408702,-0.8660349224607587,-1.8759726071756069,-0.7092813157219351,-3.8007431639067715,-5.565856622847692,-3.8033586529788304,-4.679811759403645,-5.300646179331703,-6.509277486645597,-3.9561375949712874,-4.001781112163317,-5.579081079960611,-3.721536463913079
1.4777315059161584,3.48005802794352,-1.578407275916379,-7.346666892772387,-2.2522638637244095,-0.235112321492995,-4.6132701983008975,-4.544225196018136,-4.478036817606654,-5.560984607340628,-4.240911059631267,-0.8032475225886132,-4.469030020561697,-4.6708922317008685,-3.6362837805539296,-0.7147492464327442,-3.4617032560042498,-2.580575555295468,-2.993233341012491,-4.862065921564874,-4.3169371210454175,-2.6672975024493883,-2.523460169419141,-3.2992278909753416,-6.085597659809642,-3.3172700025329904,-3.3138133373289707,-4.132974962711929,-5.869913963691635,0.5314371619442055,-3.2964798361477126,-1.3051025264656713,-5.2576886177847815,-3.231265238998377,-6.174430976197762,-2.6704586877008305,-4.935855931603746,-5.176226160727616,-2.863961569728648,-5.718745569029277,-4.377879304571544,-4.022891187535522,-2.8772545935023004,-6.125709739574316,-5.406999275609496,-4.0363239055524645,-3.4998298357264037,-1.1060299114256424,-1.7157071776957937,-6.0025599264341905,-0.2939734992099338,-5.118585574691884,-3.7150920141000228,-5.029229977057607,-2.507929188672974,-1.9419899660793063,-5.004228791256689,-2.914681146548255,-3.022476751189622,-4.609074828820493,-4.019598301140924,-4.774157645082928,-2.5484060196050855,0.0694018969428507,-3.73946666384413,-4.547047573049942,-1.2507891598481695,-3.9662387507895014,-4.097568762477815,-4.081891007581011,-3.1853914317358125,0.2548588881530156,-4.800688455532491,-1.2911841228395138,-0.44608630408719063,-0.3329618629192106,-6.486975644878522,-3.773943200876335,-4.234587734793255,-3.7444212041012275,-5.191752751943436,-3.2145726146309928,-5.113685273388629,-3.626292054676214,-5.220906923979098,-2.0046410317521506,-6.331704293798543,-1.473721729991276,-5.0784505221790885,-0.923603522890976,-1.932567091688746,-0.7608378184736136,-3.864975689071194,-5.633596931130797,-3.868349172185373,-4.747485298825215,-5.367136375431551,-6.5828584426144845,-4.021853717337652,-4.065906113709702,-5.64695817565673,-3.7823336236987064
1.4820937327939832,-9.26657209581122,-1.6351190369922552,-7.416465045457358,-2.3161074296142017,-0.2878899105353326,-4.680021068511874,-4.6102356048315345,-4.543899682678366,-5.627119566536287,-4.304367460002885,-0.8565299576413852,-4.533280698162981,-4.740351390442754,-3.696668560164694,-0.7686948649991481,-3.521337642797569,-2.640384051916447,-3.0505240896151493,-4.929073528381083,-4.378725683567496,-2.728940271099108,-2.5818174501435234,-3.3607471505757527,-6.150537654973462,-3.379186263832482,-3.376482503053042,-4.193179776549185,-5.938648192614172,0.4792422127873568,-3.360855484981256,-1.3590635711240155,-5.326016245840082,-3.291176656962967,-6.245452141703819,-2.7266974208665475,-5.005068566825415,-5.243402192595565,-2.9251037275160305,-5.783215856024321,-4.442349104756685,-4.088146532511678,-2.9354544539169876,-6.189001901927602,-5.476947175041036,-4.097306668411942,-3.5613116764271355,-1.1615348385620408,-1.770841397938456,-6.076741103215327,-0.34756257959376186,-5.179715618300123,-3.776604804018713,-5.099707186431024,-2.572095349621998,-1.9956919670422923,-5.074941515673754,-2.9730444642731815,-3.0793098941888095,-4.673162706496425,-4.083624225036065,-4.840653923451212,-2.6117203569319685,0.018381419067107108,-3.797343350323864,-4.613537722890737,-1.3041283084397954,-4.032627258896312,-4.162983964856801,-4.141944669887248,-3.243495076953777,0.20446915030080592,-4.861378445193018,-1.3449323849009795,-0.49980885235173966,-0.38411940158374386,-6.557162367070786,-3.8353867858479394,-4.298583092376936,-3.8128607558469154,-5.260061119378242,-3.2772854352594987,-5.173721479045801,-3.6880637445593,-5.28932623565033,-2.05981774930834,-6.404492395175834,-1.5276431869684473,-5.141859677949488,-0.9811721233212121,-1.9891615762018728,-0.8123943212253111,-3.929208214235598,-5.701337239413884,-3.933339691391934,-4.815158838246785,-5.433626571531393,-6.656439398583366,-4.087569839704047,-4.130031115256082,-5.714835271352873,-3.8431307834843462
1.4864559596718079,-9.611091587862,-1.6918307980681129,-7.486263198142318,-2.379950995503956,-0.3406674995777014,-4.746771938722827,-4.676246013644921,-4.609762547750079,-5.693254525731964,-4.367823860374502,-0.9098123926941573,-4.597531375764253,-4.80981054918464,-3.7570533397754335,-0.8226404835655706,-3.580972029590882,-2.700192548537408,-3.107814838217795,-4.996081135197317,-4.440514246089618,-2.790583039748878,-2.6401747308679377,-3.4222664101761824,-6.2154776501373,-3.4411025251319742,-3.4382096073769404,-4.253384590386429,-6.007382421536722,0.42704726363047696,-3.4252311338148305,-1.413024615782366,-5.395573975556711,-3.3510880749275627,-6.316473307209869,-2.7829361540322024,-5.074281202047077,-5.31057822446355,-2.9862458853034637,-5.84768614301937,-4.506818904941851,-4.153401877487841,-2.993654314331656,-6.252294064280857,-5.54689507447257,-4.158289431271445,-3.6227935171278736,-1.217039765698408,-1.8259756181811373,-6.150441533696478,-0.4011516599775836,-5.240845661908344,-3.838117593937441,-5.1701843958044345,-2.636261510571015,-2.0493939680053037,-5.145654240090819,-3.03140778199812,-3.1361430371879786,-4.737250584172321,-4.147650148931212,-4.907150201819466,-2.6750346942588568,-0.032639058808642596,-3.8552200368035976,-4.680027872731538,-1.357467457031403,-4.099015767003086,-4.228399167235793,-4.201998332193511,-3.301598722171729,0.1540794124485776,-4.922068434853531,-1.3986806469624515,-0.5535314006162824,-0.43527694024829583,-6.626804641928083,-3.8968303708195053,-4.362578449960592,-3.881300307592597,-5.328369486813073,-3.3399982558879913,-5.233757684702903,-3.7498354344423914,-5.357745547321601,-2.114994466864555,-6.477280496553112,-1.5815646439456186,-5.205268833719875,-1.038740723751448,-2.045756060714993,-0.8639508239770022,-3.9934407394000084,-5.769077547696989,-3.998330210598515,-4.882832377668361,-5.500116767631248,-6.730020354552236,-4.1532859620704174,-4.195400239628837,-5.782712367048991,-3.9039279432699923
1.4908181865496324,-9.78411279710294,-1.7485425591439956,-7.556061350827276,-2.443794561393754,-0.3934450886200328,-4.813522808933811,-4.742013866853351,-4.675625412821785,-5.759389484927617,-4.431280260746114,-0.9630948277469292,-4.661782053365517,-4.879269707926513,-3.817438119386197,-0.8765861021319745,-3.6406064163841823,-2.7600010451583694,-3.165105586820448,-5.063088742013507,-4.502302808611703,-2.8522258083986163,-2.69853201159232,-3.4837856697765996,-6.280417645301139,-3.5030187864314852,-3.499254106213545,-4.313589404223686,-6.076116650459271,0.37485231447362843,-3.4896067826483925,-1.4669856604407103,-5.4652660038894,-3.410999492892114,-6.387494472715908,-2.839174887197882,-5.1434938372687276,-5.377754256331492,-3.047388043090871,-5.912156430014407,-4.571288705126992,-4.218657222463941,-3.051854174746331,-6.315586226634124,-5.616842973904085,-4.219272194130923,-3.6842753578286063,-1.272544692834794,-1.8811098384237999,-6.224141964177622,-0.45474074036139916,-5.301975705516577,-3.899630383856138,-5.240661605177844,-2.7004276715200195,-2.1030959689682964,-5.216366964507865,-3.08977109972306,-3.192976180187154,-4.801338461848266,-4.211676072826328,-4.973646480187738,-2.7383490315857326,-0.08365953668438614,-3.913096723283319,-4.746518022572339,-1.410806605622979,-4.165404275109871,-4.293814369614767,-4.262051994499749,-3.3597023673896738,0.10368967459637413,-4.982758424514076,-1.4524289090239049,-0.6072539488808439,-0.4864344789128229,-6.695367917242722,-3.958273955791097,-4.426573807544261,-3.9497398593382655,-5.396677854247873,-3.402711076516497,-5.293793890360061,-3.8116071243254837,-5.426164858992822,-2.170171184420713,-6.5500685979304025,-1.6354861009227901,-5.268677989490275,-1.096309324181678,-2.1023505452281324,-0.9155073267286683,-4.057673264564431,-5.83681785598007,-4.06332072980507,-4.950505917089925,-5.566606963731096,-6.803601310521118,-4.219002084436807,-4.260889694915056,-5.85058946274511,-3.9647251030556196
1.4951804134274571,-9.44996311747037,-1.805254320219903,-7.625859503512229,-2.5076381272835278,-0.44622267766237667,-4.880273679144801,-4.806406718334802,-4.741488277893497,-5.825524444123276,-4.4947366611177495,-1.01637726279972,-4.726032730966801,-4.948728866668412,-3.877822898996955,-0.9305317206983971,-3.700240803177489,-2.8198095417793487,-3.2223963354231184,-5.130096348829734,-4.564091371133801,-2.913868577048355,-2.756889292316721,-3.5453049293770107,-6.345357640464964,-3.5649350477309953,-3.56029860505015,-4.373794218060949,-6.144850879381808,0.3226573653167736,-3.5539824314819795,-1.5209467050990608,-5.534958032222069,-3.4709109108566913,-6.458515638221947,-2.895413620363592,-5.21270647249039,-5.444930288199435,-3.1085302008783033,-5.9766267170094745,-4.635758505312158,-4.283912567440091,-3.1100540351610118,-6.3788783889874034,-5.686790873335643,-4.280254956990433,-3.7457571985293567,-1.3280496199711802,-1.9362440586664746,-6.29784239465879,-0.5083298207452209,-5.363105749124785,-3.9611431737748344,-5.3111388145512235,-2.7645938324690613,-2.15679796993132,-5.287079688924924,-3.148134417448005,-3.249809323186322,-4.8654263395241735,-4.275701996721475,-5.040142758555991,-2.801663368912627,-0.13468001456011092,-3.9709734097630403,-4.813008172413115,-1.4641457542146052,-4.231792783216676,-4.359229571993734,-4.322105656805986,-3.417806012607657,0.05329993674415823,-5.043448414174596,-1.5061771710853642,-0.6609764971453991,-0.5375920175773561,-6.763931192557347,-4.019717540762688,-4.490569165127924,-4.018179411083941,-5.464986221682698,-3.4654238971450093,-5.353830096017201,-3.8733788142085688,-5.494584170664092,-2.2253479019769156,-6.6228566993076745,-1.6894075578999677,-5.33208714526068,-1.153877924611914,-2.158945029741278,-0.9670638294803906,-4.121905789728835,-5.904558164263169,-4.128311249011631,-5.0181794565115005,-5.633097159830938,-6.8771822664900055,-4.284718206803177,-4.3263791502013,-5.918466558441241,-4.025522262841241
1.4995426403052818,3.31547113082076,-1.8619660812957544,-7.69565765619722,-2.57148169317332,-0.49900026670473924,-4.947024549355766,-4.870799569816247,-4.807351142965203,-5.8916594033189345,-4.558193061489349,-1.0696596978524981,-4.790283408568085,-5.01818802541031,-3.9382076786076947,-0.9844773392648134,-3.759875189970777,-2.879618038400322,-3.279687084025765,-5.197103955645943,-4.624684245575493,-2.9755113456981057,-2.815246573041116,-3.606824188977434,-6.4102976356287895,-3.6268513090304815,-3.6213431038867547,-4.433999031898206,-6.213585108304345,0.27046241615991873,-3.618358080315553,-1.5749077497574049,-5.604650060554764,-3.530822328821275,-6.52953680372801,-2.9516523535292656,-5.281919107712058,-5.512106320067402,-3.169672358665699,-6.041097004004505,-4.7002283054972995,-4.349167912416229,-3.1682538955757114,-6.442170551340671,-5.756738772767177,-4.341237719849911,-3.8072390392300894,-1.3835545471075785,-1.9913782789091372,-6.371542825139947,-0.5619189011290427,-5.424235792733013,-4.0226559636935315,-5.381616023924621,-2.828759993418072,-2.210499970894287,-5.3577924133419765,-3.2064977351729436,-3.30664246618551,-4.929514217200106,-4.339727920616628,-5.106639036924263,-2.864977706239535,-0.18570049243586073,-4.028850096242787,-4.8794983222539345,-1.5174849028062063,-4.298181291323449,-4.424644774372714,-4.382159319112261,-3.4759096578256026,0.0029101988919486566,-5.104138403835129,-1.5599254331468426,-0.7146990454099357,-0.5887495562419082,-6.832494467871992,-4.081161125734267,-4.554564522711612,-4.08661896282961,-5.533294589117515,-3.528136717773503,-5.413866301674347,-3.9351505040916672,-5.563003482335319,-2.280524619533118,-6.695644800684953,-1.743329014877139,-5.3954963010310735,-1.21144652504215,-2.215539514254398,-1.0186203322320693,-4.18613831489324,-5.97229847254625,-4.193301768218192,-5.085852995933052,-5.699587355930793,-6.950763222458863,-4.3504343291695795,-4.3918686054875185,-5.9863436541373725,-4.086319422626881
1.5039048671831066,-10.221109098624,-1.9186778423716682,-7.765455808882179,-2.6353252590631,-0.5517778557470768,-5.01377541956675,-4.935192421297705,-4.8732140080369035,-5.957794362514587,-4.621649461860972,-1.122942132905289,-4.854534086169343,-5.087647184152209,-3.9985924582184653,-1.038422957831236,-3.8195095767641023,-2.9394265350212825,-3.336977832628386,-5.264111562462146,-4.6848621889287125,-3.037154114347838,-2.8736038537655233,-3.6683434485778763,-6.475237630792622,-3.6887675703299854,-3.682387602723378,-4.49420384573545,-6.2823193372269,0.21826746700305133,-3.682733729149115,-1.6288687944157492,-5.674342088887471,-3.590733746785852,-6.600557969234073,-3.0078910866949515,-5.351131742933714,-5.579282351935363,-3.230814516453119,-6.105567290999573,-4.76469810568244,-4.414423257392373,-3.2264537559903737,-6.5054627136939445,-5.826686672198729,-4.40222048270942,-3.868720879930815,-1.4390594742439582,-2.046512499151812,-6.445243255621097,-0.6155079815128582,-5.485365836341215,-4.084168753612259,-5.452093233298037,-2.892926154367064,-2.2642019718572985,-5.428505137759041,-3.264861052897876,-3.3634756091846914,-4.993602094876026,-4.403753844511762,-5.173135315292516,-2.9282920435664046,-0.2367209703116105,-4.086726782722521,-4.945988472094711,-1.5708240513978198,-4.364569799430248,-4.4900599767517,-4.442212981418517,-3.534013303043573,-0.04747953896026724,-5.164828393495661,-1.6136736952082957,-0.7684215936744784,-0.6399070949064414,-6.901057743186612,-4.142604710705878,-4.6185598802952805,-4.155058514575285,-5.601602956552334,-3.5908495384020016,-5.473902507331487,-3.996922193974765,-5.631422794006577,-2.335701337089289,-6.76843290206225,-1.797250471854329,-5.458905456801454,-1.2690151254723923,-2.2721339987675497,-1.0701768349837604,-4.250370840057644,-6.040038780829349,-4.258292287424753,-5.153526535354653,-5.766077552030648,-7.024344178427757,-4.416150451535956,-4.457358060773768,-6.0542207498335285,-4.147116582412514
1.508267094060931,2.67165410907945,-1.975389603447532,-7.835253961567125,-2.699168824952891,-0.604555444789427,-5.080526289777721,-4.999585272779169,-4.939076873108628,-6.023929321710245,-4.685105862232578,-1.1762245679580485,-4.918784763770621,-5.157106342894107,-4.058977237829217,-1.0923685763976398,-3.8791439635574214,-2.999235031642262,-3.394268581231044,-5.331119169278374,-4.745040132281932,-3.0987968829975703,-2.9319611344899057,-3.729862708178268,-6.540177625956466,-3.750683831629484,-3.7434321015600016,-4.554408659572713,-6.351053566149437,0.16607251784619026,-3.747109377982677,-1.6828298390741183,-5.7440341172201475,-3.6506451647504417,-6.671579134740117,-3.0641298198606366,-5.420344378155376,-5.646458383803306,-3.2919566742405326,-6.170037577994609,-4.829167905867593,-4.479678602368524,-3.2846536164050546,-6.568754876047212,-5.89663457163025,-4.46320324556891,-3.9302027206315353,-1.4945644013803507,-2.101646719394468,-6.518943686102241,-0.6690970618966801,-5.546495879949436,-4.145681543530937,-5.522570442671442,-2.9570923153161006,-2.3179039728202913,-5.4992178621761125,-3.3232243706228344,-3.420308752183873,-5.05768997255194,-4.4677797684068965,-5.23963159366077,-2.991606380893299,-0.2877414481873415,-4.144603469202236,-5.012478621935512,-1.6241631999894335,-4.430958307537021,-4.555475179130674,-4.502266643724748,-3.5921169482615376,-0.09786927681246438,-5.225518383156181,-1.6674219572697804,-0.8221441419390274,-0.6910646335709871,-6.969621018501244,-4.204048295677431,-4.682555237878949,-4.223498066320942,-5.667258108334751,-3.653562359030489,-5.533938712988645,-4.059236073541672,-5.699842105677835,-2.3908780546454915,-6.841221003439528,-1.851171928831494,-5.522314612571853,-1.3265837259026156,-2.3287284832806643,-1.121733337735439,-4.314603365222073,-6.107779089112448,-4.323282806631321,-5.221200074776198,-5.832567748130477,-7.097925134396627,-4.481866573902339,-4.522847516060006,-6.122097845529629,-4.207913742198129
1.5126293209387558,-8.88674924036548,-2.0321013645234087,-7.905052114252103,-2.7630123908426647,-0.6573330338317771,-5.147277159988705,-5.063978124260614,-5.00493973818034,-6.09006428090591,-4.748562262604195,-1.2295070030108266,-4.983035441371873,-5.226565501635998,-4.119362017439956,-1.146314194964075,-3.9387783503507032,-3.0590435282632225,-3.451559329833696,-5.39812677609457,-4.80521807563514,-3.160439651647347,-2.9903184152143067,-3.7913819677787046,-6.605117621120267,-3.812600092928995,-3.8044766003966064,-4.614613473409957,-6.4197877950719615,0.11387756868932286,-3.8114850268162455,-1.7367908837324562,-5.813726145552842,-3.7105565827149993,-6.742600300246155,-3.120368553026335,-5.489557013377039,-5.714804161949493,-3.3530988320279533,-6.234507864989659,-4.893637706052759,-4.5449339473446555,-3.342853476819723,-6.632047038400492,-5.966582471061804,-4.524186008428419,-3.9916845613322796,-1.5500693285167177,-2.1567809396371436,-6.592644116583386,-0.7226861422804955,-5.60762592355765,-4.207194333449647,-5.593047652044839,-3.0212584762651113,-2.3716059737833026,-5.569930586593158,-3.3815876883477545,-3.477141895183042,-5.121777850227873,-4.53180569230205,-5.306127872029016,-3.0549207182202,-0.3387619260630851,-4.20248015568197,-5.078968771776319,-1.6775023485810407,-4.497346815643813,-4.6208903815096605,-4.562320306031017,-3.650220593479496,-0.14825901466469277,-5.286208372816688,-1.7222759865112067,-0.8758666902035827,-0.7422221722355329,-7.03818429381587,-4.265491880649042,-4.746550595462618,-4.291937618066623,-5.73275987672761,-3.716275179659007,-5.593974918645792,-4.122344033715536,-5.768261417349087,-2.4460547722016814,-6.914009104816806,-1.905093385808653,-5.58572376834226,-1.3841523263328392,-2.3853229677938033,-1.1732898404871301,-4.378835890386483,-6.175519397395541,-4.388273325837869,-5.28887361419778,-5.899057944230351,-7.171506090365496,-4.547582696268728,-4.588336971346212,-6.189974941225772,-4.26871090198377
1.5169915478165805,-9.7085541078093,-2.088813125599285,-7.974850266937069,-2.8268559567324507,-0.7092618806369315,-5.214028030199664,-5.128370975742053,-5.07080260325204,-6.156199240101556,-4.812018662975801,-1.2827894380636113,-5.04728611897317,-5.296024660377879,-4.17974679705072,-1.2002598135304665,-3.99841273714401,-3.1188520248841956,-3.5088500784363426,-5.465134382910791,-4.86539601898836,-3.222082420297067,-3.0486756959387016,-3.852901227379115,-6.670057616284118,-3.874516354228505,-3.865521099233211,-4.67481828724722,-6.488522023994511,0.06168261953249299,-3.8758606756498324,-1.7907519283908067,-5.8834181738855245,-3.7704680006795765,-6.813621465752212,-3.1766072861920023,-5.558769648598695,-5.7833138162198345,-3.414240989815367,-6.298978151984702,-4.958107506237907,-4.610189292320786,-3.4010533372344227,-6.6953392007537404,-6.03653037049335,-4.585168771287885,-4.053166402033025,-1.6055742556530976,-2.2119151598798057,-6.66634454706456,-0.776275222664311,-5.668755967165877,-4.268707123368356,-5.663524861418249,-3.0854246372141345,-2.425307974746282,-5.64064331101023,-3.439951006072712,-3.5339750381822235,-5.185865727903787,-4.595831616197166,-5.3726241503972885,-3.1182350555470766,-0.38978240393882235,-4.26035684216171,-5.145458921617108,-1.7308414971726482,-4.563735323750605,-4.6863055838886405,-4.622373968337267,-3.7083242386974415,-0.1986487525168899,-5.346898362477221,-1.7773576319100757,-0.9295892384681255,-0.7933797109000786,-7.106747569130501,-4.326935465620639,-4.81054595304628,-4.360377169812298,-5.79826164512045,-3.778988000287506,-5.654011124302931,-4.185451993889419,-5.8366807290203635,-2.5012314897578647,-6.986797206194097,-1.959014842785837,-5.649132924112647,-1.4417209267630877,-2.44191745230693,-1.2248463432388337,-4.4430684155509,-6.24325970567864,-4.453263845044437,-5.3565471536193625,-5.965548140330168,-7.245087046334378,-4.613298818635086,-4.653826426632462,-6.257852036921885,-4.329508061769397
1.5213537746944052,-9.86060093389748,-2.1455248866751733,-8.044648419622034,-2.8906995226222243,-0.7604492457518702,-5.280778900410641,-5.192763827223529,-5.136665468323747,-6.22233419929724,-4.875475063347424,-1.3360718731163894,-5.111536796574454,-5.3654838191197705,-4.240131576661472,-1.2542054320968952,-4.058047123937298,-3.1786605215051695,-3.566140827039007,-5.532141989726994,-4.92557396234158,-3.283725188946824,-3.10703297666309,-3.9144204869795383,-6.73499761144793,-3.936432615528016,-3.926565598069841,-4.735023101084464,-6.557256252917067,0.00948767037560072,-3.9402363244833882,-1.8447129730491758,-5.9531102022182,-3.8306426140356296,-6.884642631258269,-3.2328460193576873,-5.62798228382037,-5.851823470490207,-3.4753831476028125,-6.36344843897977,-5.022577306423054,-4.6754446372969305,-3.4592531976490726,-6.758631363107014,-6.106478269924865,-4.646151534147387,-4.114648242733744,-1.6610791827894897,-2.2670493801224807,-6.740044977545685,-0.8298643030481454,-5.729886010774105,-4.330219913287059,-5.734002070791635,-3.1495907981631577,-2.4790099757092996,-5.711356035427263,-3.498314323797632,-3.5908081811813917,-5.249953605579688,-4.659857540092338,-5.439120428765555,-3.1815493928739587,-0.4408028818145721,-4.318233528641432,-5.211949071457915,-1.7841806457642555,-4.630123831857411,-4.751720786267608,-4.6824276306435175,-3.7664278839153997,-0.2490384903691183,-5.407588352137753,-1.8324392773089384,-0.9833117867326806,-0.8445372495646432,-7.175310844445146,-4.388379050592212,-4.874541310629949,-4.428816721557974,-5.863763413513284,-3.8417008209160057,-5.714047329960083,-4.248559954063321,-5.905100040691578,-2.556408207314054,-7.059585307571368,-2.0129362997629956,-5.71254207988304,-1.4992895271933113,-2.4985119368200754,-1.2764028459905,-4.507300940715304,-6.311000013961733,-4.518254364251004,-5.424220693040926,-6.032038336430035,-7.318668002303273,-4.679014941001488,-4.719315881918694,-6.325729132618035,-4.390305221555031
1.5257160015722298,3.58015182601118,-2.202236647751044,-8.114446572306987,-2.9545430885120094,-0.8116366108668278,-5.347529770621606,-5.257156678704968,-5.202528333395446,-6.2884691584928865,-4.938931463719054,-1.3893543081691553,-5.175787474175699,-5.43494297786165,-4.300516356272243,-1.3081510506633052,-4.117681510730623,-3.23846901812613,-3.623431575641641,-5.599149596543222,-4.985751905694818,-3.3453679575965563,-3.165390257387486,-3.975939746579974,-6.799937606611775,-3.998348876827495,-3.9862945773781675,-4.795227914921721,-6.625990481839597,-0.0427072787812417,-4.004611973316949,-1.8986740177075012,-6.022802230550882,-3.891874392845467,-6.955663796764307,-3.2890847525233733,-5.697194919042014,-5.920333124760548,-3.5365253053902013,-6.427918725974794,-5.087047106608195,-4.740699982273087,-3.5174530580637535,-6.8219235254602815,-6.176426169356405,-4.707134297006878,-4.176130083434482,-1.7165841099258758,-2.3221836003651433,-6.813745408026855,-0.8834533834319609,-5.791016054382313,-4.391732703205755,-5.804479280165051,-3.2137569591121755,-2.532711976672286,-5.782068759844341,-3.556677641522578,-3.6476413241806043,-5.314041483255633,-4.723883463987472,-5.505616707133801,-3.2448637302008345,-0.49182335969030316,-4.3761102151211535,-5.278439221298716,-1.837519794355869,-4.697683922748646,-4.817135988646594,-4.742481292949767,-3.8245315291333766,-0.2994282282213279,-5.468278341798304,-1.887520922707826,-1.037034334997211,-0.8956947882291826,-7.243874119759772,-4.44982263556379,-4.938536668213618,-4.497256273303636,-5.929265181906142,-3.904413641544499,-5.774083535617223,-4.311667914237192,-5.973519352362842,-2.6115849248702627,-7.132373408948658,-2.0668577567402044,-5.775951235653439,-1.5568581276235725,-2.555106421333221,-1.3279593487421972,-4.5715334658797335,-6.378740322244832,-4.583244883457553,-5.491894232462471,-6.098528532529883,-7.39224895827213,-4.744731063367858,-4.784805337204931,-6.393606228314146,-4.451102381340652
1.5300782284500545,1.84230381599072,-2.2589484088269325,-8.184244724991958,-3.018386654401789,-0.862823975981804,-5.414280640832583,-5.321549530186394,-5.268391198467165,-6.354604117688545,-5.002387864090665,-1.442636743221946,-5.240038151776996,-5.504402136603542,-4.3609011358829886,-1.3620966692297467,-4.177315897523936,-3.2982775147471095,-3.6807223242442992,-5.666157203359437,-5.045929849048044,-3.4070107262462948,-3.2237475381118808,-4.037459006180367,-6.864877601775588,-4.060265138126987,-4.044569138298301,-4.855432728758978,-6.694724710762134,-0.09490222793809655,-4.068987622150549,-1.952635062365858,-6.0924942588835584,-3.953106171655298,-7.02668496227037,-3.345323485689053,-5.76640755426367,-5.988842779030908,-3.5976674631776406,-6.492389012969849,-5.151516906793348,-4.805955327249213,-3.5756529184784407,-6.885215687813555,-6.246374068787951,-4.768117059866356,-4.237611924135215,-1.772089037062243,-2.377317820607799,-6.887445838508011,-0.9370424638157764,-5.852146097990534,-4.453245493124465,-5.874956489538461,-3.27792312006118,-2.5864139776352912,-5.852781484261374,-3.6150409592475166,-3.7044744671797796,-5.378129360931547,-4.7879093878826255,-5.57211298550208,-3.308178067527729,-0.5428438375660405,-4.4339869016008935,-5.344929371139498,-1.8908589429474703,-4.765391267732493,-4.882551191025568,-4.8025349552560295,-3.8826351743513348,-0.3498179660735438,-5.528968331458805,-1.9426025681067138,-1.0907568832617724,-0.9468523268937159,-7.312437395074392,-4.511266220535376,-5.002532025797293,-4.56569582504933,-5.994766950298982,-3.9671264621730042,-5.8341197412743755,-4.374775874411087,-6.041938664034087,-2.6667616424264464,-7.205161510325955,-2.1207792137173573,-5.839360391423838,-1.6144267280537772,-2.6117009058463534,-1.3795158514938821,-4.635765991044138,-6.446480630527944,-4.648235402664108,-5.559567771884066,-6.165018728629719,-7.465829914241024,-4.810447185734241,-4.850294792491175,-6.461483324010271,-4.511899541126286
1.5344404553278792,2.41988564313601,-2.3156601699028085,-8.254042877676936,-3.0822302202915752,-0.9140113410967554,-5.481031511043549,-5.385942381667864,-5.334254063538864,-6.420739076884204,-5.06584426446227,-1.495919178274718,-5.304288829378255,-5.573861295345447,-4.42128591549374,-1.4160422877961443,-4.236950284317249,-3.358086011368095,-3.7380130728469387,-5.733164810175646,-5.106107792401252,-3.468653494896027,-3.282104818836288,-4.0989782657808025,-6.929817596939427,-4.122181399426511,-4.102843699218402,-4.915637542596241,-6.763458939684677,-0.14709717709497638,-4.133363270984092,-2.006596107024208,-6.162186287216253,-4.014337950465148,-7.0977061277764095,-3.4015622188547576,-5.834735570138885,-6.057352433301281,-3.658809620965042,-6.5568592999648985,-5.215986706978508,-4.871210672225369,-3.6338527788931216,-6.948507850166829,-6.316321968219509,-4.829099822725852,-4.299093764835934,-1.8275939641986292,-2.4324520408504746,-6.961146268989161,-0.9906315441996232,-5.91327614159878,-4.514758283043161,-5.945433698911853,-3.3420892810102156,-2.6401159785983026,-5.923494208678452,-3.6734042769724677,-3.7613076101789487,-5.442217238607461,-4.851935311777748,-5.638609263870345,-3.371492404854637,-0.593864315441809,-4.491863588080609,-5.411419520980312,-1.9441980915390589,-4.833098612716316,-4.947966393404554,-4.862588617562285,-3.940738819569293,-0.4002077039257347,-5.5896583211193445,-1.9976842135055952,-1.1444794315263214,-0.9980098655582617,-7.38100067038903,-4.572709805506979,-5.066527383380968,-4.6341353767949744,-6.060268718691828,-4.029839282801498,-5.894155946931503,-4.437883834584958,-6.110357975705358,-2.72193835998263,-7.277949611703227,-2.1755663578413396,-5.9027695471942385,-1.6719953284840194,-2.668295390359474,-1.4307666369981564,-4.699998516208548,-6.514220938811018,-4.713225921870676,-5.62724131130563,-6.231508924729574,-7.5394108702099,-4.876163308100612,-4.9157842477774,-6.529360419706403,-4.572696700911945
1.538802682205704,-10.9024380339316,-2.372371930978698,-8.323841030361901,-3.1460737861813675,-0.9651987062117191,-5.547782381254533,-5.450335233149322,-5.400116928610584,-6.488121839096322,-5.129300664833888,-1.5492016133275088,-5.368539506979531,-5.643320454087345,-4.481670695104492,-1.4699879063625794,-4.296584671110556,-3.418242742969217,-3.7953038214495916,-5.800172416991855,-5.166285735754472,-3.530296263545784,-3.340462099560683,-4.160497525381238,-6.994757592103265,-4.184097660726021,-4.1611182601385535,-4.975842356433472,-6.832193168607226,-0.19929212625181247,-4.197738919817685,-2.0605571516825654,-6.231878315548948,-4.075569729274973,-7.168727293282448,-3.4578009520204303,-5.902808439277594,-6.125862087571641,-3.7199517787524616,-6.6213295869599476,-5.280456507163655,-4.936466017201488,-3.692052639307815,-7.011800012520115,-6.386269867651025,-4.890082585585349,-4.360575605536667,-1.8830988913350213,-2.487586261093149,-7.034846699470318,-1.0442206245834074,-5.974406185206994,-4.576271072961883,-6.015910908285244,-3.406255441959239,-2.693817979561288,-5.9942069330955166,-3.731767594697401,-3.81814075317813,-5.506305116283388,-4.915961235672876,-5.705105542238599,-3.4348067421815127,-0.6448847933175338,-4.549740274560368,-5.477909670821107,-1.9975372401306974,-4.900805957700119,-5.013381595783527,-4.9226422798685165,-3.998842464787251,-0.45059744177797556,-5.650348310779883,-2.0527658589044577,-1.1982019797908703,-1.0491674042228074,-7.44956394570365,-4.634153390478565,-5.130522740964618,-4.7025749285406615,-6.1257704870846865,-4.092552103430004,-5.954192152588661,-4.5009917947588605,-6.178777287376591,-2.77711507753882,-7.350737713080499,-2.2307958376370047,-5.966178702964619,-1.7295639289142493,-2.724889874872601,-1.4818023277797878,-4.764231041372946,-6.581961247094117,-4.778216441077237,-5.694914850727193,-6.297999120829434,-7.612991826178794,-4.941879430467007,-4.981273703063637,-6.597237515402534,-4.633493860697547
1.5431649090835284,1.49651118833715,-2.4290836920545678,-8.39363918304686,-3.209917352071159,-1.0163860713266517,-5.614533251465516,-5.51472808463078,-5.465979793682302,-6.555561430092597,-5.192757065205518,-1.6024840483802745,-5.4332140589438325,-5.712779612829205,-4.54205547471525,-1.5239335249289832,-4.356219057903838,-3.479352575971169,-3.852594570052231,-5.867180023808051,-5.226463679107692,-3.59193903219553,-3.3988193802850777,-4.222016784981643,-7.059697587267085,-4.246013922025507,-4.219392821058661,-5.036047170270754,-6.900927397529763,-0.2514870754086861,-4.262114568651241,-2.1145181963408968,-6.301570343881611,-4.13680150808481,-7.239748458788486,-3.5140396851861038,-5.970881308416342,-6.194371741841989,-3.781093936539876,-6.685799873954978,-5.344926307348809,-5.001721362177644,-3.7502524997224835,-7.075092174873376,-6.456217767082571,-4.951065348444858,-4.422057446237417,-1.9386038184714012,-2.542720481335806,-7.108547129951474,-1.0978097049672604,-6.035536228815209,-4.637783862880574,-6.086388117658667,-3.4704216029082433,-2.747519980524281,-6.064919657512551,-3.79013091242234,-3.8749738961772993,-5.5703929939593015,-4.979987159568029,-5.771601820606864,-3.498121079508401,-0.6959052711932647,-4.607616961040077,-5.544399820661895,-2.0508763887222923,-4.968513302683955,-5.078796798162507,-4.982695942174786,-4.056946110005228,-0.5009871796301852,-5.711038300440396,-2.107847504303333,-1.2519245280554132,-1.1003249428873532,-7.518127221018282,-4.695596975450155,-5.194518098548286,-4.771014480286343,-6.19127225547752,-4.155264924058496,-6.014228358245807,-4.564099754932731,-6.247196599047837,-2.83229179509501,-7.423525814457784,-2.2860253174326948,-6.0295878587350185,-1.7871325293444729,-2.7814843593857397,-1.532838018561413,-4.828463566537369,-6.64970155537723,-4.8432069602838235,-5.762588390148788,-6.3644893169293075,-7.68657278214767,-5.0075955528333775,-5.046763158349869,-6.665114611098665,-4.694291020483187
1.5475271359613532,-8.90361943562552,-2.48579545313045,-8.46343733573182,-3.273760917960926,-1.067573436441628,-5.681284121676475,-5.5791209361122185,-5.5318426587539955,-6.623001021088834,-5.256213465577111,-1.6557664834330652,-5.49876159781145,-5.782238771571104,-4.60244025432602,-1.5778791434953934,-4.415853444697157,-3.540462408973127,-3.909885318654889,-5.934187630624279,-5.286641622460912,-3.6535818008452745,-3.4571766610094787,-4.283536044582073,-7.124637582430928,-4.3079301833249986,-4.277667381978788,-5.096251984108011,-6.9696616264523,-0.30368202456554716,-4.326490217484816,-2.1684792409992535,-6.371262372214306,-4.198033286894635,-7.310769624294543,-3.570278418351821,-6.0389541775550635,-6.262881396112343,-3.8422360943272835,-6.75027016095004,-5.40939610753395,-5.066976707153776,-3.808452360137146,-7.13838433722663,-6.526165666514105,-5.012048111304336,-4.483539286938156,-1.9941087456077808,-2.5978547015784805,-7.18224756043263,-1.1513987853510699,-6.096666272423423,-4.699296652799283,-6.1568653270320715,-3.5345877638572674,-2.8012219814872923,-6.135632381929615,-3.848494230147266,-3.931807039176487,-5.634480871635228,-5.044013083463169,-5.838098098975124,-3.5614354168353017,-0.7469257490690083,-4.665493647519817,-5.610889970502696,-2.104215537313912,-5.036220647667765,-5.144212000541481,-5.042749604481036,-4.115049755223185,-0.5513769174823948,-5.771728290100916,-2.162929149702227,-1.3056470763199748,-1.1514824815518865,-7.586690496332902,-4.7570405604217285,-5.258513456131961,-4.839454032032006,-6.256774023870379,-4.217977744687027,-6.0742645639029345,-4.62720771510662,-6.315615910719088,-2.8874685126511936,-7.496313915835049,-2.3412547972283724,-6.092997014505393,-1.8447011297747151,-2.838078843898879,-1.5838737093430568,-4.892696091701786,-6.717441863660317,-4.908197479490378,-5.830261929570327,-6.430979513029137,-7.7601537381165455,-5.073311675199768,-5.1122526136361,-6.73299170679479,-4.755088180268827
1.5518893628391779,0.652854663182127,-2.5425072142063394,-8.533235488416796,-3.337604483850712,-1.118760801556548,-5.748034991887453,-5.64351378759367,-5.59770552382572,-6.690440612085084,-5.319669865948728,-1.7090489184858435,-5.564309136679068,-5.851697930312996,-4.662825033936747,-1.6318247620618158,-4.47548783149047,-3.601572241975086,-3.9671760672575234,-6.0011952374405,-5.346819565814156,-3.715224569495044,-3.5155339417338487,-4.345055304182496,-7.189577577594754,-4.3698464446245096,-4.335941942898896,-5.156456797945261,-7.038395855374868,-0.3558769737224083,-4.391875245752817,-2.2224402856575978,-6.440954400546988,-4.259265065704466,-7.3817907898006,-3.6265171515174686,-6.107027046693779,-6.331391050382697,-3.9033782521147034,-6.8147404479450895,-5.47386590771911,-5.132232052129926,-3.866652220551839,-7.20167649957991,-6.596113565945651,-5.074803701533657,-4.545021127638882,-2.049613672744173,-2.652988921821149,-7.255947990913769,-1.2049878657348916,-6.157796316031651,-4.760809442717986,-6.227342536405475,-3.5987539248062843,-2.8549239824502974,-6.206345106346674,-3.906857547872205,-3.9886401821756676,-5.698568749311154,-5.10803900735831,-5.9045943773433835,-3.6247497541621785,-0.7979462269447644,-4.7233703339995445,-5.677380120343491,-2.1575546859055255,-5.103927992651587,-5.209627202920467,-5.102803266787273,-4.173153400441137,-0.6017666553346045,-5.832418279761449,-2.2180107951010775,-1.3593696245845113,-1.2026400202164322,-7.655253771647546,-4.81848414539332,-5.322508813715636,-4.907893583777681,-6.322275792263224,-4.2806905653155205,-6.134300769560086,-4.690315675280485,-6.384035222390352,-2.9426452302074084,-7.569102017212359,-2.3964842770240566,-6.156406170275823,-1.9022697302049512,-2.894673328412,-1.6349094001246944,-4.9569286168661835,-6.785182171943403,-4.973187998696927,-5.897935468991896,-6.4974697091289855,-7.833734694085415,-5.139027797566144,-5.177742068922331,-6.800868802490921,-4.815885340054455
1.5562515897170024,0.276239037079543,-2.599218975282203,-8.603033641101744,-3.401448049740498,-1.1699481666715243,-5.8147858620984545,-5.707906639075121,-5.66356838889742,-6.75788020308134,-5.383126266320364,-1.762331353538597,-5.629856675546691,-5.921157089054889,-4.723209813547524,-1.685770380628226,-4.535122218283771,-3.662682074977038,-4.024466815860188,-6.068202844256709,-5.406997509167358,-3.7768673381447577,-3.5738912224582684,-4.406574563782901,-7.254517572758586,-4.431762705924008,-4.394216503819022,-5.2166616117824995,-7.107130084297399,-0.40807192287928185,-4.457540473498861,-2.2764013303159607,-6.510646428879671,-4.320496844514303,-7.452811955306638,-3.6827558846831794,-6.175099915832513,-6.399900704653039,-3.964520409902118,-6.879210734940139,-5.53833570790425,-5.197487397106077,-3.9248520809665077,-7.26496866193319,-6.666061465377179,-5.138405908495245,-4.606502968339608,-2.1051185998805466,-2.7081231420637994,-7.329648421394937,-1.258576946118707,-6.218926359639859,-4.8223222326366955,-6.297819745778873,-3.662920085755295,-2.9086259834132893,-6.277057830763739,-3.9652208655971437,-4.045473325174843,-5.762656626987068,-5.172064931253457,-5.971090655711661,-3.6880640914890606,-0.8489667048204954,-4.7812470204792845,-5.743802787413165,-2.210893834497102,-5.171635337635397,-5.275042405299435,-5.162856929093529,-4.231257045659102,-0.6521563931868078,-5.893108269421963,-2.273092440499965,-1.413092172849054,-1.2537975588809656,-7.723817046962172,-4.879927730364905,-5.3865041712992925,-4.976333135523356,-6.387777560656077,-4.34340338594402,-6.194336975217227,-4.7534236354543555,-6.4524545340615855,-2.9978219477635726,-7.641890118589612,-2.451713756819728,-6.219815326046205,-1.959838330635181,-2.951267812925132,-1.6859450909063258,-5.021161142030625,-6.85292248022649,-5.038178517903507,-5.965609008413448,-6.56395990522884,-7.907315650054303,-5.204743919932515,-5.243231524208556,-6.868745898187052,-4.876682499840088
1.5606138165948271,-8.76238056331347,-2.655930736358104,-8.672831793786722,-3.465291615630277,-1.2211355317864818,-5.881536732309414,-5.772299490556579,-5.72943125396912,-6.825319794077621,-5.446582666691982,-1.8156137885914063,-5.695404214414302,-5.990616247796762,-4.783594593158263,-1.7397159991946611,-4.594756605077071,-3.7237919079789714,-4.081757564462833,-6.135210451072918,-5.468191806600531,-3.8385101067945024,-3.632248503182657,-4.468093823383312,-7.3194575679224245,-4.493678967223518,-4.4524910647391485,-5.276866425619781,-7.1758643132199165,-0.46026687203612426,-4.523205701244931,-2.330362374974305,-6.580338457212359,-4.381728623324147,-7.523833120812701,-3.7389946178488467,-6.243172784971255,-6.468410358923424,-4.025662567689538,-6.943681021935188,-5.602805508089422,-5.262742742082195,-3.9830519413811825,-7.328260824286451,-6.7360093648087,-5.202008115456839,-4.667984809040353,-2.1606235270169325,-2.763257362306474,-7.403348851876075,-1.3121660265025352,-6.2800564032480795,-4.883835022555379,-6.3682969551522834,-3.727086246704312,-2.962327984376282,-6.347770555180798,-4.023584183322096,-4.102306468174031,-5.826744504662982,-5.236090855148604,-6.037586934079909,-3.75137842881598,-0.8999871826962389,-4.8391237069590005,-5.8087468627874115,-2.264232983088734,-5.2393426826192195,-5.340457607678427,-5.222910591399792,-4.289360690877072,-0.7025461310390113,-5.953798259082489,-2.328174085898834,-1.4668147211136215,-1.3049550975455237,-7.792380322276804,-4.941371315336503,-5.450499528882974,-5.044772687269025,-6.453279329048916,-4.406116206572519,-6.254373180874385,-4.816531595628251,-6.520873845732844,-3.052998665319781,-7.714678219966915,-2.5069432366154123,-6.283224481816592,-2.0174069310654295,-3.0078622974382654,-1.7369807816879508,-5.085393667195016,-6.920662788509583,-5.103169037110062,-6.033282547835049,-6.630450101328682,-7.980896606023191,-5.270460042298916,-5.308720979494794,-6.93662299388317,-4.937479659625709
1.5649760434726516,-9.31320830281644,-2.711056411902174,-8.738905432894345,-3.5273150734710335,-1.2709481416590085,-5.9454652050899925,-5.834981310009577,-5.7935757329166835,-6.891086449507767,-5.5092955602707825,-1.8682223170355856,-5.75864517150596,-6.056887235803434,-4.840810520876071,-1.7906549212154,-4.651953032066001,-3.7831942094532716,-4.138147298785737,-6.201329089490319,-5.526231559913115,-3.8975806244927167,-3.687433535237018,-4.528266064400855,-7.381964596583349,-4.553249282495838,-4.508486009096379,-5.334992072762483,-7.243475205337514,-0.5092806837011824,-4.585413684798066,-2.382258290048212,-6.648864353855826,-4.439329713036437,-7.591954854063989,-3.7946742098348967,-6.309080411932063,-6.535034191400054,-4.086112096909371,-7.006689990243953,-5.666527815205027,-5.325504058052059,-4.038149960207433,-7.3896552208762065,-6.8049689091011745,-5.2627781575888015,-4.7281488675827825,-2.212809626857251,-2.8164062358833126,-7.472991618072164,-1.3629804639984442,-6.337705094780394,-4.942331445185723,-6.434614034656376,-3.7883952595741768,-3.012762755757623,-6.417515097363194,-4.078752780795812,-4.1585380762438975,-5.887243833920594,-5.29693569427145,-6.1007162683345895,-3.8108919757041377,-0.9479122700646516,-4.894425007885656,-5.871745546859214,-2.3163503714588214,-5.306404905529083,-5.401327702284844,-5.282889102027946,-4.3454465933687425,-0.7525459271494837,-6.012739215440452,-2.379603530866744,-1.5205372693781707,-1.3530127439710817,-7.8595654298449515,-5.000427471219163,-5.513536212084072,-5.11288716120047,-6.5176198147993025,-4.468442813344841,-6.3129757831911535,-4.878767032906889,-6.587471608730504,-3.108175382875946,-7.783811289540806,-2.5595772332959594,-6.343994315354094,-2.0721298528938377,-3.0631136195148985,-1.7846788225210728,-5.147266202842818,-6.986395026621602,-5.166832355703809,-6.099874381350499,-6.694980994299167,-8.052375473908077,-5.333642858841058,-5.372722497841616,-7.003465341142408,-4.995486994582839
1.5693382703504766,-9.20605675900993,-2.749854536609555,-8.791941902051406,-3.5732448571632913,-1.3042220021187136,-5.994301668859921,-5.881460447259703,-5.84152487917445,-6.940612350012365,-5.5548388495566785,-1.9035916844095349,-5.806278625125937,-6.108431760425196,-4.883280678390152,-1.8266860186132716,-4.693673251790604,-3.826390330405177,-4.177524838080676,-6.250423494510205,-5.569775038441943,-3.9413091424478113,-3.7278761917506857,-4.571871836634831,-7.428990427788108,-4.597251434031064,-4.548846501563686,-5.377282943005516,-7.294296086333666,-0.5435610031151646,-4.6331641109814425,-2.4183053998567257,-6.700643007582383,-4.482646582370074,-7.645061565172109,-3.832999946902044,-6.359239283858269,-6.585630022529095,-4.129341175341565,-7.0532467186295795,-5.713084501818398,-5.372845201042882,-4.078435240232054,-7.435033552646555,-6.857003544764675,-5.308465952028649,-4.771717239141149,-2.250399838562102,-2.8536265709787028,-7.528776873489992,-1.398655167671638,-6.380920321825575,-4.985929707916275,-6.487176005245012,-3.8346469924482527,-3.048550073398806,-6.470314570590412,-4.119201460324449,-4.197458196702351,-5.93341682833782,-5.343046988456531,-6.14929780132903,-3.856291297736955,-0.9810181715655699,-4.934387441718875,-5.918775761978546,-2.3517761107650568,-5.356199200786639,-5.448827426517682,-5.325030070180215,-4.3856363332571755,-0.7850227744469835,-6.055515467189997,-2.4167702534066517,-1.5572284849988707,-1.3862557034589067,-7.910215198377226,-5.043956920591067,-5.559618324406311,-5.163413862856464,-6.565208211609035,-4.5132427457442,-6.355098447513157,-4.923961801539359,-6.637977137306579,-3.146674520212313,-7.838684466297673,-2.596892447930795,-6.389489178666654,-2.1117840323893278,-3.101794619065249,-1.8177997861579873,-5.193584609496672,-7.036221435600946,-5.213909399897127,-6.149634598800694,-6.743557321476861,-8.108042472004117,-5.381444754763784,-5.420298377928318,-7.053429144144135,-5.038369768205968
1.573700497228301,1.33902521725871,-2.7886526613169798,-8.845096724547483,-3.619174640855511,-1.3374958625783937,-6.043138132629857,-5.92793958450979,-5.889474025432179,-6.990138250516957,-5.600382138842506,-1.9389610517834843,-5.853912078745919,-6.159976285046958,-4.925750835904238,-1.8627171160111435,-4.735393471515213,-3.8695864513570646,-4.216902377375603,-6.29951789953006,-5.6133185169707644,-3.9850376604028863,-3.768318848264335,-4.615477608868802,-7.476016258992879,-4.641253585566278,-4.589206994030973,-5.419573813248537,-7.345116967329837,-0.5778413225291655,-4.6809145371647745,-2.454352509665246,-6.752421661308928,-4.525963451703692,-7.698168276280218,-3.87132568396916,-6.409398155784468,-6.636225853658111,-4.172570253773734,-7.099803447015199,-5.759641188431781,-5.420186344033699,-4.118720520256706,-7.4804118844169025,-6.909038180428157,-5.354153746468445,-4.815285610699517,-2.28799005026694,-2.890846906074099,-7.584562128907814,-1.4343298713448693,-6.424135548870737,-5.029527970646815,-6.539737975833643,-3.8808987253223473,-3.0843373910399396,-6.523114043817637,-4.159650139853093,-4.236378317160794,-5.979589822755052,-5.389158282641618,-6.197879334323464,-3.901690619769722,-1.0141240730664882,-4.974349875552075,-5.965805977097866,-2.3872018500712864,-5.405993496044171,-5.496327150750514,-5.367171038332461,-4.425826073145634,-0.8174996217444961,-6.098291718939548,-2.4539369759465286,-1.5930389358327353,-1.4194986629466817,-7.960864966909532,-5.087486369962983,-5.605700436728557,-5.213940564512446,-6.612796608418731,-4.558042678143564,-6.397221111835162,-4.969156570171835,-6.688482665882653,-3.1839393611480054,-7.893557643054516,-2.634207662565605,-6.434984041979214,-2.1514382118848494,-3.1404756186155733,-1.850920749794908,-5.239903016150482,-7.0860478445803325,-5.260986444090403,-6.1993948162509005,-6.792133648654593,-8.163709470100164,-5.42924665068651,-5.467874258015019,-7.103392947145839,-5.081252541829071
1.5780627241061258,-0.297523802352399,-2.8274507860243547,-8.898251547043554,-3.66510442454775,-1.370769723038074,-6.091974596399786,-5.974418721759872,-5.93742317168997,-7.039664151021569,-5.645925428128359,-1.9743304191574398,-5.901545532365915,-6.211520809668739,-4.9682209934183,-1.8987482134090217,-4.777113691239853,-3.9127825723089575,-4.256279916670511,-6.3486123045499205,-5.656861995499599,-4.028766178357975,-3.8087615047779853,-4.659083381102765,-7.523042090197644,-4.685255737101485,-4.629567486498266,-5.461864683491558,-7.395937848326025,-0.6121216419431352,-4.728664963348106,-2.490399619473747,-6.804200315035478,-4.569280321037324,-7.751274987388332,-3.909651421036301,-6.459557027710673,-6.686821684787108,-4.215799332205947,-7.1463601754008375,-5.8061978750451635,-5.467527487024528,-4.159005800281332,-7.525790216187226,-6.961072816091633,-5.399841540908274,-4.85885398225789,-2.3255802619717594,-2.928067241169508,-7.640347384325611,-1.4700045750180881,-6.467350775915937,-5.07312623337738,-6.592299946422285,-3.927150458196448,-3.1201247086810975,-6.575913517044868,-4.20009881938178,-4.275298437619285,-6.025762817172317,-5.435269576826686,-6.2464608673179365,-3.9470899418025276,-1.0472299745674003,-5.014312309385276,-6.012836192217155,-2.4226275893775098,-5.455787791301714,-5.543826874983322,-5.409312006484725,-4.466015813034067,-0.8499764690420211,-6.14106797068911,-2.491103698486449,-1.6288493866665872,-1.4527416224344756,-8.011514735441843,-5.1310158193348805,-5.651782549050803,-5.264467266168459,-6.660385005228471,-4.602842610542929,-6.439343776157166,-5.01435133880433,-6.738988194458739,-3.2212042020837224,-7.948430819811378,-2.6715228772004407,-6.480478905291755,-2.1910923913803586,-3.1791566181658926,-1.8840417134318415,-5.286221422804316,-7.135874253559708,-5.308063488283702,-6.249155033701077,-6.840709975832294,-8.219376468196192,-5.477048546609242,-5.515450138101727,-7.153356750147578,-5.124135315452174
1.5824249509839505,-10.0724363060767,-2.8662489107317546,-8.951406369539617,-3.7110342082399823,-1.4040435834977605,-6.140811060169702,-6.020897859009973,-5.985372317947723,-7.089190051526155,-5.691468717414223,-2.009699786531408,-5.949178985985892,-6.263065334290507,-5.010691150932411,-1.9347793108069058,-4.81883391096448,-3.955978693260838,-4.295657455965469,-6.397706709569776,-5.70040547402839,-4.072494696313075,-3.8492041612916346,-4.702689153336742,-7.570067921402404,-4.729257888636731,-4.669927978965578,-5.504155553734578,-7.446758729322164,-0.6464019613571237,-4.776415389531457,-2.5264467292822674,-6.855978968762023,-4.612597190370955,-7.804381698496448,-3.9479771581034546,-6.509715899636879,-6.7374175159161425,-4.259028410638103,-7.192916903786463,-5.85275456165854,-5.514868630015332,-4.199291080305971,-7.571168547957581,-7.013107451755127,-5.445529335348109,-4.902422353816258,-2.36317047367661,-2.9652875762649105,-7.696132639743445,-1.5056792786912885,-6.510566002961118,-5.11672449610792,-6.644861917010915,-3.9734021910705115,-3.155912026322281,-6.628712990272093,-4.240547498910423,-4.31421855807772,-6.071935811589518,-5.4813808710117735,-6.295042400312364,-3.9924892638353136,-1.0803358760683623,-5.054274743218477,-6.0598664073364805,-2.4580533286837514,-5.505582086559251,-5.591326599216148,-5.451452974636982,-4.506205552922501,-0.882453316339521,-6.183844222438636,-2.528270421026332,-1.6646598375004644,-1.4859845819222879,-8.062164503974143,-5.17454526870679,-5.697864661373048,-5.314993967824447,-6.707973402038191,-4.6476425429423065,-6.481466440479151,-5.059546107436806,-6.7894937230348384,-3.258469043019427,-8.003303996568226,-2.708838091835257,-6.5259737686043024,-2.2307465708758674,-3.217837617716211,-1.917162677068756,-5.332539829458151,-7.185700662539077,-5.356361841444692,-6.2989152511512705,-6.889286303010007,-8.275043466292239,-5.524850442531943,-5.563026018188428,-7.203837569989518,-5.16701808907529
1.5867871778617753,1.14094962256549,-2.905047035439148,-9.004561192035695,-3.756963991932209,-1.4373174439574594,-6.189647523939638,-6.067376996260068,-6.03332146420549,-7.1387159520307595,-5.737012006700081,-2.0450691539053447,-5.996812439605862,-6.314609858912275,-5.053161308446473,-1.9708104082047777,-4.860554130689103,-3.999174814212732,-4.335034995260383,-6.446801114589656,-5.74394895255723,-4.116223214268157,-3.8896468178053025,-4.746294925570694,-7.617093752607175,-4.773260040171938,-4.710288471432847,-5.546446423977618,-7.497579610318335,-0.6806822807711059,-4.824165815714789,-2.562493839090756,-6.90775762248858,-4.655914059704573,-7.857488409604569,-3.986302895170602,-6.559874771563066,-6.788013347045171,-4.302257489070303,-7.239473632172077,-5.899311248271929,-5.562209773006149,-4.2395763603306165,-7.616546879727922,-7.065142087418591,-5.491217129787918,-4.945990725374631,-2.4007606853814236,-3.002507911360313,-7.751917895161248,-1.5413539823645197,-6.553781230006306,-5.160322758838472,-6.697423887599539,-4.019653923944605,-3.1916993439634087,-6.681512463499305,-4.280996178439066,-4.353138678536169,-6.118108806006782,-5.527492165196867,-6.343623933306818,-4.0378885858680995,-1.1134417775692618,-5.09423717705169,-6.106896622455782,-2.493479067989968,-5.555376381816775,-5.6388263234489875,-5.493593942789259,-4.546395292810934,-0.9149301636370397,-6.226620474188199,-2.5654371435662586,-1.7004702883343101,-1.5192275414100753,-8.112814272506455,-5.218074718078713,-5.743946773695288,-5.365520669480453,-6.755561798847925,-4.692442475341646,-6.523589104801168,-5.104740876069276,-6.8399992516109185,-3.295733883955151,-8.058177173325088,-2.746153306470079,-6.571468631916862,-2.2704007503713894,-3.256518617266548,-1.9502836407057142,-5.378858236111986,-7.2355270715184385,-5.404697243392896,-6.348675468601484,-6.93786263018772,-8.330710464388279,-5.572652338454657,-5.610601898275142,-7.255057233010585,-5.2099008626983805
1.5911494047395998,-9.18677933573702,-2.9438451601465356,-9.05771601453176,-3.8028937756244536,-1.4705913044171335,-6.238483987709555,-6.113856133510168,-6.08127061046325,-7.1882418525353335,-5.782555295985928,-2.0804385212793193,-6.044445893225851,-6.3661543835340435,-5.0956314659605715,-2.0068415056026554,-4.9022743504137365,-4.042370935164637,-4.374412534555322,-6.495895519609511,-5.78749243108604,-4.159951732223244,-3.9300894743189527,-4.7899006978046765,-7.664119583811947,-4.817262191707158,-4.750648963900146,-5.588737294220627,-7.5484004913145055,-0.7149626001851132,-4.871916241898133,-2.5985409488992888,-6.959536276215156,-4.699230929038205,-7.910595120712696,-4.024628632237737,-6.610033643489259,-6.838609178174206,-4.345486567502478,-7.286030360557702,-5.945867934885293,-5.609550915996978,-4.279861640355268,-7.661925211498246,-7.117176723082079,-5.53690492422774,-4.989559096933016,-2.438350897086262,-3.039728246455697,-7.80770315057907,-1.5770286860377323,-6.596996457051481,-5.2039210215690055,-6.749985858188175,-4.065905656818687,-3.2274866616045665,-6.734311936726524,-4.321444857967704,-4.392058798994623,-6.16428180042402,-5.573603459381929,-6.3922054663012515,-4.083287907900879,-1.1465476790701987,-5.134199610884885,-6.153926837575108,-2.5289048072961915,-5.605170677074306,-5.686326047681801,-5.535734910941491,-4.586585032699362,-0.9474070109345334,-6.269396725937731,-2.6026038661061417,-1.736280739168181,-1.5524705008978754,-8.163464041038747,-5.261604167450616,-5.790028886017527,-5.416047371136429,-6.803150195657645,-4.737242407741016,-6.565711769123159,-5.149935644701772,-6.8905047801869985,-3.332998724890868,-8.113050350081918,-2.7834685211048775,-6.61696349522941,-2.3100549298669044,-3.2951996168168733,-1.9834046043426226,-5.425176642765808,-7.285353480497814,-5.453032645341099,-6.398435686051653,-6.986438957365445,-8.3863774624843,-5.620454234377389,-5.658177778361831,-7.306276896031664,-5.25278363632149
1.5955116316174245,-8.40188235277587,-2.9826432848539355,-9.110870837027848,-3.848823559316693,-1.50386516487682,-6.287320451479503,-6.160335270760262,-6.129219756720991,-7.237767753039939,-5.8280985852717855,-2.1158078886532685,-6.09207934684584,-6.417698908155819,-5.138101623474645,-2.0428726030005153,-4.94399457013837,-4.085567056116531,-4.413790073850255,-6.54498992462941,-5.831035909614862,-4.203680250178345,-3.970532130832627,-4.833506470038627,-7.711145415016712,-4.861264343242372,-4.791009456367452,-5.63102816446369,-7.599221372310652,-0.7492429195991016,-4.919666668081471,-2.6356777154122195,-7.011314929941699,-4.742547798371823,-7.963701831820805,-4.062954369304878,-6.6601925154154635,-6.889205009303234,-4.38871564593466,-7.332587088943341,-5.9924246214986825,-5.656892058987789,-4.320146920379913,-7.707303543268582,-7.169211358745586,-5.582592718667569,-5.03312746849139,-2.4759411087911003,-3.0769485815510995,-7.863488405996886,-1.6127033897109262,-6.640211684096662,-5.2475192842995515,-6.802547828776811,-4.112157389692782,-3.263273979245719,-6.787111409953761,-4.361893537496372,-4.430978919453071,-6.210454794841241,-5.619714753567022,-6.4407869992956925,-4.128687229933635,-1.1796535805711232,-5.174162044718116,-6.200957052694434,-2.564330546602452,-5.654964972331849,-5.733825771914602,-5.577875879093755,-4.626774772587789,-0.9798838582320708,-6.312172977687288,-2.639770588646056,-1.7720911900020269,-1.5857134603856442,-8.214113809571073,-5.305133616822539,-5.836110998339797,-5.4665740727924295,-6.850738592467373,-4.7820423401403565,-6.6078344334451575,-5.195130413334236,-6.9410103087630795,-3.370263565826604,-8.167923526838779,-2.820783735739706,-6.662458358541976,-2.349709109362408,-3.3338806163672228,-2.016525567979562,-5.471495049419649,-7.3351798894771765,-5.501368047289321,-6.448195903501866,-7.035015284543153,-8.442044460580359,-5.668256130300115,-5.705753658448533,-7.357496559052725,-5.2956664099446
1.5998738584952492,-10.5040803404006,-3.021441409561323,-9.164025659523919,-3.894753343008931,-1.5371390253365125,-6.336156915249413,-6.206814408010344,-6.177168902978751,-7.287293653544538,-5.87364187455765,-2.151177256027224,-6.1397128004658175,-6.469243432777599,-5.180571780988695,-2.0789037003983992,-4.985714789862985,-4.128763177068424,-4.453167613145182,-6.594084329649246,-5.8745793881436645,-4.24740876813342,-4.010974787346289,-4.8771122422726165,-7.7581712462214645,-4.9052664947775915,-4.8313699488347455,-5.673319034706718,-7.650042253306822,-0.7835232390130775,-4.967417094264828,-2.6729694677977873,-7.063093583668238,-4.785864667705454,-8.016808542928924,-4.101280106372018,-6.710351387341669,-6.939800840432256,-4.431944724366847,-7.379143817328954,-6.038981308112065,-5.704233201978593,-4.3604322004045395,-7.752681875038924,-7.221245994409069,-5.6282805131073905,-5.076695840049757,-2.51353132049592,-3.114168916646502,-7.919273661414701,-1.6483780933841388,-6.68342691114183,-5.291117547030116,-6.855109799365442,-4.158409122566852,-3.2990612968868893,-6.839910883180955,-4.402342217025009,-4.469899039911525,-6.256627789258461,-5.665826047752116,-6.489368532290145,-4.17408655196644,-1.212759482072048,-5.214124478551311,-6.247987267813736,-2.5997562859086747,-5.704759267589369,-5.781325496147447,-5.620016847246013,-4.666964512476247,-1.012360705529552,-6.3549492294368575,-2.676937311185939,-1.8079016408358914,-1.6189564198734567,-8.26476357810336,-5.348663066194424,-5.882193110662037,-5.517100774448437,-6.898326989277093,-4.826842272539714,-6.649957097767162,-5.2403251819667185,-6.9915158373391595,-3.407528406762302,-8.222796703595641,-2.858098950374516,-6.707953221854536,-2.389363288857904,-3.372561615917536,-2.049646531616464,-5.517813456073458,-7.385006298456569,-5.549703449237506,-6.49795612095206,-7.083591611720854,-8.497711458676394,-5.716058026222835,-5.753329538535228,-7.408716222073829,-5.338549183567734
1.604236085373074,-11.0132336252808,-3.0602395342687165,-9.217180482019977,-3.9406831267011695,-1.5704128857961865,-6.384993379019348,-6.253293545260457,-6.225118049236505,-7.336819554049129,-5.919185163843515,-2.1865466234011732,-6.187346254085788,-6.520787957399367,-5.223041938502781,-2.114934797796265,-5.027435009587607,-4.171959298020317,-4.492545152440115,-6.643178734669139,-5.918122866672512,-4.291137286088521,-4.0514174438599255,-4.920718014506581,-7.805197077426237,-4.949268646312806,-4.87173044130202,-5.715609904949733,-7.700863134302974,-0.817803558427066,-5.01516752044816,-2.710261220183381,-7.114872237394788,-4.829181537039066,-8.069915254037046,-4.139605843439171,-6.760510259267862,-6.990396671561278,-4.475173802799035,-7.42570054571458,-6.085537994725436,-5.751574344969429,-4.400717480429172,-7.798060206809259,-7.273280630072569,-5.673968307547225,-5.120264211608118,-2.551121532200746,-3.1513892517419233,-7.975058916832523,-1.6840527970573576,-6.726642138187012,-5.3347158097606435,-6.9076717699540655,-4.204660855440952,-3.3348486145280356,-6.8927103564081795,-4.442790896553652,-4.508819160369986,-6.3028007836757185,-5.71193734193719,-6.53795006528458,-4.219485873999232,-1.2458653835729598,-5.254086912384517,-6.2950174829330745,-2.6351820252149043,-5.754553562846906,-5.828825220380267,-5.662157815398283,-4.707154252364674,-1.0448375528270708,-6.397939385127572,-2.7141040337258593,-1.8437120916697558,-1.6521993793612566,-8.315413346635678,-5.392192515566322,-5.92827522298427,-5.567627476104425,-6.945915386086802,-4.871642204939086,-6.692079762089166,-5.285519950599201,-7.042021365915233,-3.4447932476980068,-8.277669880352503,-2.8954141650093517,-6.753448085167071,-2.4290174683534325,-3.4112426154678666,-2.0827674952534037,-5.564131862727294,-7.434832707435907,-5.598038851185728,-6.5477163384022425,-7.132167938898554,-8.553378456772432,-5.7638599221455475,-5.800905418621954,-7.459935885094908,-5.381431957190825
1.6085983122508984,-0.407702758524578,-3.0990376589760977,-9.270335304516042,-3.98661291039339,-1.6036867462558793,-6.433829842789278,-6.299772682510552,-6.2730671954942645,-7.386345454553716,-5.964728453129342,-2.22191599077511,-6.234979707705764,-6.5723324820211175,-5.2655120960168675,-2.151776731459592,-5.069155229312234,-4.2151554189721985,-4.531922691735024,-6.692273139689006,-5.961666345201321,-4.3348658040436145,-4.091860100373607,-4.96183332011907,-7.852222908631002,-4.993270797848044,-4.912090933769333,-5.7579007751927405,-7.751684015299132,-0.8520838778410607,-5.062917946631511,-2.7475529725689425,-7.166650891121352,-4.872498406372704,-8.123021965145172,-4.177931580506294,-6.8106691311940555,-7.0409925026903135,-4.518402881231216,-7.472257274100199,-6.132094681338831,-5.798915487960239,-4.441002760453818,-7.843438538579601,-7.325315265736039,-5.719656101987029,-5.163832583166491,-2.588711743905578,-3.188609586837295,-8.030844172250308,-1.7197275007305701,-6.769857365232187,-5.378314072491196,-6.960233740542689,-4.250912588315021,-3.3706359321692068,-6.945509829635404,-4.483239576082308,-4.547739280828421,-6.348973778092963,-5.758048636122266,-6.586531598279026,-4.264885196032005,-1.2789712850738908,-5.294049346217731,-6.342047698052357,-2.6706077645211277,-5.8043478581044425,-5.876324944613081,-5.704298783550533,-4.747343992253132,-1.077314400124577,-6.4432453685322235,-2.751270756265755,-1.8795225425036142,-1.6854423388490567,-8.366063115167995,-5.435721964938244,-5.974357335306515,-5.618154177760413,-6.9935037828965285,-4.9164421373384375,-6.734202426411158,-5.3307147192316835,-7.092526894491314,-3.482058088633737,-8.33254305710937,-2.9327293796441616,-6.798942948479625,-2.468671647848935,-3.44992361501816,-2.1158884588903244,-5.610450269381153,-7.484659116415289,-5.646374253133925,-6.597476555852436,-7.180744266076274,-8.609045454868474,-5.8116618180682735,-5.848481298708631,-7.5111555481159815,-5.424314730813935
1.6129605391287232,-1.13529480577873,-3.137835783683504,-9.323490127012125,-4.032542694085622,-1.6369606067155595,-6.4826663065592,-6.346251819760628,-6.32101634175203,-7.435871355058327,-6.010271742415201,-2.257285358149072,-6.282613161325766,-6.623877006642898,-5.307982253530947,-2.1890385157687176,-5.1108754490368495,-4.25835153992411,-4.57130023102995,-6.741367544708855,-6.005209823730136,-4.378594321998703,-4.132302756887256,-5.002811410163994,-7.899248739835773,-5.037272949383258,-4.95245142623662,-5.80019164543578,-7.802504896295296,-0.8863641972550553,-5.110668372814856,-2.7848447249545165,-7.21842954484789,-4.915815275706328,-8.176128676253288,-4.216257317573441,-6.86082800312026,-7.091588333819348,-4.561631959663385,-7.518814002485832,-6.178651367952214,-5.846256630951069,-4.4812880404784385,-7.88881687034995,-7.377349901399546,-5.765343896426863,-5.207400954724858,-2.626301955610397,-3.2258299219326974,-8.086629427668141,-1.7554022044037765,-6.813072592277361,-5.4219123352217355,-7.012795711131332,-4.297007259835999,-3.4064232498103584,-6.998309302862629,-4.523688255610958,-4.586659401286869,-6.3951467725101905,-5.8041599303073586,-6.635113131273492,-4.310284518064798,-1.3120771865748215,-5.334011780050919,-6.389077913171676,-2.706033503827376,-5.8541421533619795,-5.923824668845901,-5.74643975170281,-4.7875337321415286,-1.1097912474220957,-6.488551351936875,-2.788437478805644,-1.9153329933374788,-1.7186852983368504,-8.416712883700283,-5.479251414310154,-6.0204394476287675,-5.668680879416426,-7.041092179706262,-4.961242069737809,-6.776325090733175,-5.375909487864178,-7.143032423067394,-3.5193229295694666,-8.38741623386622,-2.970044594278991,-6.844437811792185,-2.5083258273444566,-3.4886046145685228,-2.1490094225272705,-5.65676867603495,-7.534485525394638,-5.694709655082129,-6.647236773302618,-7.229320593253981,-8.664712452964501,-5.859463713990975,-5.896057178795345,-7.562375211137061,-5.4671975044370695
1.617322766006548,0.830679767331265,-3.176633908390885,-9.376644949508183,-4.078472477777868,-1.6702344671752458,-6.531502770329129,-6.392730957010747,-6.368965488009779,-7.485397255562914,-6.055815031701078,-2.2926547255230405,-6.330246614945737,-6.675421531264672,-5.350452411045028,-2.22630030007785,-5.152595668761483,-4.301547660876023,-4.610677770324902,-6.790461949728723,-6.048753302258965,-4.42232283995379,-4.172745413400893,-5.043789500208886,-7.946274571040551,-5.081275100918478,-4.9928119187039135,-5.842482515678808,-7.853325777291454,-0.9206445166690314,-5.158418798998194,-2.822136477340078,-7.2702081985744345,-4.959132145039947,-8.229235387361408,-4.254583054640582,-6.91098687504646,-7.1421841649483575,-4.604861038095591,-7.565370730871451,-6.225208054565584,-5.893597773941885,-4.521573320503084,-7.934195202120285,-7.429384537063016,-5.811031690866704,-5.250969326283232,-2.663892167315229,-3.263050257028106,-8.142414683085958,-1.7910769080769955,-6.856287819322537,-5.4655105979523,-7.065357681719987,-4.341769309905159,-3.4422105674515233,-7.05110877608986,-4.564136935139595,-4.6255795217453235,-6.441319766927429,-5.850271224492421,-6.683694664267926,-4.355683840097584,-1.345183088075746,-5.373974213884138,-6.436108128290996,-2.741459243133617,-5.903936448619529,-5.971324393078734,-5.788580719855061,-4.8277234720299615,-1.142268094719602,-6.533857335341545,-2.8256042013455325,-1.9511434441713371,-1.7519282578246567,-8.467362652232595,-5.5227808636820575,-6.066521559951026,-5.719207581072402,-7.08868057651597,-5.006042002137167,-6.818447755055178,-5.421104256496642,-7.1935379516434805,-3.556587770505165,-8.442289410623081,-3.0073598089137947,-6.889932675104738,-2.547980006839966,-3.5272856141188473,-2.182130386164191,-5.703087082688797,-7.584311934374013,-5.7430450570303195,-6.696996990752825,-7.277896920431694,-8.720379451060541,-5.907265609913719,-5.94363305888204,-7.613594874158147,-5.510080278060135
1.6216849928843726,0.0540084222321759,-3.215432033098285,-9.42979977200428,-4.124402261470118,-1.7035083276349448,-6.580339234099045,-6.4392100942608534,-6.416914634267551,-7.534923156067524,-6.10135832098693,-2.328024092896996,-6.377880068565695,-6.7269660558864475,-5.392922568559108,-2.263562084386975,-5.194315888486112,-4.3447437818278845,-4.650055309619822,-6.839556354748609,-6.092296780787774,-4.466051357908885,-4.213188069914562,-5.08476759025381,-7.99330040224531,-5.125277252453698,-5.033172411171213,-5.88477338592184,-7.904146658287618,-0.9549248360830322,-5.206169225181551,-2.8594282297256717,-7.321986852300998,-5.0024490143735845,-8.282342098469512,-4.292908791707711,-6.9611457469726465,-7.1927799960773795,-4.648090116527773,-7.611927459257065,-6.2717647411789805,-5.940938916932716,-4.561858600527741,-7.979573533890627,-7.48141917272651,-5.85671948530652,-5.294537697841611,-2.7014823790200797,-3.3002705921235087,-8.19819993850378,-1.826751611750208,-6.8995030463677365,-5.509108860682814,-7.117919652308592,-4.386531359974294,-3.4779978850926687,-7.103908249317085,-4.604585614668263,-4.664499642203777,-6.487492761344674,-5.896382518677489,-6.732276197262367,-4.40108316213037,-1.3782889895766581,-5.413936647717333,-6.4831383434103165,-2.776884982439822,-5.95373074387706,-6.018824117311566,-5.830721688007307,-4.867913211918414,-1.1747449420171083,-6.579163318746197,-2.862770923885453,-1.9869538950052017,-1.7851712173124565,-8.518012420764906,-5.5663103130539735,-6.112603672273259,-5.769734282728396,-7.136268973325704,-5.050841934536538,-6.860570419377158,-5.4662990251291195,-7.244043480219555,-3.5938526114408758,-8.497162587379918,-3.0446750235486233,-6.935427538417304,-2.5876341863354746,-3.5659666136691603,-2.2152513498011244,-5.7494054893426325,-7.634138343353381,-5.791380458978535,-6.746757208203032,-7.326473247609413,-8.776046449156594,-5.95506750583642,-5.991208938968735,-7.66481453717922,-5.552963051683257
1.6260472197621971,-0.523103018290744,-3.2542301578056785,-9.482954594500338,-4.170332045162339,-1.7367821880945937,-6.629175697868969,-6.485689231510923,-6.464863780525304,-7.5844490565721046,-6.146901610272776,-2.363393460270939,-6.425513522185702,-6.778510580508222,-5.435392726073169,-2.3008238686960887,-5.236036108210746,-4.387939902779777,-4.689432848914749,-6.888650759768477,-6.135840259316596,-4.509779875863954,-4.253630726428217,-5.125745680298714,-8.040326233450068,-5.1692794039889,-5.073532903638506,-5.927064256164861,-7.954967539283789,-0.989205155497027,-5.253919651364883,-2.8967199821112395,-7.373765506027536,-5.045765883707203,-8.335448809577638,-4.331234528774851,-7.011304618898852,-7.243375827206421,-4.691319194959954,-7.658484187642715,-6.31839913233321,-5.988280059923513,-4.602143880552374,-8.02495186566095,-7.533453808389998,-5.902407279746354,-5.338106069399979,-2.739072590724893,-3.337490927218899,-8.253985193921595,-1.8624263154234144,-6.942718273412899,-5.552707123413386,-7.170481622897222,-4.431293410043435,-3.5137852027338337,-7.156707722544297,-4.645034294196882,-4.703419762662225,-6.5336657557619064,-5.942493812862583,-6.780857730256801,-4.446482484163144,-1.4113948910775576,-5.453899081550558,-6.53016855852963,-2.8123107217460577,-6.003525039134598,-6.066323841544373,-5.872862656159582,-4.908102951806853,-1.2072217893146207,-6.624469302150855,-2.8999376464253483,-2.0227643458390476,-1.8184141768002566,-8.568662189297198,-5.609839762425883,-6.158685784595504,-5.820260984384403,-7.183857370135424,-5.0956418669359085,-6.902693083699169,-5.511493793761596,-7.29454900879561,-3.631117452376593,-8.552035764136754,-3.081990238183428,-6.980922401729852,-2.6272883658309842,-3.604647613219491,-2.2483723134380513,-5.7957238959964545,-7.683964752332738,-5.839715860926745,-6.796517425653226,-7.375049574787132,-8.831713447252634,-6.00286940175914,-6.03878481905543,-7.716034200200274,-5.595845825306342
1.6304094466400219,-10.4711685230911,-3.293028282513066,-9.536109416996409,-4.216261828854571,-1.7700560485542864,-6.678012161638898,-6.532168368761036,-6.512812926783071,-7.633974957076697,-6.192444899558641,-2.3987628276449007,-6.473146975805691,-6.830055105129984,-5.47786288358725,-2.338085653005233,-5.277756327935373,-4.431136023731664,-4.728810388209682,-6.937745164788344,-6.179383737845431,-4.553508393819036,-4.294073382941873,-5.166723770343637,-8.087352064654828,-5.213281555524132,-5.113893396105806,-5.969355126407914,-8.005788420279947,-1.0234854749109967,-5.301670077548246,-2.9340117344968073,-7.425544159754099,-5.089082753040827,-8.388555520685747,-4.369560265842004,-7.061463490825063,-7.293971658335437,-4.73454827339213,-7.705040916028329,-6.366167080173943,-6.035621202914343,-4.64331719135408,-8.07033019743131,-7.585488444053493,-5.9480950741861705,-5.381674440958352,-2.7766628024297066,-3.374711262314295,-8.308711515404594,-1.8981010190966208,-6.985933500458093,-5.5963053861439445,-7.2230435934858646,-4.476055460112589,-3.5495725203749915,-7.209507195771528,-4.685482973725563,-4.7423398831206915,-6.579838750179146,-5.988605107047658,-6.829439263251248,-4.4918818061959245,-1.4445007925785134,-5.4938615153837524,-6.577198773648932,-2.8477364610522926,-6.053319334392116,-6.113823565777225,-5.915003624311828,-4.948292691695274,-1.239698636612133,-6.669775285555507,-2.9371043689652563,-2.058574796672924,-1.851657136288044,-8.619311957829492,-5.653369211797793,-6.20476789691775,-5.8707876860403845,-7.231445766945158,-5.140441799335254,-6.944815748021172,-5.5566885623940845,-7.345054537371697,-3.6683822933123222,-8.606908940893609,-3.119305452818275,-7.026417265042393,-2.6669425453265054,-3.6433286127698103,-2.281493277074966,-5.84204230265027,-7.7337911613121255,-5.888051262874941,-6.84627764310342,-7.423625901964845,-8.887380445348674,-6.050671297681866,-6.0863606991421255,-7.767253863221384,-5.638728598929451
1.6347716735178466,0.8420239089151,-3.331826407220472,-9.589264239492492,-4.262191612546829,-1.8033299090139854,-6.72684862540882,-6.578647506011125,-6.560762073040831,-7.683500857581309,-6.237988188844487,-2.4341321950188437,-6.520780429425668,-6.881599629751745,-5.520333041101336,-2.3753474373143337,-5.319476547659988,-4.474332144683583,-4.768187927504596,-6.986839569808224,-6.222927216374258,-4.597236911774136,-4.334516039455548,-5.207701860388542,-8.134377895859593,-5.257283707059358,-5.154253888573081,-6.011645996650915,-8.056609301276092,-1.0577657943250038,-5.349420503731584,-2.971303486882369,-7.477322813480675,-5.132399622374453,-8.441662231793886,-4.407886002909133,-7.11162236275125,-7.344567489464459,-4.777777351824317,-7.751597644413961,-6.41393502801467,-6.082962345905172,-4.684812359142063,-8.115708529201621,-7.637523079716969,-5.993782868625993,-5.425242812516725,-2.8142530141345574,-3.41193159740971,-8.363021181768243,-1.9337757227698584,-7.029148727503268,-5.639903648874484,-7.27560556407452,-4.520817510181742,-3.585359838016138,-7.262306668998759,-4.725931653254193,-4.781260003579153,-6.626011744596397,-6.034716401232727,-6.8780207962456945,-4.537281128228723,-1.4776066940794441,-5.533823949216947,-6.62422898876827,-2.883162200358522,-6.103113629649665,-6.161323290010026,-5.95714459246411,-4.988482431583708,-1.2721754839096455,-6.7150812689601835,-2.974271091505152,-2.0943852475067644,-1.884900095775869,-8.66996172636181,-5.696898661169709,-6.250850009240002,-5.921314387696391,-7.279034163754878,-5.185241731734625,-6.986938412343183,-5.601883331026555,-7.395560065947783,-3.705647134248033,-8.661782117650464,-3.156620667453079,-7.071912128354959,-2.7065967248220026,-3.6820096123201473,-2.314614240711874,-5.888360709304117,-7.783617570291494,-5.936386664823157,-6.896037860553596,-7.472202229142546,-8.943047443444696,-6.09847319360458,-6.133936579228852,-7.818473526242451,-5.681611372552568
1.6391339003956713,-1.28190806889587,-3.370624531927847,-9.64241906198855,-4.3081213962390486,-1.836603769473678,-6.775685089178775,-6.625126643261207,-6.6087112192985655,-7.733026758085888,-6.2835314781303575,-2.4695015623927996,-6.568413883045645,-6.933144154373527,-5.56280319861541,-2.412609221623497,-5.361196767384622,-4.517528265635451,-4.807565466799523,-7.0359339748280725,-6.2664706949030675,-4.640965429729224,-4.374958695969197,-5.248679950433465,-8.181403727064358,-5.301285858594578,-5.19461438104038,-6.053936866893943,-8.10743018227227,-1.0920461137389674,-5.3971709299149095,-3.0085952392679562,-7.5291014672072,-5.175716491708059,-8.494768942901988,-4.44621173997628,-7.161781234677456,-7.395163320593493,-4.82100643025648,-7.79815437279958,-6.461702975855403,-6.13030348889597,-4.72630752693002,-8.161086860971983,-7.68955771538047,-6.039470663065814,-5.468811184075093,-2.851843225839377,-3.4491519325051003,-8.417330848131906,-1.9694504264430521,-7.0723639545484485,-5.6835019116050365,-7.328167534663137,-4.5655795602508835,-3.621147155657315,-7.3139744495424255,-4.766380332782855,-4.8201801240376,-6.6721847390136295,-6.080827695417801,-6.9266023292401355,-4.582680450261509,-1.5107125955803686,-5.573786383050173,-6.6712592038875655,-2.9185879396647643,-6.15290792490719,-6.208823014242853,-6.000139789142917,-5.028672171472159,-1.3046523312071456,-6.7603872523648345,-3.0114378140450535,-2.130195698340641,-1.9181430552636503,-8.720611494894117,-5.740428110541607,-6.296932121562235,-5.9718410893523854,-7.326622560564612,-5.230041664133977,-7.029061076665174,-5.647078099659043,-7.446065594523864,-3.7429119751837385,-8.716655294407314,-3.1939358820879145,-7.117406991667506,-2.7462509043175114,-3.7206906118704843,-2.3477352043488073,-5.934679115957953,-7.833443979270863,-5.984722066771354,-6.945798078003796,-7.520778556320247,-8.998714441540766,-6.1462750895272995,-6.181512459315535,-7.8696931892635185,-5.724494146175683
1.6434961272734958,-1.43294850567366,-3.392512448421267,-9.677407624637986,-4.33989420507048,-1.8523581149543749,-6.803272066283135,-6.656786530435694,-6.636547528809899,-7.765017207378184,-6.30891712208156,-2.492099556517421,-6.599393565572544,-6.9667558423199,-5.588921278242484,-2.4293909610704945,-5.384832046073468,-4.54283694436828,-4.827750258129902,-7.071214272249727,-6.292843130460056,-4.666635556216767,-4.394235831385217,-5.27574006714581,-8.209491118272087,-5.329185703909566,-5.21544272806531,-6.077703889359457,-8.14276699652721,-1.1088196654453366,-5.427223389729534,-3.0290646810159965,-7.560851980729072,-5.20004371408526,-8.530228685899498,-4.466065279853438,-7.195469019919033,-7.425747800569777,-4.846901033227226,-7.8270987348768175,-6.491202056026675,-6.15985550786151,-4.749628978728274,-8.188668407115355,-7.725184427993149,-6.066530847931604,-5.4931087126482225,-2.8715959504196817,-3.470258522161857,-8.452013882618331,-1.991622847335285,-7.097583597102112,-5.708287581100263,-7.36172149321597,-4.59083507373345,-3.6392295832263555,-7.343174804324422,-4.7906496534209335,-4.840139592457093,-6.698650459555219,-6.112931587554667,-6.954352447893337,-4.6106879428838505,-1.5285668093926896,-5.598013732103471,-6.699500938930464,-2.9357684654220515,-6.1824480866572324,-6.238497098451626,-6.0258199266842025,-5.052970040048522,-1.3193527066610757,-6.783354073665898,-3.029076504463358,-2.151981312618571,-1.934943840277797,-8.752355877190274,-5.764624329845439,-6.324698412018259,-6.00539217615245,-7.358110340535653,-5.25598021112393,-7.052247911584031,-5.676638548928972,-7.476790856988634,-3.762613018310012,-8.754764598410066,-3.213298672772913,-7.1471397273479775,-2.7701834043985105,-3.7408697904473867,-2.364248741963595,-5.963214099213294,-7.864802104339985,-6.01560793488554,-6.977708296247235,-7.554913934562627,-9.039677964503959,-6.1759538001683065,-6.215285999466155,-7.906104050451252,-5.750770131586137
1.6478583541513205,-1.402885387416,-3.4076039166240726,-9.706851861379793,-4.362125945178704,-1.8619234128388755,-6.828388299306307,-6.679565552297729,-6.660779999983776,-7.790834495454974,-6.330743596113104,-2.503775214929629,-6.6233211648923165,-6.994590511392322,-5.607686525235541,-2.4429349215944045,-5.402841934428878,-4.562323351775926,-4.8434140005762725,-7.096611706284906,-6.314447772607026,-4.686653825856185,-4.410958519811998,-5.2930208612803105,-8.232803948161086,-5.349483726279414,-5.23208836197402,-6.0962830552274845,-8.169885682389179,-1.1193914621608219,-5.451264695096485,-3.042650051864131,-7.588914224320067,-5.219647421916099,-8.559626435726647,-4.480679474120843,-7.2219226090318065,-7.452627274082903,-4.866422127935398,-7.849946610224661,-6.515259097131018,-6.183487244871914,-4.767413537437339,-8.210337308937863,-7.753513978436482,-6.088506613405134,-5.512963043059441,-2.885476604852226,-3.4837746923067945,-8.482608394849397,-2.0036015555143223,-7.117088772307295,-5.728173236192623,-7.390570244851662,-4.611882345354056,-3.6513077583920266,-7.370783676672866,-4.807393962741794,-4.85534664211545,-6.721108047574402,-6.135345306067443,-6.979215057950038,-4.632379101774641,-1.5379712427099115,-5.614273185544889,-6.722818621843101,-2.947483371987709,-6.208525264825725,-6.262287302472852,-6.045453422026856,-5.069456309071798,-1.3281201875573507,-6.804936417629275,-3.0425283813120227,-2.164094133239362,-1.9444816073975153,-8.779292747806545,-5.784439542909586,-6.347069470720099,-6.032212016694473,-7.381994613464868,-5.277067383251931,-7.070657582756793,-5.698130652393121,-7.503580750831369,-3.776169158142549,-8.785931576438927,-3.226903970584554,-7.168931525670873,-2.7861346454380698,-3.7558391545277567,-2.3736639962803117,-5.9858231177196854,-7.890916982761271,-6.04023499317748,-7.003758917284229,-7.57979132979557,-9.07164520939158,-6.200045245084475,-6.239164945381245,-7.933623630769569,-5.769947197884284
1.6522205810291453,-2.46791355003595,-3.422560180635437,-9.73629609812158,-4.384357685286947,-1.871488710723345,-6.853504532329492,-6.702344574159764,-6.6850124711576955,-7.816651783531777,-6.352570070144623,-2.515450873341831,-6.647248764212095,-7.022425180464725,-5.626451772228598,-2.456478882118314,-5.420851822784307,-4.581809759183578,-4.859077743022686,-7.122009140320105,-6.3360524147540085,-4.706672095495621,-4.427681208238753,-5.31030165541483,-8.25611677805011,-5.36978174864925,-5.248733995882686,-6.1148622210955,-8.197004368251148,-1.129963258876338,-5.47530600046343,-3.0562354227122714,-7.616976467911051,-5.23925112974693,-8.58902418555379,-4.495293668388268,-7.248252239796677,-7.479506747596016,-4.885943222643539,-7.8727944855725225,-6.539316138235381,-6.2071189818823,-4.785198096146423,-8.232006210760357,-7.7818435288798025,-6.110482378878645,-5.532817373470647,-2.8993572592847707,-3.497290862451731,-8.513202907080462,-2.0155802636933604,-7.136593947512453,-5.748058891284969,-7.419418996487353,-4.632929616974655,-3.6633859335576906,-7.398392549021303,-4.824138272062642,-4.870553691773813,-6.7435656355935345,-6.15775902458022,-7.004077668006752,-4.653633023879383,-1.5473756760271584,-5.630532638986301,-6.746136304755757,-2.9591982785533544,-6.234602442994204,-6.286077506494078,-6.065086917369485,-5.085942578095062,-1.3368876684536133,-6.826518761592675,-3.055980258160674,-2.1762069538601843,-1.9540193745172527,-8.806229618422806,-5.804254755973732,-6.369440529421951,-6.059031857236502,-7.405878886394115,-5.2981545553799325,-7.089067253929567,-5.719622755857251,-7.530370644674128,-3.78972529797511,-8.817098554467771,-3.2405092683961954,-7.190723323993792,-2.80208588647766,-3.7708085186081384,-2.383079250597022,-6.008432136226077,-7.9170318611825765,-6.06486205146942,-7.029809538321237,-7.604668725028525,-9.103612454279196,-6.2241366900006625,-6.263043891296361,-7.961143211087893,-5.789124264182425
1.65658280790697,-0.162857799947345,-3.43657790755433,-9.76574033486338,-4.406589425395183,-1.8810540086078333,-6.87862076535267,-6.725123596021793,-6.709244942331603,-7.84246907160856,-6.374396544176135,-2.5271265317540452,-6.671176363531873,-7.050259849537148,-5.64521701922166,-2.4700228426422175,-5.4388617111397295,-4.601296166591237,-4.874741485469081,-7.147406574355303,-6.357657056901016,-4.726690365135045,-4.444403896665509,-5.327582449549313,-8.279429607939116,-5.390079771019122,-5.265379629791371,-6.133441386963539,-8.224123054113111,-1.140535055591854,-5.499347305830362,-3.069820793560438,-7.645038711502054,-5.258854837577756,-8.618421935380933,-4.509907862655642,-7.272155209399283,-7.506386221109123,-4.905464317351693,-7.895642360920366,-6.563373179339743,-6.23075071889268,-4.802982654855494,-8.25367511258287,-7.810173079323129,-6.132458144352194,-5.552671703881866,-2.9132379137173334,-3.510807032596662,-8.5437974193115,-2.0275589718723914,-7.156099122717636,-5.767944546377309,-7.448267748123058,-4.6539768885952615,-3.6754641087233555,-7.4260014213697545,-4.84088258138349,-4.88576074143217,-6.7660232236127165,-6.180172743092998,-7.028940278063485,-4.673870583599715,-1.5567801093443367,-5.646792092427681,-6.769453987668383,-2.970913185119012,-6.2606796211626765,-6.30986771051531,-6.084720412712127,-5.102428847118338,-1.3456551493498883,-6.848101105556058,-3.0694321350093263,-2.1883197744809824,-1.9635571416369713,-8.833166489039098,-5.824069969037866,-6.391811588123797,-6.0858516977785255,-7.429763159323336,-5.319241727507934,-7.107476925102354,-5.741114859321412,-7.557160538516875,-3.803281437807616,-8.848265532496606,-3.2541145662078232,-7.212515122316706,-2.8180371275172504,-3.785777882688496,-2.39249450491372,-6.031041154732474,-7.943146739603882,-6.089489109761341,-7.055860159358238,-7.629546120261462,-9.135579699166797,-6.2482281349168245,-6.286922837211451,-7.988662791406229,-5.80830133048056
1.6609450347847945,-0.889581698556838,-3.450595634473223,-9.795184571605192,-4.428821165503401,-1.8906193064923216,-6.903736998375842,-6.747902617883847,-6.733477413505479,-7.868286359685375,-6.3962230182076665,-2.538802190166253,-6.695103962851639,-7.07809451860957,-5.663982266214723,-2.483566803166109,-5.456871599495121,-4.620782573998865,-4.890405227915475,-7.172804008390495,-6.379261699048017,-4.746708634774469,-4.461126585092289,-5.34486324368382,-8.302742437828128,-5.410377793388977,-5.282025263700051,-6.152020552831548,-8.251241739975098,-1.1511068523073456,-5.523388611197308,-3.083406164408566,-7.673100955093063,-5.2784585454085935,-8.647819685208063,-4.524522056923049,-7.296058179001891,-7.533265694622261,-4.924985412059833,-7.918490236268209,-6.58743022044408,-6.254382455903072,-4.820767213564565,-8.275344014405364,-7.838502629766468,-6.154433909825705,-5.572526034293085,-2.9271185681498784,-3.524323202741593,-8.574391931542559,-2.039537680051429,-7.175604297922788,-5.787830201469661,-7.477116499758757,-4.6750241602158615,-3.687542283889039,-7.453610293718192,-4.8576268907043385,-4.900967791090533,-6.788480811631886,-6.20258646160578,-7.053802888120173,-4.6941081433200464,-1.5661845426616088,-5.663051545869124,-6.793014062982888,-2.982628091684676,-6.28675679933115,-6.333657914536537,-6.104353908054768,-5.118915116141595,-1.354422630246157,-6.869683449519472,-3.082884011857966,-2.200432595101786,-1.9730949087567147,-8.860103359655357,-5.843885182102012,-6.414182646825637,-6.112671538320562,-7.453647432252526,-5.340328899635935,-7.125886596275141,-5.762606962785567,-7.583950432359609,-3.816837577640146,-8.879432510525463,-3.2677198640194396,-7.2343069206396065,-2.833988368556816,-3.80074724676889,-2.401909759230443,-6.053650173238847,-7.969261618025194,-6.114116168053286,-7.081910780395233,-7.654423515494404,-9.167546944054418,-6.272319579832999,-6.310801783126566,-8.016182371724533,-5.827478396778663
1.665307261662619,-0.974136584700245,-3.46461336139211,-9.824628808346985,-4.451052905611638,-1.900184604376816,-6.9288532313990325,-6.770681639745889,-6.757709884679387,-7.89410364776214,-6.4180494922391595,-2.550477848578442,-6.719031562171417,-7.105929187681985,-5.682747513207779,-2.4971107636900376,-5.47488148785055,-4.640268981406511,-4.906068970361883,-7.1982014424256935,-6.400866341194994,-4.766726904413907,-4.477849273519045,-5.362144037818321,-8.32605526771712,-5.4306758157588435,-5.298670897608724,-6.170599718699594,-8.278360425837043,-1.1624401633787136,-5.547429916564277,-3.0969915352567003,-7.7011631986840525,-5.298062253239426,-8.677217435035217,-4.539136251190467,-7.319961148604499,-7.560145168135343,-4.9445065067679925,-7.941338111616045,-6.611487261548437,-6.278014192913446,-4.838551772273637,-8.297012916227853,-7.866832180209783,-6.176409675299216,-5.59238036470431,-2.940999222582416,-3.537839372886517,-8.604986443773612,-2.051516388230442,-7.195109473127959,-5.807715856562002,-7.505965251394449,-4.6960714318364545,-3.6996204590547217,-7.48121916606665,-4.874371200025168,-4.916174840748903,-6.810938399651043,-6.225000180118563,-7.0786654981768935,-4.714345703040366,-1.5755889759788182,-5.680376284114776,-6.817511102471062,-2.9943429982503202,-6.3128339774996665,-6.357448118557756,-6.123987403397422,-5.135401385164871,-1.3631901111424258,-6.891265793482847,-3.0963358887066237,-2.2125454157226145,-1.9826326758764394,-8.88704023027163,-5.8637003951661395,-6.43655370552749,-6.139491378862585,-7.477531705181766,-5.361416071763935,-7.144296267447909,-5.784099066249697,-7.610740326202356,-3.8303937174726954,-8.910599488554306,-3.2813251618310684,-7.256098718962489,-2.8499396095964,-3.815716610849285,-2.411325013547141,-6.076259191745244,-7.995376496446481,-6.138743226345226,-7.107961401432221,-7.679300910727353,-9.199514188942059,-6.296411024749161,-6.334680729041681,-8.043701952042863,-5.846655463076817
1.669669488540444,-1.32389499701149,-3.478631088311002,-9.854073045088766,-4.473284645719868,-1.9097499022612856,-6.953969464422211,-6.7934606616078925,-6.781942355853294,-7.919920935838943,-6.439875966270691,-2.5621535069906445,-6.742959161491189,-7.133763856754389,-5.701512760200817,-2.51065472421391,-5.492891376205966,-4.659755388814175,-4.921732712808259,-7.223598876460873,-6.422470983341977,-4.786745174053318,-4.494571961945781,-5.379424831952809,-8.349368097606131,-5.450973838128686,-5.315316531517403,-6.189178884567609,-8.305479111699055,-1.1741891096791033,-5.571471221931184,-3.1105769061048347,-7.729225442275049,-5.317665961070232,-8.706615184862342,-4.553750445457872,-7.343864118207119,-7.587024641648475,-4.964027601476165,-7.964185986963889,-6.635544302652798,-6.301645929923826,-4.856336330982714,-8.318681818050372,-7.895161730653103,-6.198385440772733,-5.6122346951155215,-2.9548798770149665,-3.5513555430314607,-8.635580956004677,-2.063495096409473,-7.214614648333129,-5.827601511654354,-7.534814003030148,-4.717118703457067,-3.711698634220393,-7.5088280384151,-4.891115509346041,-4.9313818904072475,-6.833395987670213,-6.247413898631347,-7.103528108233594,-4.734583262760691,-1.584993409296034,-5.699074927345116,-6.842008141959288,-3.006057904815978,-6.338911155668128,-6.381238322578977,-6.143620898740063,-5.151887654188129,-1.3719575920387008,-6.912848137446267,-3.1097877655552635,-2.2246582363434246,-1.9921704429961706,-8.913977100887896,-5.883515608230298,-6.458924764229329,-6.1663112194046334,-7.501415978110981,-5.382503243891955,-7.162705938620677,-5.8055911697138445,-7.637530220045097,-3.843949857305213,-8.941766466583156,-3.2949304596427025,-7.277890517285422,-2.8658908506359717,-3.830685974929649,-2.4207402678638514,-6.09886821025161,-8.021491374867779,-6.16337028463716,-7.134012022469241,-7.704178305960289,-9.231481433829655,-6.320502469665329,-6.358559674956783,-8.07122153236118,-5.865832529374946
1.6740317154182685,-10.9378811764409,-3.492648815229895,-9.883517281830585,-4.495516385828092,-1.9193152001457487,-6.979085697445414,-6.816239683469953,-6.806174827027177,-7.945738223915719,-6.461702440302222,-2.5738291654028522,-6.766886760810943,-7.161598525826805,-5.720936943127191,-2.5241986847378195,-5.510901264561382,-4.67924179622184,-4.937396455254648,-7.248996310496071,-6.44407562548896,-4.806763443692755,-4.511294650372587,-5.396705626087323,-8.372680927495143,-5.471271860498547,-5.3319621654261065,-6.207758050435649,-8.332597797561005,-1.1859380559794743,-5.5955125272981485,-3.124162276952995,-7.757287685866039,-5.337269668901071,-8.736012934689484,-4.568364639725253,-7.3677670878097326,-7.6139041151615885,-4.983548696184306,-7.987033862311744,-6.659601343757167,-6.325277666934212,-4.874120889691767,-8.340350719872879,-7.923491281096455,-6.220361206246257,-5.632089025526728,-2.9687605314475176,-3.5648717131763847,-8.66617546823573,-2.0754738045885173,-7.234119823538287,-5.8474871667467,-7.563662754665839,-4.73816597507766,-3.723776809386063,-7.536436910763563,-4.907859818666883,-4.946588940065605,-6.855853575689371,-6.269827617144111,-7.128390718290302,-4.754820822481011,-1.5943978426132683,-5.717773570575468,-6.866505181447506,-3.017772811381617,-6.3649883338366315,-6.405028526600202,-6.1632543940827045,-5.16837392321138,-1.380725072934957,-6.93443048140965,-3.123239642403922,-2.2367710569642156,-2.00170821011592,-8.940913971504175,-5.903330821294438,-6.48129582293117,-6.193131059946657,-7.525300251040221,-5.403590416019944,-7.181115609793452,-5.827083273177981,-7.664320113887831,-3.857505997137756,-8.972933444611991,-3.308535757454319,-7.299682315608322,-2.8818420916755443,-3.845655339010043,-2.430155522180562,-6.122484296183011,-8.047606253289091,-6.187997342929075,-7.160062643506248,-7.7290557011932375,-9.263448678717282,-6.344593914581516,-6.382438620871892,-8.098741112679503,-5.885009595673087
1.6783939422960932,-11.4795333834162,-3.5066665421487633,-9.912961518572379,-4.517748125936323,-1.9288804980302494,-7.004201930468586,-6.839018705331976,-6.830407298201084,-7.971555511992503,-6.483528914333747,-2.58550482381506,-6.790814360130727,-7.1894331948992205,-5.740871178195742,-2.5377426452617238,-5.5289111529168045,-4.698728203629473,-4.953060197701049,-7.274393744531276,-6.465680267635949,-4.826781713332179,-4.528017338799337,-5.41398642022183,-8.395993757384142,-5.491569882868401,-5.348607799334785,-6.22633721630367,-8.359716483422988,-1.1976870022798265,-5.619553832665087,-3.1377476478011292,-7.785349929457042,-5.3568733767319205,-8.765410684516626,-4.582978833992703,-7.3916700574123455,-7.640783588674689,-5.003069790892458,-8.0098817376596,-6.683658384861516,-6.348909403944585,-4.891905448400844,-8.362019621695374,-7.951820831539769,-6.242336971719761,-5.651943355937941,-2.9826411858800554,-3.5783878833213283,-8.6967699804668,-2.087452512767573,-7.2536249987434696,-5.867372821839059,-7.592511506301531,-4.759213246698266,-3.7358549845517093,-7.564045783112001,-4.923244653928473,-4.961795989723956,-6.8783111637085526,-6.2922413356569,-7.15325332834701,-4.775058382201368,-1.6038022759304966,-5.736472213805808,-6.891002220935725,-3.029487717947293,-6.391065512005098,-6.42881873062141,-6.182887889425371,-5.184860192234662,-1.3894925538312322,-6.956012825373025,-3.136691519252561,-2.2488838775850257,-2.01124597723562,-8.967850842120429,-5.9231460343585915,-6.503666881633003,-6.219950900488692,-7.549184523969424,-5.424677588147958,-7.199525280966227,-5.848575376642129,-7.691110007730571,-3.8710621369703055,-9.004100422640848,-3.3221410552659414,-7.321474113931211,-2.8977933327151284,-3.8606247030904255,-2.439570776497291,-6.146263459546178,-8.073721131710396,-6.212624401221033,-7.186113264543243,-7.7539330964261985,-9.295415923604898,-6.368685359497672,-6.4063175667869885,-8.126260692997834,-5.90418666197121
1.6827561691739177,-0.72560053813981,-3.5206842690676625,-9.94240575531419,-4.53997986604456,-1.9384457959147252,-7.029318163491758,-6.861797727194023,-6.854639769374992,-7.997372800069331,-6.505355388365266,-2.597180482227243,-6.814741959450487,-7.217267863971624,-5.760805413264262,-2.551286605785621,-5.546921041272203,-4.718214611037139,-4.968723940147437,-7.299791178566461,-6.487284909782919,-4.84679998297161,-4.544740027226105,-5.431267214356325,-8.419306587273148,-5.511867905238268,-5.365253433243459,-6.24491638217171,-8.38683516928495,-1.2094359485801975,-5.643595138032045,-3.1513330186492574,-7.8134121730480315,-5.376477084562722,-8.794808434343768,-4.59759302826009,-7.415573027014953,-7.667663062187815,-5.022590885600612,-8.03272961300743,-6.70771542596586,-6.372541140954996,-4.909690007109916,-8.383688523517868,-7.98015038198309,-6.264312737193304,-5.671797686349152,-2.996521840312613,-3.591904053466253,-8.727364492697841,-2.0994312209465735,-7.273130173948621,-5.887258476931381,-7.621360257937236,-4.780260518318865,-3.7479331597173795,-7.59196263125125,-4.938556456506026,-4.977003039382331,-6.90076875172771,-6.3146550541696715,-7.178253628821692,-4.795295941921687,-1.613206709247725,-5.755170857036197,-6.9149907613097845,-3.041202624512925,-6.417142690173578,-6.4526089346426545,-6.202521384767987,-5.201346461257927,-1.398260034727501,-6.977595169336433,-3.150143396101207,-2.260996698205836,-2.0207837443553576,-8.994787712736702,-5.942961247422732,-6.526037940334856,-6.246770741030697,-7.571902588261071,-5.445764760275947,-7.2179349521390135,-5.870067480106272,-7.7178999015733245,-3.8846182768028354,-9.03526740066969,-3.3357463530775755,-7.343265912254118,-2.9137445737547063,-3.8755940671708142,-2.4489860308139955,-6.17004262290937,-8.099836010131689,-6.2372514595129545,-7.21216388558025,-7.778810491659135,-9.3273831684925,-6.3927768044138595,-6.430196512702122,-8.153780273316164,-5.923363728269351
1.6871183960517426,-3.10230907336234,-3.5347019959865618,-9.971849992055978,-4.562211606152809,-1.9480110937992134,-7.054434396514955,-6.884576749056059,-6.878872240548931,-8.023190088146077,-6.527181862396785,-2.608856140639464,-6.838669558770259,-7.245102533044046,-5.780739648332801,-2.5648305663095368,-5.564930929627619,-4.7377010184447785,-4.9843876825938445,-7.3251886126016785,-6.508889551929927,-4.866818252611034,-4.561462715652879,-5.448548008490819,-8.442619417162172,-5.532165927608122,-5.381899067152144,-6.2634955480397245,-8.413953855146932,-1.2211848948805684,-5.667636443398989,-3.1649183894974167,-7.841474416639022,-5.396080792393565,-8.82420618417091,-4.6122072225274895,-7.439475996617561,-7.694542535700922,-5.042111980308765,-8.055577488355267,-6.7317724670702095,-6.396172877965395,-4.9274745658190175,-8.405357425340382,-8.008479932426422,-6.286288502666816,-5.691652016760371,-3.010402494745163,-3.6054202236112083,-8.757959004928887,-2.1114099291255988,-7.292635349153792,-5.907144132023739,-7.6502090095729285,-4.801307789939472,-3.760011334883057,-7.62073161224771,-4.953868259083568,-4.992210089040676,-6.923226339746867,-6.337068772682454,-7.2042757849969785,-4.815533501642019,-1.6226111425649405,-5.773869500266518,-6.938428877764345,-3.0529175310785828,-6.443219868342076,-6.476399138663875,-6.222154880110641,-5.217832730281191,-1.4070275156237697,-6.999177513299828,-3.1635952729498777,-2.2731095188266517,-2.030321511475082,-9.021724583352968,-5.962776460486865,-6.548408999036714,-6.273590581572739,-7.594358739412725,-5.46685193240396,-7.236344623311794,-5.8915595835703956,-7.744689795416071,-3.8981744166353787,-9.06643437869854,-3.3493516508892167,-7.365057710577013,-2.929695814794284,-3.8905634312511834,-2.458401285130712,-6.193821786272569,-8.125950888552982,-6.261878517804901,-7.238214506617239,-7.803687886892077,-9.359350413380133,-6.4168682493300215,-6.454075458617218,-8.181299853634481,-5.942177304471381
1.6914806229295671,-1.33432530644319,-3.548719722905436,-10.001294228797764,-4.584443346261021,-1.9575763916837017,-7.079550629538114,-6.907355770918082,-6.903104711722789,-8.049007376222903,-6.549008336428297,-2.620531799051647,-6.862597158090043,-7.272937202116456,-5.800673883401328,-2.5783745268334473,-5.582940817983041,-4.7571874258524245,-5.000051425040227,-7.350586046636852,-6.530494194076909,-4.886836522250458,-4.578185404079641,-5.465828802625321,-8.465932247051176,-5.552463949977958,-5.398544701060842,-6.282074713907765,-8.441072541008882,-1.2329338411809332,-5.691677748765915,-3.178503760345558,-7.869536660230037,-5.415684500224391,-8.853603933998047,-4.626821416794895,-7.463378966220187,-7.721422009214029,-5.061633075016924,-8.07842536370313,-6.755829508174572,-6.419804614975774,-4.945259124528064,-8.427026327162901,-8.036809482869756,-6.30826426814032,-5.711506347171596,-3.024283149177707,-3.6189363937561394,-8.788553517159965,-2.1233886373046422,-7.312140524358974,-5.927029787116067,-7.679057761208632,-4.822355061560059,-3.7720895100487404,-7.649500593244131,-4.969180061661121,-5.007417138699045,-6.94568392776603,-6.359482491195225,-7.230297941172277,-4.83577106136235,-1.6320155758821813,-5.792568143496895,-6.961866994218936,-3.064632437644234,-6.469297046510549,-6.500189342685113,-6.241788375453301,-5.234318999304454,-1.415794996520032,-7.020759857263222,-3.1770471497985167,-2.2852223394474493,-2.039859278594838,-9.04866145396924,-5.982591673550999,-6.570780057738542,-6.300410422114768,-7.616814890564381,-5.4879391045319545,-7.254754294484562,-5.913051687034563,-7.771479689258806,-3.911730556467896,-9.097601356727383,-3.3629569487008455,-7.386849508899927,-2.945647055833856,-3.905532795331572,-2.467816539447404,-6.217600949635767,-8.152065766974289,-6.286505576096847,-7.264265127654245,-7.828565282125032,-9.391317658267742,-6.4409596942461835,-6.477954404532334,-8.2088194339528,-5.95993224980358
1.6958428498073919,-2.66555828618672,-3.5627374498243345,-10.030738465539564,-4.606675086369264,-1.9671416895681961,-7.104666862561324,-6.930134792780142,-6.92733718289669,-8.074824664299694,-6.570834810459822,-2.632207457463867,-6.886524757409815,-7.300771871188878,-5.820608118469848,-2.591918487357338,-5.6009507063384705,-4.776673833260052,-5.0157151674866345,-7.3759834806720495,-6.552098836223886,-4.906854791889882,-4.59490809250639,-5.483109596759828,-8.489245076940175,-5.572761972347824,-5.415190334969514,-6.300653879775805,-8.468191226870871,-1.244682787481298,-5.715719054132873,-3.1920891311936987,-7.897598903821014,-5.435288208055223,-8.883001683825201,-4.641435611062308,-7.487281935822801,-7.7483014827271735,-5.081154169725065,-8.101273239050965,-6.779886549278934,-6.443436351986154,-4.963043683237129,-8.448695228985395,-8.065139033313057,-6.330240033613844,-5.731360677582821,-3.0381638036102583,-3.6324525639010767,-8.819148029391004,-2.1353673454836675,-7.331645699564145,-5.946915442208425,-7.707906512844312,-4.843402333180665,-3.784167685214398,-7.678269574240583,-4.984491864238669,-5.022624188357403,-6.968141515785193,-6.381896209708015,-7.25632009734757,-4.85600862108267,-1.6414200091994096,-5.811266786727241,-6.985305110673508,-3.0763473442098856,-6.495374224679041,-6.523979546706327,-6.261421870795924,-5.250805268327737,-1.4245624774163073,-7.0423422012266235,-3.1904990266471875,-2.297335160068272,-2.049397045714569,-9.075598324585494,-6.002406886615164,-6.5931511164404,-6.327230262656805,-7.639271041716068,-5.509026276659956,-7.273163965657356,-5.934543790498693,-7.798269583101565,-3.9252866963004207,-9.128768334756245,-3.378721077293089,-7.408641307222828,-2.961598296873434,-3.9205021594119414,-2.477231793764121,-6.241380112998923,-8.178180645395582,-6.311132634388773,-7.290315748691259,-7.853442677357943,-9.423284903155357,-6.46505113916237,-6.501833350447437,-8.236339014271154,-5.977687195135779
1.7002050766852164,-8.62219960824507,-3.576318098444025,-10.058202522224237,-4.626831845306742,-1.9764263698152542,-7.127094345785267,-6.951359435323303,-6.949928653655941,-8.099284160210297,-6.592264072711643,-2.64111644934714,-6.909251661345098,-7.326264869710176,-5.839846473275988,-2.6054624478812416,-5.61661737649708,-4.79217644237278,-5.030809539173447,-7.398695742512977,-6.5730087814938125,-4.924484350550157,-4.609662035926422,-5.496784397499643,-8.511011228727888,-5.593059994717685,-5.4318359688782,-6.318285472517578,-8.493916285056851,-1.2536530641978332,-5.738178629869399,-3.2035811876688953,-7.92379293399874,-5.453487748722327,-8.909172341974452,-4.6552557818164795,-7.5074664061625125,-7.773041600838147,-5.100675264433237,-8.122248353861407,-6.8022184159847106,-6.465665933590317,-4.979846564440351,-8.466468973393315,-8.090048224912458,-6.34939823472232,-5.751215007994021,-3.050704978614659,-3.6459687340460194,-8.84652091775289,-2.1467327665872507,-7.349032747748599,-5.9624516875221785,-7.733979953806687,-4.863137711351383,-3.79506347830318,-7.706891189059886,-4.997024866121865,-5.035445272244444,-6.9900368719630475,-6.401434541734312,-7.281446491896675,-4.876197946199702,-1.6492852793210497,-5.829301503778327,-7.0075484603866025,-3.085494733786488,-6.52105413713124,-6.545765860109424,-6.281055366138596,-5.265457829844965,-1.430298881375184,-7.0622339199969435,-3.201334711014174,-2.3090741285895233,-2.057074032797016,-9.101575936201058,-6.021548228159747,-6.6142076418344,-6.353410464853082,-7.660338039691378,-5.5287866957258185,-7.288353688821617,-5.954731498574873,-7.824798147478759,-3.9380090831551744,-9.158285317295613,-3.3927593339303597,-7.428864204354877,-2.9749837419506733,-3.9336024463802666,-2.4859327791369408,-6.26481636278226,-8.202479079762375,-6.3337714292092455,-7.313144575601872,-7.876352591916715,-9.45355963347048,-6.4870782380868235,-6.522246486783147,-8.25971570782225,-5.9926989858558635
1.7045673035630413,-10.2954494803998,-3.5727768647363334,-10.070197734179077,-4.631621363524633,-1.9684216428305352,-7.13481254049194,-6.956658947613035,-6.956687807495847,-8.107607902944899,-6.596528765499513,-2.635399695896515,-6.915674516509417,-7.336676485317918,-5.842240082110865,-2.6017897128143552,-5.617204322759007,-4.794358846860947,-5.0289236878798915,-7.406694879983664,-6.577072713478222,-4.927082952522434,-4.608934879378707,-5.496733640902099,-8.51684399874099,-5.595804822887774,-5.4315938952931075,-6.319341882590083,-8.503543982318597,-1.2480104657406155,-5.744742380329738,-3.1997256528742266,-7.934398125499759,-5.455601220063203,-8.921211008744843,-4.652336313448904,-7.51404601846756,-7.782483475211374,-5.103481112432568,-8.127639502963854,-6.80880816160556,-6.471807290543973,-4.980110791821741,-8.470827400422403,-8.101032723881742,-6.353985265857107,-5.753761190014311,-3.047090781464803,-3.6424658649985746,-8.859755950312119,-2.1411649928745957,-7.3510987990983505,-5.965060089820589,-7.745436918026393,-4.8666881640902755,-3.789635604835521,-7.718080734002437,-4.994945133413839,-5.03323245660646,-6.994944360500805,-6.4064637057833504,-7.289942210399169,-4.880028409688777,-1.6412091158080873,-5.830457254808269,-7.013481410358718,-3.0798028555236536,-6.529569537871512,-6.552108740267299,-6.283694126935715,-5.2644845745312905,-1.4216930733046824,-7.066346496265801,-3.197383313650464,-2.303623515686443,-2.049154215183176,-9.110990881684895,-6.023821254211935,-6.619082069895857,-6.362685691287856,-7.665302882958355,-5.5323781086288575,-7.289403758765652,-5.958726248514115,-7.834016653510768,-3.9340343809888454,-9.171979621288711,-3.3913126092809636,-7.4331775308924115,-2.9735280740645145,-3.9311148202618886,-2.4778087115063396,-6.271029904788296,-8.21113319725525,-6.3409500425534855,-7.321835729316606,-7.883780051495108,-9.468057245840892,-6.493726697649644,-6.528783684628547,-8.267308545217476,-5.993059821087339
1.7089295304408658,-9.89740540538632,-3.569235631028648,-10.082192946133912,-4.636410881742486,-1.9604169158458165,-7.142530735198651,-6.9619584599027675,-6.963446961335771,-8.115931645679508,-6.600793458287395,-2.629682942445884,-6.922097371673716,-7.347088100925659,-5.844633690945723,-2.5977155942016514,-5.617791269020928,-4.7965412513491,-5.02703783658633,-7.414694017454382,-6.581136645462649,-4.929681554494709,-4.6082077228309934,-5.496682884304569,-8.522676768754074,-5.59851023552416,-5.430596630987337,-6.320398292662607,-8.513171679580292,-1.2423678672834164,-5.751306130790071,-3.195870118079589,-7.94500331700079,-5.45771469140401,-8.933249675515226,-4.649416845081304,-7.52062563077259,-7.791925349584576,-5.105346330447868,-8.133030652066308,-6.815397907226435,-6.477948647497573,-4.980375019203144,-8.475185827451508,-8.112017222851003,-6.358572296991899,-5.756004354890684,-3.0434765843149467,-3.63834903502239,-8.87299098287136,-2.135597219161953,-7.35316485044812,-5.967668492119006,-7.7568938822461,-4.870238616829162,-3.7842077313678297,-7.729270278944981,-4.992865400705812,-5.031019640968488,-6.9998518490385555,-6.411492869832432,-7.298437928901687,-4.883858873177859,-1.6331329522951061,-5.83161300583818,-7.019414360330845,-3.0741109772608572,-6.538084938611785,-6.558451620425167,-6.285692789420167,-5.263511319217598,-1.413087265234156,-7.07045907253466,-3.1934319162867224,-2.2981729027833566,-2.041234397569361,-9.120405827168716,-6.026094280264141,-6.624889111902541,-6.371960917722663,-7.6702677262253385,-5.535969521531903,-7.290453828709686,-5.962720998453387,-7.843235159542771,-3.9300596788224667,-9.185673925281812,-3.38986588463158,-7.437490857429971,-2.972072406178375,-3.928627194143491,-2.470469687874006,-6.277243446794351,-8.219787314748107,-6.348128655897718,-7.330526883031328,-7.891207511073501,-9.482554858211298,-6.500375157212421,-6.535320882473953,-8.274901382612708,-5.993420656318826
1.7132917573186905,-9.39002631246407,-3.565694397320957,-10.094188158088764,-4.641200399960358,-1.952412188861085,-7.150248929905362,-6.967257972192494,-6.970206115175696,-8.12425538841411,-6.605058151075271,-2.623966188995289,-6.9285202268380095,-7.3574997165334,-5.847027299780594,-2.593641475588953,-5.618378215282847,-4.79872365583726,-5.025151985292793,-7.422693154925087,-6.585200577447077,-4.93228015646701,-4.607480566283297,-5.496632127707019,-8.528509538767159,-5.601215648160559,-5.429599366681541,-6.321454702735118,-8.522799376842043,-1.2367252688262047,-5.757869881250385,-3.192014583284889,-7.955608508501821,-5.4598281627448735,-8.945288342285592,-4.6464973767137225,-7.527205243077662,-7.801367223957747,-5.107211548463194,-8.138421801168768,-6.821987652847297,-6.484090004451206,-4.980639246584529,-8.47954425448062,-8.12300172182027,-6.36315932812668,-5.758247519767068,-3.0398623871650905,-3.634232205046187,-8.886226015430593,-2.130029445449317,-7.355230901797878,-5.970276894417397,-7.7683508464657685,-4.873789069568079,-3.778779857900158,-7.740459823887539,-4.990785667997791,-5.028806825330498,-7.004759337576332,-6.416522033881471,-7.3069336474041995,-4.887689336666928,-1.6250567887821064,-5.832768756868128,-7.02534731030296,-3.068419098998066,-6.546600339352039,-6.5647945005830355,-6.2876914519045926,-5.262538063903919,-1.404481457163623,-7.074571648803517,-3.189480518923,-2.2927222898802704,-2.0333145799555403,-9.129820772652577,-6.028367306316353,-6.630903108520298,-6.381236144157457,-7.675232569492291,-5.539560934434929,-7.29150389865372,-5.966715748392641,-7.852453665574767,-3.926084976656088,-9.199368229274937,-3.388419159982165,-7.441804183967499,-2.9706167382921986,-3.9261395680250883,-2.4634847100079362,-6.283456988800406,-8.228441432240995,-6.355307269241958,-7.339218036746062,-7.898634970651906,-9.497052470581698,-6.507023616775248,-6.541858080319384,-8.282494220007951,-5.9937814915503145
1.717653984196515,-9.491273985303,-3.562153163613253,-10.106183370043567,-4.645989918178236,-1.9444074618763725,-7.15796712461206,-6.972557484482225,-6.976965269015614,-8.132579131148706,-6.609322843863141,-2.6182494355446764,-6.934943082002328,-7.367911332141129,-5.849420908615446,-2.589567356976242,-5.618965161544774,-4.8009060603254134,-5.023266133999232,-7.430692292395799,-6.589264509431468,-4.93487875843928,-4.606753409735558,-5.49658137110952,-8.534342308780255,-5.603921060796926,-5.428602102375764,-6.3225111128076295,-8.53242707410375,-1.2310826703689997,-5.7644336317107125,-3.1881590484902516,-7.966213700002826,-5.461941634085743,-8.95732700905598,-4.6435779083461215,-7.53378485538271,-7.810809098330957,-5.109076766478495,-8.143812950271228,-6.828577398468179,-6.4902313614048435,-4.980903473965945,-8.483902681509733,-8.133986220789543,-6.367746359261455,-5.760490684643429,-3.0362481900152094,-3.6301153750700026,-8.899461047989833,-2.1244616717366682,-7.357296953147655,-5.972885296715814,-7.779807810685481,-4.8773395223069835,-3.773351984432499,-7.751649368830122,-4.988705935289734,-5.026594009692539,-7.0096668261140955,-6.421551197930515,-7.315429365906705,-4.891519800156003,-1.616980625269119,-5.833924507898039,-7.0312802602750875,-3.0627272207352387,-6.555115740092317,-6.571137380740917,-6.289690114389037,-5.261564808590239,-1.3958756490931026,-7.0786842250723625,-3.185529121559303,-2.2872716769771646,-2.0253947623417314,-9.139235718136403,-6.030640332368547,-6.636917105138074,-6.390511370592238,-7.680197412759262,-5.543152347337981,-7.2925539685977485,-5.970710498331894,-7.86167217160677,-3.9221102744897216,-9.21306253326803,-3.386972435332768,-7.446117510505046,-2.969161070406078,-3.9236519419067095,-2.456499732141873,-6.289670530806436,-8.237095549733858,-6.36248588258618,-7.347909190460765,-7.906062430230293,-9.511550082952091,-6.513672076338031,-6.5483952781648025,-8.290087057403188,-5.994142326781808
1.72201621107434,-10.4673674646177,-3.558611929905581,-10.118178581998407,-4.650779436396083,-1.936402734891666,-7.16568531931876,-6.977856996771951,-6.983724422855545,-8.14090287388332,-6.613587536650985,-2.6125326820940638,-6.941365937166622,-7.378322947748896,-5.851814517450316,-2.5854932383635374,-5.619552107806701,-4.803088464813605,-5.021380282705689,-7.4386914298664975,-6.5933284414158955,-4.937477360411549,-4.606026253187843,-5.49653061451197,-8.540175078793364,-5.606626473433356,-5.427604838069986,-6.323567522880153,-8.542054771365489,-1.2254400719117942,-5.770997382171052,-3.184303513695589,-7.976818891503857,-5.464055105426582,-8.969365675826351,-4.640658439978528,-7.540364467687764,-7.8202509727041525,-5.110941984493815,-8.149204099373689,-6.8351671440890405,-6.495662999617521,-4.981167701347336,-8.488261108538827,-8.14497071975879,-6.3723333903962285,-5.762733849519782,-3.0326339928653656,-3.625998545093819,-8.912696080549066,-2.118893898024026,-7.3593630044974185,-5.975493699014212,-7.791264774905175,-4.880889975045882,-3.767924110964839,-7.76283891377266,-4.986626202581713,-5.024381194054535,-7.014574314651841,-6.426580361979591,-7.323925084409242,-4.895350263645098,-1.6089044617561443,-5.8350802589279995,-7.037213210247202,-3.057035342472436,-6.563631140832583,-6.577480260898773,-6.2916887768734755,-5.260591553276552,-1.3872698410226012,-7.0827968013412015,-3.181577724195555,-2.2818210640740846,-2.017474944727879,-9.148650663620229,-6.0329133584207595,-6.642931101755819,-6.399786597027026,-7.685162256026208,-5.546743760240994,-7.293604038541776,-5.974705248271167,-7.870890677638792,-3.918135572323374,-9.226756837261147,-3.385525710683372,-7.450430837042581,-2.9677054025199068,-3.9211643157883005,-2.449514754275797,-6.295884072812497,-8.24574966722676,-6.369664495930431,-7.356600344175499,-7.913489889808679,-9.526047695322491,-6.520320535900833,-6.554932476010221,-8.297679894798426,-5.9945031620133085
1.7263784379521645,-2.428998604168,-3.5550706961978706,-10.125153191481225,-4.655568954613955,-1.9283980079069534,-7.167355675681199,-6.98315650906169,-6.990207371967426,-8.142585630154695,-6.617852229438873,-2.6068159286434636,-6.947604282780908,-7.3887345633566435,-5.854208126285181,-2.581419119750839,-5.615119371933268,-4.799441962588034,-5.019494431412152,-7.44669056733719,-6.597392373400317,-4.940075962383838,-4.605299096640135,-5.483117942671966,-8.546007848806454,-5.599607732278823,-5.426607573764184,-6.32065220620942,-8.551682468627215,-1.2197974734545824,-5.777561132631378,-3.1711481544323075,-7.987424083004876,-5.46616857676744,-8.981404342596722,-4.637738971610952,-7.546795581477013,-7.827845477972913,-5.112807202509109,-8.152485224579271,-6.8417568897099095,-6.491276778403678,-4.981431928728714,-8.492619535567934,-8.155955218728081,-6.376920421531009,-5.764977014396168,-3.0288295978590654,-3.6178324973776164,-8.925931113108287,-2.1133261243113903,-7.361429055847164,-5.978102101312641,-7.798093884937993,-4.884396102766706,-3.762496237497155,-7.768359272458158,-4.984546469873687,-5.019495406986486,-7.016136837419939,-6.426657014582212,-7.324839931081609,-4.899180727134135,-1.600217616292172,-5.8362360099579105,-7.033781200365399,-3.0513434642096326,-6.572146541572861,-6.583823141056629,-6.293687439357915,-5.255460848261727,-1.3786640329520745,-7.086909377610053,-3.1742352408327994,-2.276370451171011,-2.007521828537472,-9.158065609104092,-6.035186384472966,-6.648631499966672,-6.401920304662331,-7.690127099293186,-5.543066947505797,-7.294654108485804,-5.978699998210434,-7.880109183670795,-3.914160870156989,-9.235679235465113,-3.3785939030755543,-7.454108801720362,-2.9628724084146327,-3.9138832428000487,-2.4425297764097333,-6.298410872464319,-8.25400041601918,-6.370015599968277,-7.365291497890227,-7.9209173493870715,-9.540545307692904,-6.52461473344228,-6.558921741649307,-8.305272732193632,-5.9948639972447895
1.7307406648299892,-9.09630931818119,-3.535856294201822,-10.121138152125358,-4.649045891212937,-1.9060269186392975,-7.15906633687583,-6.975219016340747,-6.980943767786242,-8.13490341030446,-6.607410259911285,-2.5892803650086327,-6.938004138944136,-7.38920958704246,-5.849655921783358,-2.5651707100102987,-5.599696064451069,-4.785616254031429,-5.002828946244147,-7.439056667855321,-6.596209999521504,-4.934932547109368,-4.593983521843605,-5.46707910646183,-8.537315335399807,-5.586315367031804,-5.413029918682508,-6.3056955935644785,-8.545646010062113,-1.2026197119529347,-5.7739104200153895,-3.151293713410582,-7.988015210008779,-5.461508053429586,-8.979369037514967,-4.625125990841537,-7.537352100149644,-7.8212687277688255,-5.102349121691612,-8.141858440901508,-6.842241231230065,-6.478969127424686,-4.9658115810369114,-8.484889976057351,-8.162502716224296,-6.3690555355845,-5.751775218577151,-3.0091924166564814,-3.5977028493098224,-8.924186841785465,-2.10260713277874,-7.3536815874789765,-5.968525586814288,-7.793539559671276,-4.871923188145811,-3.7425666617986657,-7.763540281662247,-4.9713396376582155,-5.001266142069458,-7.0050296489272466,-6.415675747294353,-7.317332178665414,-4.8930375096215375,-1.5761195740190042,-5.8264101599868745,-7.023715417273921,-3.030645381957589,-6.570213738411468,-6.578015743022967,-6.283688850667617,-5.238475060691662,-1.3561638538952612,-7.0779317514655755,-3.1542692881266126,-2.2603419267681466,-1.9835838760356173,-9.153042148296091,-6.031002373291526,-6.638622836843975,-6.3951908950698515,-7.684875266017332,-5.530654060325444,-7.285316895743429,-5.979274133112252,-7.88179483318285,-3.9063793385518473,-9.23336263069229,-3.3611381555718696,-7.442400314390029,-2.944291348542401,-3.895384764853591,-2.4246449347586623,-6.2886106393842836,-8.246632109730989,-6.36118874496953,-7.361178933542374,-7.9233339817909645,-9.541368843172437,-6.515245903721006,-6.549442160616262,-8.298998708499576,-5.982410523979562
1.7351028917078137,-9.90339287652448,-3.5162906540761583,-10.117123112769477,-4.637799553070599,-1.881994347211704,-7.150776998070468,-6.964487717588806,-6.971680163605032,-8.127221190454227,-6.5956480029899165,-2.5675290812018003,-6.928403995107382,-7.383581746338729,-5.836002271187808,-2.5450629926880364,-5.584272756968889,-4.77179054547483,-4.984916337152032,-7.431031293243246,-6.58422225105852,-4.921485964118555,-4.577218613553142,-5.451040270251674,-8.527120678765309,-5.573023001784779,-5.396749750106292,-6.290738980919569,-8.539249277175802,-1.180941840055843,-5.764435440643892,-3.131439272388895,-7.982581147720684,-5.447573817948777,-8.975379091383248,-4.606166430852873,-7.527908618822263,-7.814691977564762,-5.089304800176742,-8.131231657223777,-6.832781530036824,-6.466661476445657,-4.95005195871774,-8.473214578150777,-8.157433432785457,-6.357609695905032,-5.737993376242485,-2.9895552354539348,-3.577573201242041,-8.921395641756655,-2.0809874315408274,-7.339707860832892,-5.9551004182573894,-7.788985234404547,-4.859450273524915,-3.721111299684364,-7.758721290866318,-4.953223562954659,-4.983036877152448,-6.993922460434548,-6.4046944800064995,-7.309824426249245,-4.880828613751839,-1.552021531745849,-5.81152918815211,-7.013649634182437,-3.0089273418747657,-6.562691020620711,-6.568324961524816,-6.269653450402708,-5.2214892731216285,-1.3315289610375851,-7.066013131382854,-3.1343033354204133,-2.2388535346353176,-1.9585081890485567,-9.146429438726498,-6.017226867464405,-6.628614173721247,-6.388461485477379,-7.673801385240478,-5.5182411731450856,-7.270328687812176,-5.967212463871862,-7.874967609092726,-3.886349218749448,-9.23104602591949,-3.3436824080681724,-7.430691827059703,-2.9243857549332786,-3.876886286907178,-2.401623020096341,-6.2788104063042285,-8.239263803442784,-6.3523618899708,-7.353838139181859,-7.9147091491054224,-9.539836792099402,-6.505877073999719,-6.539962579583235,-8.290562388837348,-5.96673943891987
1.7394651185856387,-10.8093617392957,-3.496725013950452,-10.113108073413596,-4.626553214928243,-1.8579617757840918,-7.142487659265092,-6.953756418836885,-6.962416559423835,-8.119538970604,-6.583885746068579,-2.5457777973949733,-6.918803851270584,-7.377953905634986,-5.822348620592276,-2.52495527536575,-5.568849449486715,-4.75796483691825,-4.967003728059954,-7.423005918631195,-6.5722345025955615,-4.908039381127774,-4.560453705262678,-5.435001434041538,-8.516926022130779,-5.559730636537766,-5.380837158377787,-6.275782368274628,-8.532852544289504,-1.1592639681587324,-5.754960461272395,-3.1115848313671632,-7.977147085432602,-5.433639582467969,-8.97138914525153,-4.5872068708642155,-7.518465137494888,-7.808115227360694,-5.076260478661891,-8.120604873545997,-6.823321828843595,-6.454353825466666,-4.934292336398575,-8.461539180244204,-8.15236414934661,-6.34616385622556,-5.724211533907794,-2.969918054251351,-3.557443553174215,-8.918604441727863,-2.0593677303028906,-7.325734134186819,-5.941675249700508,-7.78443090913783,-4.846977358904026,-3.699655937570056,-7.75390230007042,-4.935107488251135,-4.964807612235412,-6.982815271941868,-6.3937132127186524,-7.302316673833057,-4.86861971788214,-1.527923489472669,-5.796648216317301,-7.003583851090978,-2.9872093017919115,-6.555168302829936,-6.558634180026671,-6.255618050137804,-5.204503485551563,-1.3068940681798653,-7.054094511300132,-3.1143373827142087,-2.217365142502501,-1.9331869647597189,-9.139816729156925,-6.003451361637259,-6.6186055105985195,-6.381732075884905,-7.6627275044636365,-5.5058282859647205,-7.255340479880906,-5.955150794631491,-7.8681403850026586,-3.8663190989470557,-9.228729421146696,-3.3262266605644886,-7.41898333972937,-2.9044801613241935,-3.8583878089607397,-2.3786011054340253,-6.269010173224162,-8.231895497154571,-6.343535034972084,-7.346497344821393,-7.906084316419926,-9.538304741026367,-6.496508244278439,-6.530482998550159,-8.282126069175106,-5.951068353860165
1.7438273454634632,-2.81001760813632,-3.4771593738247697,-10.109093034057684,-4.615306876785886,-1.8339292043565047,-7.134198320459737,-6.943025120084956,-6.9531529552426266,-8.111856750753745,-6.572123489147192,-2.52402651358814,-6.909203707433812,-7.372326064931275,-5.808694969996733,-2.504847558043469,-5.553426142004516,-4.744139128361664,-4.949091118967838,-7.414980544019139,-6.560246754132603,-4.894592798136975,-4.543688796972221,-5.418962597831382,-8.506731365496274,-5.546438271290734,-5.364924566649263,-6.2608257556297175,-8.526455811403162,-1.137586096261622,-5.745485481900891,-3.091730390345445,-7.971713023144526,-5.419705346987154,-8.9673991991198,-4.568247310875545,-7.5090216561675325,-7.801538477156625,-5.06321615714699,-8.109978089868246,-6.813862127650385,-6.442046174487668,-4.918532714079423,-8.449863782337623,-8.147294865907764,-6.334718016546067,-5.7104296915731085,-2.950280873048767,-3.537313905106421,-8.915813241699068,-2.0377480290649346,-7.311760407540746,-5.928250081143597,-7.779876583871108,-4.834504444283125,-3.678200575455773,-7.74908330927451,-4.916991413547598,-4.946578347318377,-6.971708083449163,-6.382731945430819,-7.2948089214169,-4.85641082201248,-1.5038254471995138,-5.781767244482511,-6.993518067999501,-2.9654912617090945,-6.547645585039142,-6.548943398528539,-6.241582649872889,-5.187517697981505,-1.2822591753221828,-7.042175891217417,-3.094371430007997,-2.195876750369697,-1.907865740470906,-9.13320401958737,-5.9895759365413985,-6.608596847475804,-6.375002666292426,-7.6516536236867765,-5.493415398784363,-7.240352271949667,-5.943089125391101,-7.861313160912546,-3.8462889791446573,-9.226894626111434,-3.308770913060804,-7.4072748523990555,-2.884574567715096,-3.839889331014314,-2.35557919077171,-6.259209940144133,-8.224527190866374,-6.334708179973336,-7.339156550460885,-7.8974594837343846,-9.53677268995332,-6.487139414557165,-6.5210034175171385,-8.27368974951288,-5.935397268800481
1.748189572341288,-8.10066249002805,-3.4575937336990696,-10.10507799470181,-4.604060538643542,-1.8098966329288924,-7.1259089816543675,-6.932293821333015,-6.943889351061411,-8.104174530903505,-6.56036123222586,-2.5022752297813255,-6.899603563597033,-7.3666982242275445,-5.7950413194011885,-2.4847398407212005,-5.538002834522354,-4.730313419805053,-4.931178509875743,-7.406955169407045,-6.548259005669619,-4.881146215146169,-4.526923888681739,-5.4029237616212455,-8.496536708861763,-5.533145906043715,-5.349011974920757,-6.245869142984789,-8.520059078516852,-1.1159082243645178,-5.736010502529381,-3.071875949323732,-7.966278960856425,-5.405771111506345,-8.963409252988056,-4.5492877508868625,-7.499578174840163,-7.794961726952557,-5.050171835632139,-8.099351306190496,-6.804402426457149,-6.4297385235086395,-4.902773091760252,-8.438188384431017,-8.142225582468924,-6.3232721768665945,-5.696647849238411,-2.9306436918462078,-3.517184257038627,-8.913022041670258,-2.0161283278270097,-7.297786680894661,-5.914824912586729,-7.775322258604372,-4.822031529662224,-3.6567452133414653,-7.744264318478593,-4.898875338844042,-4.928349082401367,-6.95944924005116,-6.371750678142972,-7.287301169000705,-4.844201926142787,-1.47972740492634,-5.766886272647721,-6.983452284908036,-2.94377322162624,-6.540122867248354,-6.539252617030337,-6.227547249607974,-5.170531910411478,-1.2576242824644943,-7.030257271134702,-3.0744054773017977,-2.174388358236862,-1.8825445161820746,-9.126591310017764,-5.975326595584953,-6.5985881843530825,-6.368273256699952,-7.640579742909923,-5.481002511603991,-7.225364064018397,-5.9310274561506855,-7.854485936822404,-3.8262588593422953,-9.22568729837617,-3.2913151655570942,-7.3955663650687296,-2.8646689741059994,-3.8213908530678946,-2.332557276109413,-6.249409707064066,-8.217158884578176,-6.325881324974601,-7.331815756100407,-7.888834651048868,-9.535240638880305,-6.477770584835878,-6.511457049453374,-8.265253429850631,-5.919726183740789
1.7525517992191124,-8.11683460204561,-3.4380280935733873,-10.101062955345942,-4.5928142005011665,-1.7858640615013053,-7.1176196428490055,-6.9215625225810875,-6.934625746880233,-8.096492311053284,-6.548598975304504,-2.4805239459744803,-6.890003419760267,-7.361070383523801,-5.781387668805644,-2.4646321233989323,-5.522579527040167,-4.716487711248485,-4.91326590078364,-7.398929794794994,-6.536271257206648,-4.867699632155363,-4.510158980391287,-5.38688492541109,-8.486342052227227,-5.519853540796696,-5.333099383192246,-6.230912530339866,-8.513662345630541,-1.0942303524674197,-5.726535523157897,-3.052021508302013,-7.960844898568324,-5.391836876025549,-8.959419306856333,-4.530328190898206,-7.490134693512789,-7.788384976748488,-5.037127514117282,-8.088724522512715,-6.794942725263932,-6.417430872529642,-4.887013469441074,-8.426512986524441,-8.137156299030059,-6.311826337187108,-5.6828660069037324,-2.91100651064363,-3.497054608970827,-8.910230841641448,-1.9945086265890974,-7.2838129542486065,-5.901399744029829,-7.770767933337655,-4.809558615041341,-3.635289851227177,-7.739445327682683,-4.880759264140505,-4.910119817484339,-6.946969502326871,-6.3607694108551245,-7.279793416584536,-4.831993030273101,-1.4556293626531973,-5.752005300812931,-6.973386501816558,-2.9220551815433993,-6.532600149457585,-6.52956183553223,-6.213511849343083,-5.153546122841425,-1.2329893896067872,-7.018338651051993,-3.0544395245955993,-2.152899966104039,-1.8572232918932432,-9.119978600448183,-5.961077254628556,-6.588579521230367,-6.361543847107467,-7.629505862133088,-5.468589624423639,-7.210375856087145,-5.9189657869103085,-7.847658712732292,-3.8062287395398906,-9.2244799706409,-3.273859418053397,-7.383857877738415,-2.8447633804968895,-3.8028923751214503,-2.3095353614471104,-6.239609473984017,-8.20979057828997,-6.317054469975871,-7.324474961739898,-7.88020981836334,-9.533708587807252,-6.468401755114598,-6.500607731812805,-8.256817110188402,-5.904055098681078
1.7569140260969371,-8.59293775083643,-3.418462453447712,-10.09704791599006,-4.581567862358804,-1.7618314900737055,-7.10933030404363,-6.910831223829153,-6.925362142699004,-8.088810091203044,-6.536836718383135,-2.4587726621676476,-6.880403275923488,-7.355442542820071,-5.7677340182101124,-2.444524406076664,-5.507156219557968,-4.702662002691886,-4.895353291691549,-7.390904420182926,-6.524283508743683,-4.8542530491645755,-4.4933940721007986,-5.370846089200941,-8.476147395592735,-5.5065611755497015,-5.317186791463721,-6.21595591769495,-8.50726561274423,-1.0725524805702906,-5.717060543786393,-3.0321670672803194,-7.9554108362802225,-5.377902640544722,-8.955429360724613,-4.511368630909529,-7.480691212185414,-7.781808226544412,-5.024083192602394,-8.078097738834957,-6.78548302407071,-6.40512322155065,-4.871253847121921,-8.414837588617843,-8.132087015591232,-6.300380497507648,-5.669084164569053,-2.8913693294410523,-3.476924960903033,-8.907439641612651,-1.972888925351148,-7.269839227602509,-5.887974575472918,-7.766213608070919,-4.797085700420446,-3.613834489112868,-7.734626336886772,-4.862643189436949,-4.8918905525672844,-6.934489764602577,-6.349788143567277,-7.272285664168367,-4.819784134403421,-1.431531320380011,-5.737124328978154,-6.963320718725112,-2.9003371414605823,-6.525077431666791,-6.519871054034054,-6.199476449078167,-5.136560335271367,-1.208354496749086,-7.006420030969271,-3.0344735718894125,-2.1314115739712287,-1.8319020676044242,-9.113365890878622,-5.946827913672135,-6.57857085810762,-6.354814437515013,-7.618431981356228,-5.456176737243275,-7.19538764815588,-5.906904117669918,-7.840831488642193,-3.786198619737492,-9.223272642905647,-3.2564036705497195,-7.37214939040807,-2.8248577868877858,-3.784393897175012,-2.2865134467848076,-6.229809240903957,-8.202422272001765,-6.308227614977129,-7.317134167379414,-7.871584985677804,-9.532176536734205,-6.459032925393312,-6.489758414172248,-8.24838079052615,-5.888384013621406
1.7612762529747616,-9.91598105913703,-3.3988968133220308,-10.093032876634181,-4.570321524216459,-1.7377989186461182,-7.101040965238268,-6.900099925077219,-6.916098538517814,-8.081127871352814,-6.525074461461773,-2.437021378360833,-6.870803132086728,-7.34981470211634,-5.754080367614574,-2.424416688754377,-5.491732912075782,-4.688836294135294,-4.877440682599446,-7.382879045570875,-6.512295760280712,-4.84080646617375,-4.476629163810316,-5.354807252990804,-8.465952738958205,-5.493268810302676,-5.301274199735209,-6.200999305050022,-8.500868879857896,-1.0508746086731926,-5.707585564414896,-3.0123126262586,-7.94997677399214,-5.363968405063913,-8.951439414592883,-4.492409070920846,-7.471247730858033,-7.775231476340344,-5.011038871087524,-8.067944692915997,-6.776023322877456,-6.392815570571653,-4.855494224802751,-8.403162190711262,-8.12701773215239,-6.288934657828156,-5.655302322234363,-2.871732148238487,-3.4567953128352453,-8.904648441583866,-1.9512692241132168,-7.255865500956443,-5.874549406916018,-7.761659282804222,-4.784612785799551,-3.5923791269985736,-7.729807346090855,-4.844527114733406,-4.873661287650293,-6.9220100268782705,-6.338806876279418,-7.264777911752179,-4.807575238533729,-1.4074332781068497,-5.722243357143345,-6.953254935633609,-2.8786191013777467,-6.517554713876047,-6.510180272535915,-6.1854410488132645,-5.119574547701346,-1.1837196038914035,-6.9945014108865555,-3.0145076191832008,-2.1099231818383934,-1.8065808433155803,-9.106753181309022,-5.93257857271572,-6.568562194984911,-6.348085027922533,-7.607358100579399,-5.443763850062934,-7.180399440224635,-5.894842448429535,-7.8340042645520755,-3.766168499935093,-9.222065315170383,-3.23894792304601,-7.360440903077744,-2.8049521932786954,-3.765895419228568,-2.2634915321225044,-6.220009007823915,-8.19505396571355,-6.299400759978407,-7.309793373018923,-7.862960152992269,-9.530644485661165,-6.4496640956720315,-6.478909096531666,-8.239944470863927,-5.872712928561683
1.7656384798525866,-3.70303604923078,-3.37933117319633,-10.089017837278293,-4.559075186074116,-1.7137663472185123,-7.092751626432912,-6.889368626325284,-6.906834934336618,-8.073445651502569,-6.513312204540417,-2.415270094554006,-6.861202988249949,-7.344186861412616,-5.740426717019012,-2.404308971432109,-5.476309604593589,-4.675010585578708,-4.859528073507325,-7.374853670958793,-6.5003080118177605,-4.827359883182981,-4.4598642555198715,-5.338768416780674,-8.455758082323687,-5.479976445055656,-5.285361608006697,-6.186042692405099,-8.494472146971598,-1.0291967367760886,-5.6981105850433735,-2.992458185236882,-7.944542711704046,-5.350034169583104,-8.947449468461153,-4.473449510932189,-7.461804249530671,-7.768654726136275,-4.997994549572673,-8.058413264015796,-6.766563621684233,-6.380507919592649,-4.839734602483573,-8.39246914773137,-8.121948448713532,-6.277488818148702,-5.641520479899683,-2.852094967035928,-3.4366656647674265,-8.901857241555058,-1.9296495228752797,-7.241891774310357,-5.8611242383591255,-7.757104957537486,-4.772139871178643,-3.570923764884272,-7.724988355294944,-4.826411040029888,-4.855432022733258,-6.909530289153983,-6.327825608991558,-7.2572701593359845,-4.795366342664049,-1.3833352358337008,-5.707362385308561,-6.943189152542156,-2.8569010612948924,-6.510031996085259,-6.5004894910377455,-6.171405648548337,-5.102588760131294,-1.1590847110337026,-6.982582790803834,-2.994541666477021,-2.0884347897055893,-1.7812596190267551,-9.100140471739449,-5.918329231759305,-6.558553531862201,-6.341355618330054,-7.596284219802532,-5.431350962882569,-7.165411232293371,-5.882780779189132,-7.827177040461963,-3.7461383801327006,-9.220857987435124,-3.221492175542344,-7.348732415747423,-2.785046599669598,-3.7473969412821484,-2.2404696174601826,-6.210208774743867,-8.187685659425362,-6.290573904979665,-7.3024525786584205,-7.854335320306765,-9.529112434588143,-6.440295265950757,-6.468059778891109,-8.231508151201705,-5.857041843501978
1.7700007067304113,-2.85131886631682,-3.3597655330706484,-10.085002797922431,-4.5478288479317275,-1.6897337757908877,-7.084462287627537,-6.87863732757335,-6.897571330155408,-8.065763431652341,-6.501549947619067,-2.393518810747173,-6.851602844413164,-7.339087510495377,-5.726773066423487,-2.3842012541098345,-5.4608862971114025,-4.6611848770221025,-4.841615464415254,-7.366828296346725,-6.488320263354789,-4.813913300192169,-4.443099347229382,-5.322729580570512,-8.44556342568917,-5.466684079808643,-5.269449016278173,-6.171086079760171,-8.488075414085287,-1.0075188648789657,-5.688635605671883,-2.9726037442151627,-7.939108649415964,-5.3360999341023145,-8.943459522329409,-4.454489950943512,-7.452360768203295,-7.762077975932207,-4.984950228057796,-8.0488818351156,-6.757103920491004,-6.368200268613657,-4.8239749801644205,-8.381887271532214,-8.11687916527471,-6.2660429784692155,-5.627738637564998,-2.83245778583335,-3.4165360166996255,-8.899066041526266,-1.9080298216373548,-7.2279180476642715,-5.847699069802245,-7.752550632270763,-4.759666956557742,-3.5494684027699765,-7.720169364499046,-4.808294965326332,-4.837202757816266,-6.89705055142967,-6.316844341703712,-7.247787488435923,-4.7831574467943625,-1.3592371935605208,-5.692481413473783,-6.933123369450684,-2.835183021212063,-6.502509278294478,-6.4907987095396065,-6.157370248283428,-5.085602972561247,-1.1344498181760017,-6.970664170721112,-2.974575713770803,-2.066946397572773,-1.7559383947379237,-9.09352776216985,-5.904079890802896,-6.54854486873948,-6.334626208737574,-7.585210339025679,-5.418938075702205,-7.150423024362101,-5.870719109948742,-7.820349816371852,-3.726108260330296,-9.219650659699854,-3.204036428038659,-7.337023928417084,-2.765141006060494,-3.7288984633357165,-2.21744770279788,-6.200408541663793,-8.180317353137164,-6.281747049980911,-7.295111784297956,-7.845710487621224,-9.527580383515103,-6.430926436229458,-6.457210461250546,-8.223071831539446,-5.841370758442293
