name: vip
channels:
  - anaconda
  - conda-forge
  - defaults
dependencies:
  - _libgcc_mutex=0.1=main
  - _tflow_select=2.1.0=gpu
  - absl-py=0.8.1=py27_0
  - astor=0.8.0=py27_0
  - backports=1.0=py_2
  - backports.functools_lru_cache=1.6.1=py_0
  - backports.weakref=1.0.post1=py_1
  - backports_abc=0.5=py_1
  - blas=1.0=openblas
  - bleach=1.5.0=py27_0
  - c-ares=1.15.0=h7b6447c_1001
  - ca-certificates=2020.12.5=ha878542_0
  - certifi=2016.9.26=py27_0
  - cudatoolkit=10.0.130=0
  - cudnn=7.6.4=cuda10.0_0
  - cupti=10.0.130=0
  - cycler=0.10.0=py_2
  - dbus=1.13.6=hfdff14a_1
  - enum34=1.1.6=py27_1
  - expat=2.2.9=he1b5a44_2
  - fastcache=1.1.0=py27h7b6447c_0
  - fontconfig=2.13.1=he4413a7_1000
  - freetype=2.10.4=h7ca028e_0
  - funcsigs=1.0.2=py27_0
  - functools32=3.2.3.2=py_3
  - future=0.18.2=py27_0
  - futures=3.3.0=py27_0
  - gast=0.2.2=py27_0
  - gettext=0.19.8.1=hf34092f_1004
  - glib=2.66.3=h58526e2_0
  - gmp=6.1.2=hb3b607b_0
  - gmpy2=2.0.8=py27h10f8cd9_2
  - google-pasta=0.1.8=py_0
  - grpcio=1.23.0=py27he9ae1f9_0
  - gst-plugins-base=1.14.5=h0935bb2_2
  - gstreamer=1.14.5=h36ae1b5_2
  - h5py=2.9.0=py27h7918eee_0
  - hdf5=1.10.4=hb1b8bf9_0
  - html5lib=0.9999999=py27_0
  - icu=58.2=hf484d3e_1000
  - intel-openmp=2019.4=243
  - jpeg=9d=h36c2ea0_0
  - keras-applications=1.0.8=py_0
  - keras-preprocessing=1.1.0=py_1
  - kiwisolver=1.1.0=py27hc9558a2_0
  - libblas=3.8.0=8_h6e990d7_netlib
  - libcblas=3.8.0=8_h6e990d7_netlib
  - libedit=3.1.20181209=hc058e9b_0
  - libffi=3.2.1=he1b5a44_1007
  - libgcc-ng=9.1.0=hdf63c60_0
  - libgfortran-ng=7.3.0=hdf63c60_0
  - libglib=2.66.3=hbe7bbb4_0
  - libiconv=1.16=h516909a_0
  - liblapack=3.8.0=8_h6e990d7_netlib
  - libopenblas=0.2.20=h9ac9557_7
  - libpng=1.6.37=h21135ba_2
  - libprotobuf=3.10.1=hd408876_0
  - libstdcxx-ng=9.1.0=hdf63c60_0
  - libuuid=2.32.1=h14c3975_1000
  - libxcb=1.13=h14c3975_1002
  - libxml2=2.9.9=h13577e0_2
  - linecache2=1.0.0=py27_0
  - markdown=3.1.1=py27_0
  - matplotlib=2.2.3=py27hb69df0a_0
  - mkl=2019.4=243
  - mkl-service=2.3.0=py27he904b0f_0
  - mkl_fft=1.1.0=py27hc1659b7_1
  - mkl_random=1.1.0=py27hd6b4f25_0
  - mock=2.0.0=py27_0
  - mpc=1.1.0=h10f8cd9_1
  - mpfr=4.0.2=hb69a4c5_1
  - mpmath=1.1.0=py27_0
  - ncurses=6.1=he6710b0_1
  - numpy=1.16.5=py27h95a1406_0
  - numpy-base=1.14.3=py27h2b20989_0
  - openblas=0.3.4=h9ac9557_1000
  - openssl=1.1.1i=h27cfd23_0
  - opt_einsum=2.3.2=py_0
  - pbr=5.4.3=py_0
  - pcre=8.44=he1b5a44_0
  - pip=19.3.1=py27_0
  - protobuf=3.10.1=py27he6710b0_0
  - pthread-stubs=0.4=h36c2ea0_1001
  - pyparsing=2.4.7=pyh9f0ad1d_0
  - pyqt=5.9.2=py27hcca6a23_4
  - python=2.7.17=h9bab390_0
  - python-dateutil=2.8.1=py_0
  - python_abi=2.7=1_cp27mu
  - pytz=2020.1=pyh9f0ad1d_0
  - qt=5.9.7=h52cfd70_2
  - readline=7.0=h7b6447c_5
  - scikit-learn=0.19.0=py27_nomklh0ffebdf_2
  - scipy=1.2.1=py27h921218d_2
  - setuptools=41.6.0=py27_0
  - singledispatch=3.4.0.3=pyh9f0ad1d_1001
  - sip=4.19.8=py27hf484d3e_1000
  - six=1.13.0=py27_0
  - sqlite=3.30.1=h7b6447c_0
  - subprocess32=3.5.4=py27h516909a_0
  - sympy=1.5.1=py27h8c360ce_3
  - tensorboard=0.4.0rc3=py27_2
  - tensorflow=1.4.0=py27_0
  - tensorflow-base=1.15.0=gpu_py27hf473bbb_0
  - tensorflow-estimator=1.15.1=pyh2649769_0
  - termcolor=1.1.0=py27_1
  - tk=8.6.8=hbc83047_0
  - tornado=5.1.1=py27h14c3975_1000
  - traceback2=1.4.0=py27_0
  - unittest2=1.1.0=py27_0
  - webencodings=0.5.1=py27_1
  - werkzeug=0.16.0=py_0
  - wheel=0.33.6=py27_0
  - wrapt=1.11.2=py27h7b6447c_0
  - xorg-libxau=1.0.9=h14c3975_0
  - xorg-libxdmcp=1.1.3=h516909a_0
  - xz=5.2.5=h516909a_1
  - zlib=1.2.11=h7b6447c_3
prefix: /home/simon/anaconda3/envs/vip
